		Temp	Hi	Low	Out	Dew	Wind	Wind	Wind	Hi	Hi	Wind	Heat	THW	THSW			Rain	Solar	Solar	Hi Solar	UV 	UV 	Hi 	Heat	Cool	In 	In	In 	In 	In 	In Air		Wind	Wind	ISS 	Arc.
Date	Time	Out	Temp	Temp	Hum	Pt.	Speed	Dir	Run	Speed	Dir	Chill	Index	Index	Index	Bar  	Rain	Rate	Rad.	Energy	Rad. 	Index	Dose	UV 	D-D 	D-D 	Temp	Hum	Dew	Heat	EMC	Density	ET 	Samp	Tx 	Recept	Int.
24/06/19	12:00 a	26.3	26.3	26.3	96	25.6	0.9	NE	0.27	1.8	NE	26.3	30.6	30.6	30.1	1012.6	0.00	0.0	0	0.00	0	0.0	0.00	0.0	0.000	0.028	29.2	80	25.4	35.6	15.77	1.1299	0.00	117	1	100.0	5
24/06/19	12:05 a	26.3	26.3	26.3	96	25.6	0.9	ENE	0.27	1.3	ENE	26.3	30.7	30.7	30.2	1012.5	0.00	0.0	0	0.00	0	0.0	0.00	0.0	0.000	0.028	29.2	80	25.4	35.4	15.77	1.1301	0.00	116	1	100.0	5
24/06/19	12:10 a	26.4	26.4	26.3	95	25.5	0.9	E	0.27	1.3	E	26.4	30.7	30.7	30.1	1012.4	0.00	0.0	0	0.00	0	0.0	0.00	0.0	0.000	0.028	29.2	80	25.4	35.4	15.77	1.1300	0.00	117	1	100.0	5
24/06/19	12:15 a	26.3	26.4	26.3	95	25.5	0.4	NNE	0.13	0.9	NE	26.3	30.5	30.5	29.9	1012.2	0.00	0.0	0	0.00	0	0.0	0.00	0.0	0.000	0.028	29.2	80	25.4	35.4	15.77	1.1297	0.00	117	1	100.0	5
24/06/19	12:20 a	26.3	26.3	26.3	95	25.4	0.0	NNE	0.00	0.9	NNE	26.3	30.4	30.4	29.8	1012.1	0.00	0.0	0	0.00	0	0.0	0.00	0.0	0.000	0.028	29.2	80	25.4	35.4	15.77	1.1296	0.00	115	1	100.0	5
24/06/19	12:25 a	26.3	26.3	26.3	95	25.4	0.0	NNE	0.00	0.4	NNE	26.3	30.4	30.4	29.8	1012.2	0.00	0.0	0	0.00	0	0.0	0.00	0.0	0.000	0.028	29.2	80	25.4	35.4	15.77	1.1298	0.00	114	1	100.0	5
24/06/19	12:30 a	26.3	26.3	26.3	95	25.5	0.4	NNE	0.13	0.9	NNE	26.3	30.5	30.5	29.9	1012.3	0.00	0.0	0	0.00	0	0.0	0.00	0.0	0.000	0.028	29.1	80	25.3	35.2	15.77	1.1302	0.00	116	1	100.0	5
24/06/19	12:35 a	26.3	26.4	26.3	95	25.5	0.4	NNE	0.13	0.9	NNE	26.3	30.5	30.5	29.9	1012.2	0.00	0.0	0	0.00	0	0.0	0.00	0.0	0.000	0.028	29.1	80	25.3	35.2	15.77	1.1301	0.00	117	1	100.0	5
24/06/19	12:40 a	26.3	26.3	26.3	95	25.5	0.4	NNE	0.13	0.9	NNE	26.3	30.5	30.5	29.9	1012.2	0.00	0.0	0	0.00	0	0.0	0.00	0.0	0.000	0.028	29.1	80	25.3	35.2	15.77	1.1300	0.00	117	1	100.0	5
24/06/19	12:45 a	26.3	26.3	26.3	95	25.5	0.0	---	0.00	0.0	---	26.3	30.5	30.5	29.9	1012.2	0.00	0.0	0	0.00	0	0.0	0.00	0.0	0.000	0.028	29.1	80	25.3	35.2	15.77	1.1301	0.00	117	1	100.0	5
24/06/19	12:50 a	26.3	26.3	26.3	95	25.5	0.0	---	0.00	0.0	---	26.3	30.5	30.5	29.9	1012.1	0.00	0.0	0	0.00	0	0.0	0.00	0.0	0.000	0.028	29.1	80	25.3	35.1	15.78	1.1303	0.00	116	1	100.0	5
24/06/19	12:55 a	26.3	26.3	26.3	95	25.5	0.0	NNE	0.00	0.4	NNE	26.3	30.5	30.5	29.9	1012.2	0.00	0.0	0	0.00	0	0.0	0.00	0.0	0.000	0.028	29.1	80	25.3	35.1	15.78	1.1304	0.00	114	1	100.0	5
24/06/19	1:00 a	26.3	26.4	26.3	95	25.5	0.0	NNE	0.00	0.4	NNE	26.3	30.5	30.5	29.9	1012.2	0.00	0.0	0	0.00	0	0.0	0.00	0.0	0.000	0.028	29.1	80	25.3	35.1	15.78	1.1304	0.00	114	1	100.0	5
24/06/19	1:05 a	26.3	26.3	26.3	95	25.4	0.4	NNE	0.13	0.9	NNE	26.3	30.4	30.4	29.8	1012.3	0.00	0.0	0	0.00	0	0.0	0.00	0.0	0.000	0.028	29.1	80	25.3	35.1	15.78	1.1305	0.00	117	1	100.0	5
24/06/19	1:10 a	26.3	26.3	26.2	96	25.6	0.4	NNE	0.13	0.9	NNE	26.3	30.6	30.6	30.1	1012.2	0.00	0.0	0	0.00	0	0.0	0.00	0.0	0.000	0.028	29.1	80	25.3	35.1	15.78	1.1304	0.00	117	1	100.0	5
24/06/19	1:15 a	26.3	26.3	26.3	96	25.6	0.0	W	0.00	0.4	W	26.3	30.7	30.7	30.2	1012.1	0.00	0.0	0	0.00	0	0.0	0.00	0.0	0.000	0.028	29.1	80	25.3	35.1	15.78	1.1303	0.00	117	1	100.0	5
24/06/19	1:20 a	26.3	26.4	26.3	96	25.6	0.0	---	0.00	0.0	---	26.3	30.7	30.7	30.2	1012.1	0.00	0.0	0	0.00	0	0.0	0.00	0.0	0.000	0.028	29.1	80	25.3	35.1	15.78	1.1303	0.00	117	1	100.0	5
24/06/19	1:25 a	26.4	26.4	26.3	96	25.8	0.4	W	0.13	1.8	W	26.4	30.9	30.9	30.4	1011.9	0.00	0.0	0	0.00	0	0.0	0.00	0.0	0.000	0.028	29.1	80	25.3	35.1	15.78	1.1301	0.00	117	1	100.0	5
24/06/19	1:30 a	26.5	26.6	26.4	95	25.6	0.9	WSW	0.27	2.2	WNW	26.5	30.9	30.9	30.4	1011.9	0.00	0.0	0	0.00	0	0.0	0.00	0.0	0.000	0.028	29.0	80	25.2	34.9	15.78	1.1303	0.00	114	1	100.0	5
24/06/19	1:35 a	26.6	26.6	26.5	95	25.7	1.3	SW	0.40	2.7	W	26.6	31.2	31.2	30.7	1011.9	0.00	0.0	0	0.00	0	0.0	0.00	0.0	0.000	0.029	29.0	80	25.2	34.9	15.78	1.1303	0.00	114	1	100.0	5
24/06/19	1:40 a	26.6	26.7	26.6	94	25.6	0.9	SW	0.27	3.1	WSW	26.6	31.1	31.1	30.6	1011.8	0.00	0.0	0	0.00	0	0.0	0.00	0.0	0.000	0.029	29.1	80	25.3	35.1	15.78	1.1300	0.00	118	1	100.0	5
24/06/19	1:45 a	26.4	26.6	26.4	93	25.2	0.9	SSW	0.27	1.8	WSW	26.4	30.5	30.5	29.9	1011.8	0.00	0.0	0	0.00	0	0.0	0.00	0.0	0.000	0.028	29.0	81	25.4	35.2	16.18	1.1298	0.00	117	1	100.0	5
24/06/19	1:50 a	26.4	26.5	26.4	93	25.2	0.9	SSW	0.27	2.2	SW	26.4	30.5	30.5	29.9	1011.7	0.00	0.0	0	0.00	0	0.0	0.00	0.0	0.000	0.028	28.9	81	25.4	35.0	16.19	1.1300	0.00	117	1	100.0	5
24/06/19	1:55 a	26.4	26.4	26.4	93	25.2	0.9	SSW	0.27	2.2	SSW	26.4	30.5	30.5	29.9	1011.8	0.00	0.0	0	0.00	0	0.0	0.00	0.0	0.000	0.028	28.9	81	25.4	35.0	16.19	1.1301	0.00	117	1	100.0	5
24/06/19	2:00 a	26.3	26.4	26.3	93	25.1	0.9	SW	0.27	3.6	S	26.3	30.1	30.1	29.6	1011.7	0.00	0.0	0	0.00	0	0.0	0.00	0.0	0.000	0.028	28.9	81	25.4	35.0	16.19	1.1300	0.00	117	1	100.0	5
24/06/19	2:05 a	26.0	26.3	26.0	93	24.8	1.8	S	0.54	3.6	SSW	26.0	29.4	29.4	28.9	1011.9	0.00	0.0	0	0.00	0	0.0	0.00	0.0	0.000	0.027	28.9	81	25.3	34.8	16.19	1.1306	0.00	114	1	100.0	5
24/06/19	2:10 a	25.7	26.0	25.7	93	24.5	1.3	S	0.40	3.1	SSW	25.7	28.8	28.8	28.2	1012.1	0.00	0.0	0	0.00	0	0.0	0.00	0.0	0.000	0.026	28.9	80	25.1	34.6	15.79	1.1312	0.00	115	1	100.0	5
24/06/19	2:15 a	25.4	25.7	25.4	92	24.0	2.2	SSE	0.67	5.4	S	25.4	27.9	27.9	27.3	1012.1	0.00	0.0	0	0.00	0	0.0	0.00	0.0	0.000	0.024	28.9	80	25.1	34.6	15.79	1.1313	0.00	117	1	100.0	5
24/06/19	2:20 a	24.9	25.3	24.9	93	23.7	1.8	S	0.54	4.5	SSW	24.9	27.2	27.2	26.6	1012.2	0.00	0.0	0	0.00	0	0.0	0.00	0.0	0.000	0.023	28.8	80	25.0	34.5	15.79	1.1317	0.00	117	1	100.0	5
24/06/19	2:25 a	24.7	24.9	24.7	93	23.5	1.3	SSE	0.40	3.1	SE	24.7	26.7	26.7	26.1	1012.1	0.00	0.0	0	0.00	0	0.0	0.00	0.0	0.000	0.022	28.8	79	24.8	34.1	15.47	1.1324	0.00	117	1	100.0	5
24/06/19	2:30 a	24.6	24.7	24.6	93	23.3	1.3	S	0.40	2.7	SSE	24.6	26.6	26.6	25.9	1012.0	0.00	0.0	0	0.00	0	0.0	0.00	0.0	0.000	0.022	28.7	79	24.7	34.0	15.48	1.1325	0.00	117	1	100.0	5
24/06/19	2:35 a	24.4	24.6	24.4	93	23.2	0.9	S	0.27	1.8	SE	24.4	26.3	26.3	25.7	1011.9	0.00	0.0	0	0.00	0	0.0	0.00	0.0	0.000	0.021	28.7	79	24.7	34.0	15.48	1.1325	0.00	117	1	100.0	5
24/06/19	2:40 a	24.4	24.4	24.4	93	23.2	0.4	SE	0.13	1.3	SE	24.4	26.3	26.3	25.6	1011.9	0.00	0.0	0	0.00	0	0.0	0.00	0.0	0.000	0.021	28.7	79	24.7	34.0	15.48	1.1325	0.00	114	1	100.0	5
24/06/19	2:45 a	24.4	24.4	24.3	93	23.2	0.9	SE	0.27	1.8	SE	24.4	26.3	26.3	25.6	1011.9	0.00	0.0	0	0.00	0	0.0	0.00	0.0	0.000	0.021	28.7	79	24.7	33.9	15.48	1.1328	0.00	115	1	100.0	5
24/06/19	2:50 a	24.4	24.4	24.3	93	23.2	0.4	SE	0.13	0.9	SE	24.4	26.3	26.3	25.6	1011.9	0.00	0.0	0	0.00	0	0.0	0.00	0.0	0.000	0.021	28.7	79	24.7	33.9	15.48	1.1328	0.00	117	1	100.0	5
24/06/19	2:55 a	24.4	24.4	24.4	93	23.2	0.9	ESE	0.27	1.3	E	24.4	26.3	26.3	25.6	1011.8	0.00	0.0	0	0.00	0	0.0	0.00	0.0	0.000	0.021	28.7	79	24.7	33.9	15.48	1.1327	0.00	117	1	100.0	5
24/06/19	3:00 a	24.4	24.4	24.4	93	23.2	0.4	ESE	0.13	1.3	ESE	24.4	26.3	26.3	25.6	1011.7	0.00	0.0	0	0.00	0	0.0	0.00	0.0	0.000	0.021	28.7	79	24.7	33.9	15.48	1.1326	0.00	117	1	100.0	5
24/06/19	3:05 a	24.4	24.4	24.4	93	23.2	0.4	SW	0.13	1.3	S	24.4	26.3	26.3	25.6	1011.5	0.00	0.0	0	0.00	0	0.0	0.00	0.0	0.000	0.021	28.7	79	24.7	33.9	15.48	1.1323	0.00	117	1	100.0	5
24/06/19	3:10 a	24.3	24.4	24.3	94	23.2	0.4	WSW	0.13	1.3	SW	24.3	26.2	26.2	25.5	1011.6	0.00	0.0	0	0.00	0	0.0	0.00	0.0	0.000	0.021	28.6	78	24.4	33.6	15.18	1.1332	0.00	117	1	100.0	5
24/06/19	3:15 a	24.3	24.3	24.2	94	23.2	0.4	E	0.13	1.3	E	24.3	26.2	26.2	25.5	1011.9	0.00	0.0	0	0.00	0	0.0	0.00	0.0	0.000	0.021	28.6	78	24.4	33.6	15.18	1.1336	0.00	114	1	100.0	5
24/06/19	3:20 a	24.3	24.3	24.3	93	23.1	0.0	E	0.00	0.4	E	24.3	26.2	26.2	25.5	1011.9	0.00	0.0	0	0.00	0	0.0	0.00	0.0	0.000	0.021	28.6	78	24.4	33.6	15.18	1.1336	0.00	114	1	100.0	5
24/06/19	3:25 a	24.3	24.3	24.3	93	23.1	0.4	ESE	0.13	0.9	ESE	24.3	26.1	26.1	25.4	1011.9	0.00	0.0	0	0.00	0	0.0	0.00	0.0	0.000	0.021	28.6	78	24.4	33.6	15.18	1.1335	0.00	117	1	100.0	5
24/06/19	3:30 a	24.3	24.3	24.3	93	23.1	0.4	SSE	0.13	1.3	SSE	24.3	26.2	26.2	25.5	1011.7	0.00	0.0	0	0.00	0	0.0	0.00	0.0	0.000	0.021	28.6	78	24.4	33.6	15.18	1.1334	0.00	117	1	100.0	5
24/06/19	3:35 a	24.3	24.3	24.2	93	23.1	0.4	SSW	0.13	1.3	SSW	24.3	26.1	26.1	25.4	1011.9	0.00	0.0	0	0.00	0	0.0	0.00	0.0	0.000	0.021	28.6	78	24.3	33.4	15.18	1.1338	0.00	117	1	100.0	5
24/06/19	3:40 a	24.4	24.4	24.2	94	23.4	0.4	S	0.13	0.9	SSW	24.4	26.3	26.3	25.7	1012.0	0.00	0.0	0	0.00	0	0.0	0.00	0.0	0.000	0.021	28.6	78	24.3	33.4	15.18	1.1340	0.00	117	1	100.0	5
24/06/19	3:45 a	24.3	24.4	24.3	93	23.1	0.4	S	0.13	1.3	S	24.3	26.2	26.2	25.5	1012.1	0.00	0.0	0	0.00	0	0.0	0.00	0.0	0.000	0.021	28.6	78	24.3	33.4	15.18	1.1341	0.00	117	1	100.0	5
24/06/19	3:50 a	24.3	24.4	24.3	93	23.1	0.4	S	0.13	1.8	SW	24.3	26.2	26.2	25.5	1012.2	0.00	0.0	0	0.00	0	0.0	0.00	0.0	0.000	0.021	28.6	78	24.3	33.4	15.18	1.1342	0.00	116	1	100.0	5
24/06/19	3:55 a	24.3	24.4	24.3	93	23.1	0.4	S	0.13	1.8	S	24.3	26.1	26.1	25.4	1012.2	0.00	0.0	0	0.00	0	0.0	0.00	0.0	0.000	0.021	28.5	78	24.3	33.3	15.18	1.1345	0.00	114	1	100.0	5
24/06/19	4:00 a	24.3	24.3	24.3	93	23.1	0.4	SSE	0.13	0.9	SSE	24.3	26.2	26.2	25.5	1012.1	0.00	0.0	0	0.00	0	0.0	0.00	0.0	0.000	0.021	28.5	78	24.3	33.3	15.18	1.1344	0.00	117	1	100.0	5
24/06/19	4:05 a	24.3	24.3	24.3	93	23.1	0.4	SSE	0.13	0.9	SSE	24.3	26.1	26.1	25.4	1012.0	0.00	0.0	0	0.00	0	0.0	0.00	0.0	0.000	0.021	28.5	78	24.3	33.3	15.18	1.1344	0.00	117	1	100.0	5
24/06/19	4:10 a	24.3	24.3	24.3	93	23.1	0.0	SSE	0.00	0.4	SSE	24.3	26.2	26.2	25.5	1012.1	0.00	0.0	0	0.00	0	0.0	0.00	0.0	0.000	0.021	28.4	78	24.2	33.1	15.19	1.1348	0.00	117	1	100.0	5
24/06/19	4:15 a	24.3	24.3	24.3	93	23.1	0.4	S	0.13	0.9	S	24.3	26.1	26.1	25.4	1012.2	0.00	0.0	0	0.00	0	0.0	0.00	0.0	0.000	0.021	28.4	77	24.0	32.9	14.89	1.1353	0.00	117	1	100.0	5
24/06/19	4:20 a	24.2	24.3	24.2	94	23.2	0.0	S	0.00	0.9	S	24.2	26.1	26.1	25.4	1012.3	0.00	0.0	0	0.00	0	0.0	0.00	0.0	0.000	0.020	28.4	77	24.0	32.9	14.89	1.1354	0.00	117	1	100.0	5
24/06/19	4:25 a	24.3	24.3	24.2	93	23.1	0.4	S	0.13	0.9	S	24.3	26.1	26.1	25.4	1012.3	0.00	0.0	0	0.00	0	0.0	0.00	0.0	0.000	0.021	28.4	77	24.0	32.9	14.89	1.1355	0.00	114	1	100.0	5
24/06/19	4:30 a	24.3	24.4	24.3	93	23.1	0.0	S	0.00	0.9	S	24.3	26.2	26.2	25.5	1012.4	0.00	0.0	0	0.00	0	0.0	0.00	0.0	0.000	0.021	28.4	77	24.0	32.9	14.89	1.1356	0.00	114	1	100.0	5
24/06/19	4:35 a	24.3	24.3	24.3	93	23.1	0.4	SW	0.13	0.9	S	24.3	26.1	26.1	25.4	1012.4	0.00	0.0	0	0.00	0	0.0	0.00	0.0	0.000	0.021	28.4	77	24.0	32.8	14.89	1.1359	0.00	117	1	100.0	5
24/06/19	4:40 a	24.2	24.3	24.2	94	23.1	0.4	WSW	0.13	1.3	WSW	24.2	26.1	26.1	25.4	1012.3	0.00	0.0	0	0.00	0	0.0	0.00	0.0	0.000	0.020	28.4	77	24.0	32.8	14.89	1.1357	0.00	117	1	100.0	5
24/06/19	4:45 a	24.2	24.2	24.2	93	23.0	0.4	SW	0.13	1.3	SW	24.2	26.1	26.1	25.4	1012.2	0.00	0.0	0	0.00	0	0.0	0.00	0.0	0.000	0.020	28.4	77	24.0	32.8	14.89	1.1356	0.00	116	1	100.0	5
24/06/19	4:50 a	24.3	24.3	24.2	93	23.1	0.4	SW	0.13	1.3	S	24.3	26.1	26.1	25.4	1012.3	0.00	0.0	0	0.00	0	0.0	0.00	0.0	0.000	0.021	28.4	77	24.0	32.8	14.89	1.1357	0.00	116	1	100.0	5
24/06/19	4:55 a	24.3	24.3	24.3	93	23.1	0.4	SW	0.13	0.9	SW	24.3	26.2	26.2	25.5	1012.2	0.00	0.0	0	0.00	0	0.0	0.00	0.0	0.000	0.021	28.4	77	24.0	32.8	14.89	1.1356	0.00	118	1	100.0	5
24/06/19	5:00 a	24.4	24.4	24.3	93	23.2	0.4	SW	0.13	0.9	SW	24.4	26.3	26.3	25.7	1012.2	0.00	0.0	0	0.00	0	0.0	0.00	0.0	0.000	0.021	28.3	77	23.9	32.7	14.89	1.1359	0.00	115	1	100.0	5
24/06/19	5:05 a	24.6	24.6	24.4	92	23.2	0.4	SW	0.13	1.3	SW	24.6	26.4	26.4	25.8	1012.3	0.00	0.0	0	0.00	0	0.0	0.00	0.0	0.000	0.022	28.3	77	23.9	32.7	14.89	1.1360	0.00	114	1	100.0	5
24/06/19	5:10 a	24.6	24.6	24.5	93	23.3	0.4	SSW	0.13	0.9	SSW	24.6	26.6	26.6	25.9	1012.2	0.00	0.0	0	0.00	0	0.0	0.00	0.0	0.000	0.022	28.3	77	23.9	32.7	14.89	1.1359	0.00	116	1	100.0	5
24/06/19	5:15 a	24.5	24.6	24.4	93	23.3	0.4	SSE	0.13	1.3	SSE	24.5	26.4	26.4	25.8	1012.2	0.00	0.0	0	0.00	0	0.0	0.00	0.0	0.000	0.021	28.3	77	23.9	32.7	14.89	1.1360	0.00	117	1	100.0	5
24/06/19	5:20 a	24.4	24.5	24.4	93	23.2	0.4	SSE	0.13	0.9	SSE	24.4	26.3	26.3	25.7	1012.2	0.00	0.0	0	0.00	0	0.0	0.00	0.0	0.000	0.021	28.3	77	23.9	32.7	14.89	1.1360	0.00	117	1	100.0	5
24/06/19	5:25 a	24.4	24.5	24.4	93	23.2	0.4	SSE	0.13	0.9	SE	24.4	26.3	26.3	25.7	1012.3	0.00	0.0	0	0.00	0	0.0	0.00	0.0	0.000	0.021	28.3	77	23.9	32.6	14.89	1.1364	0.00	117	1	100.0	5
24/06/19	5:30 a	24.4	24.4	24.4	93	23.2	0.4	SE	0.13	0.9	SE	24.4	26.3	26.3	25.6	1012.2	0.00	0.0	0	0.00	0	0.0	0.00	0.0	0.000	0.021	28.3	77	23.9	32.6	14.89	1.1363	0.00	117	1	100.0	5
24/06/19	5:35 a	24.4	24.4	24.3	94	23.4	0.4	ESE	0.13	1.3	ESE	24.4	26.3	26.3	25.7	1012.3	0.00	0.0	0	0.00	0	0.0	0.00	0.0	0.000	0.021	28.3	77	23.9	32.7	14.89	1.1360	0.00	115	1	100.0	5
24/06/19	5:40 a	24.3	24.4	24.3	94	23.2	0.4	SSE	0.13	0.9	SE	24.3	26.2	26.2	25.5	1012.3	0.00	0.0	0	0.00	0	0.0	0.00	0.0	0.000	0.021	28.3	77	23.9	32.6	14.89	1.1364	0.00	114	1	100.0	5
24/06/19	5:45 a	24.3	24.3	24.2	94	23.2	0.4	SE	0.13	0.9	SE	24.3	26.2	26.2	25.5	1012.3	0.00	0.0	0	0.00	0	0.0	0.00	0.0	0.000	0.021	28.3	77	23.9	32.6	14.89	1.1364	0.00	117	1	100.0	5
24/06/19	5:50 a	24.2	24.3	24.2	94	23.2	0.4	SE	0.13	0.9	SE	24.2	26.1	26.1	25.4	1012.4	0.00	0.0	0	0.00	0	0.0	0.00	0.0	0.000	0.020	28.3	77	23.9	32.6	14.89	1.1365	0.00	116	1	100.0	5
24/06/19	5:55 a	24.2	24.2	24.2	94	23.2	0.4	SSE	0.13	0.9	SSE	24.2	26.1	26.1	25.4	1012.4	0.00	0.0	0	0.00	0	0.0	0.00	0.0	0.000	0.020	28.2	77	23.8	32.4	14.89	1.1368	0.00	117	1	100.0	5
24/06/19	6:00 a	24.2	24.2	24.2	94	23.1	0.4	SSE	0.13	0.9	SSE	24.2	26.1	26.1	25.4	1012.4	0.00	0.0	3	0.02	5	0.0	0.00	0.0	0.000	0.020	28.2	77	23.8	32.4	14.89	1.1368	0.00	118	1	100.0	5
24/06/19	6:05 a	24.2	24.2	24.2	94	23.1	0.4	S	0.13	1.3	SSE	24.2	26.1	26.1	25.6	1012.3	0.00	0.0	10	0.07	12	0.0	0.00	0.0	0.000	0.020	28.2	77	23.8	32.4	14.89	1.1367	0.00	117	1	100.0	5
24/06/19	6:10 a	24.2	24.2	24.2	93	23.0	0.4	S	0.13	1.3	SE	24.2	26.1	26.1	25.6	1012.6	0.00	0.0	12	0.09	12	0.0	0.00	0.0	0.000	0.020	28.2	77	23.8	32.4	14.89	1.1370	0.00	115	1	100.0	5
24/06/19	6:15 a	24.2	24.2	24.2	94	23.2	0.4	SE	0.13	1.3	SE	24.2	26.1	26.1	25.7	1012.7	0.00	0.0	13	0.09	14	0.0	0.00	0.0	0.000	0.020	28.2	77	23.8	32.4	14.89	1.1372	0.00	113	1	99.1	5
24/06/19	6:20 a	24.3	24.3	24.2	93	23.1	0.9	SSE	0.27	1.8	S	24.3	26.2	26.2	25.8	1012.9	0.00	0.0	17	0.12	19	0.0	0.00	0.0	0.000	0.021	28.2	77	23.8	32.4	14.89	1.1374	0.00	115	1	100.0	5
24/06/19	6:25 a	24.3	24.3	24.3	93	23.1	0.4	SSE	0.13	1.3	SSE	24.3	26.2	26.2	25.8	1012.9	0.00	0.0	21	0.15	23	0.0	0.00	0.0	0.000	0.021	28.2	77	23.8	32.4	14.89	1.1375	0.00	116	1	100.0	5
24/06/19	6:30 a	24.4	24.4	24.3	93	23.2	0.4	SE	0.13	1.8	SSE	24.4	26.3	26.3	25.9	1013.0	0.00	0.0	25	0.18	26	0.0	0.00	0.0	0.000	0.021	28.2	77	23.8	32.4	14.89	1.1376	0.00	117	1	100.0	5
24/06/19	6:35 a	24.4	24.4	24.4	93	23.2	0.4	SE	0.13	1.8	SSE	24.4	26.3	26.3	26.1	1013.1	0.00	0.0	29	0.21	30	0.0	0.00	0.0	0.000	0.021	28.2	77	23.8	32.4	14.89	1.1376	0.00	117	1	100.0	5
24/06/19	6:40 a	24.5	24.5	24.4	93	23.3	0.4	SSE	0.13	0.9	SE	24.5	26.4	26.4	26.3	1013.1	0.00	0.0	36	0.26	42	0.0	0.00	0.0	0.000	0.021	28.2	77	23.8	32.3	14.90	1.1380	0.00	117	1	100.0	5
24/06/19	6:45 a	24.4	24.5	24.4	93	23.2	0.4	S	0.13	1.8	SSE	24.4	26.3	26.3	26.3	1013.1	0.00	0.0	50	0.36	56	0.0	0.00	0.0	0.000	0.021	28.2	77	23.8	32.3	14.90	1.1379	0.00	115	1	100.0	5
24/06/19	6:50 a	24.6	24.6	24.4	93	23.3	0.4	SSE	0.13	2.2	S	24.6	26.6	26.6	26.8	1013.3	0.00	0.0	62	0.44	63	0.0	0.00	0.0	0.000	0.022	28.2	77	23.8	32.3	14.90	1.1382	0.00	114	1	100.0	5
24/06/19	6:55 a	24.7	24.7	24.6	93	23.5	0.4	SE	0.13	1.3	SE	24.7	26.7	26.7	26.9	1013.3	0.00	0.0	58	0.42	60	0.0	0.00	0.0	0.000	0.022	28.2	77	23.8	32.3	14.90	1.1382	0.00	116	1	100.0	5
24/06/19	7:00 a	24.7	24.7	24.7	93	23.5	0.4	SE	0.13	1.3	SE	24.7	26.7	26.7	26.8	1013.5	0.00	0.0	54	0.39	56	0.0	0.00	0.0	0.000	0.022	28.2	77	23.8	32.3	14.90	1.1385	0.03	117	1	100.0	5
24/06/19	7:05 a	24.7	24.7	24.7	93	23.5	0.4	SSE	0.13	0.9	SE	24.7	26.8	26.8	26.8	1013.6	0.00	0.0	45	0.32	47	0.0	0.00	0.0	0.000	0.022	28.2	77	23.8	32.3	14.90	1.1385	0.00	118	1	100.0	5
24/06/19	7:10 a	24.8	24.8	24.7	93	23.6	0.4	ESE	0.13	1.3	SE	24.8	26.9	26.9	26.9	1013.7	0.00	0.0	47	0.34	53	0.0	0.00	0.0	0.000	0.022	28.2	77	23.8	32.3	14.90	1.1386	0.00	117	1	100.0	5
24/06/19	7:15 a	24.9	24.9	24.8	93	23.7	0.9	SE	0.27	1.3	ESE	24.9	27.1	27.1	27.4	1013.8	0.00	0.0	69	0.49	79	0.0	0.00	0.0	0.000	0.023	28.2	77	23.8	32.3	14.90	1.1387	0.00	117	1	100.0	5
24/06/19	7:20 a	25.0	25.1	24.9	93	23.8	0.9	ESE	0.27	1.3	ESE	25.0	27.3	27.3	27.8	1013.8	0.00	0.0	83	0.59	84	0.0	0.00	0.0	0.000	0.023	28.2	77	23.8	32.3	14.90	1.1388	0.00	114	1	100.0	5
24/06/19	7:25 a	25.1	25.1	25.0	93	23.9	0.9	ESE	0.27	1.3	E	25.1	27.5	27.5	27.9	1014.1	0.00	0.0	78	0.56	81	0.0	0.00	0.0	0.000	0.024	28.2	77	23.8	32.3	14.90	1.1391	0.00	115	1	100.0	5
24/06/19	7:30 a	25.2	25.2	25.1	92	23.8	0.9	ESE	0.27	1.3	ESE	25.2	27.6	27.6	28.1	1014.2	0.00	0.0	86	0.62	91	0.2	0.01	0.5	0.000	0.024	28.2	77	23.8	32.3	14.90	1.1393	0.00	116	1	100.0	5
24/06/19	7:35 a	25.3	25.3	25.1	92	23.9	0.9	SSE	0.27	1.8	S	25.3	27.7	27.7	28.6	1014.2	0.00	0.0	111	0.80	130	0.6	0.02	0.7	0.000	0.024	28.2	77	23.8	32.3	14.90	1.1393	0.00	117	1	100.0	5
24/06/19	7:40 a	25.4	25.4	25.3	92	24.0	0.9	SE	0.27	2.2	SSE	25.4	27.9	27.9	29.5	1014.2	0.00	0.0	159	1.14	178	0.8	0.03	0.9	0.000	0.024	28.2	77	23.8	32.3	14.90	1.1392	0.00	117	1	100.0	5
24/06/19	7:45 a	25.6	25.6	25.4	92	24.2	0.9	SSE	0.27	2.2	SE	25.6	28.4	28.4	32.7	1014.3	0.00	0.0	202	1.45	221	1.0	0.04	1.1	0.000	0.025	28.2	77	23.8	32.3	14.90	1.1393	0.00	117	1	100.0	5
24/06/19	7:50 a	25.8	25.8	25.6	91	24.2	1.3	SE	0.40	3.6	SSE	25.8	28.7	28.7	33.7	1014.1	0.00	0.0	239	1.71	246	1.2	0.04	1.3	0.000	0.026	28.2	77	23.8	32.3	14.90	1.1391	0.00	117	1	100.0	5
24/06/19	7:55 a	26.1	26.1	25.8	91	24.5	0.4	E	0.13	1.8	SSE	26.1	29.3	29.3	33.6	1014.1	0.00	0.0	212	1.52	223	1.3	0.05	1.3	0.000	0.027	28.2	77	23.8	32.3	14.90	1.1391	0.00	114	1	100.0	5
24/06/19	8:00 a	26.0	26.0	25.9	91	24.4	0.9	SSE	0.27	2.2	S	26.0	29.2	29.2	33.4	1014.1	0.00	0.0	217	1.56	229	1.3	0.05	1.4	0.000	0.027	28.2	77	23.8	32.3	14.90	1.1391	0.08	113	1	99.1	5
24/06/19	8:05 a	26.1	26.1	26.0	90	24.3	0.9	SSE	0.27	2.2	SSE	26.1	29.2	29.2	33.8	1014.1	0.00	0.0	242	1.73	250	1.5	0.05	1.6	0.000	0.027	28.2	77	23.8	32.4	14.89	1.1388	0.00	116	1	100.0	5
24/06/19	8:10 a	26.1	26.1	26.1	90	24.3	1.3	S	0.40	3.1	S	26.1	29.2	29.2	34.1	1014.2	0.00	0.0	258	1.85	290	1.7	0.06	1.7	0.000	0.027	28.2	77	23.8	32.4	14.89	1.1389	0.00	118	1	100.0	5
24/06/19	8:15 a	26.2	26.2	26.1	90	24.4	0.9	SSE	0.27	2.2	SSE	26.2	29.4	29.4	33.7	1014.1	0.00	0.0	229	1.64	232	1.7	0.06	1.7	0.000	0.027	28.2	77	23.8	32.4	14.89	1.1388	0.00	117	1	100.0	5
24/06/19	8:20 a	26.3	26.3	26.2	90	24.6	0.4	SSW	0.13	1.8	SSW	26.3	29.8	29.8	34.1	1014.2	0.00	0.0	218	1.56	221	1.8	0.06	1.8	0.000	0.028	28.2	78	24.0	32.6	15.19	1.1385	0.00	116	1	100.0	5
24/06/19	8:25 a	26.3	26.3	26.3	90	24.5	1.3	SSE	0.40	2.7	SSE	26.3	29.7	29.7	33.9	1014.2	0.00	0.0	217	1.56	220	1.8	0.06	1.9	0.000	0.028	28.2	78	24.0	32.6	15.19	1.1385	0.00	117	1	100.0	5
24/06/19	8:30 a	26.4	26.4	26.3	90	24.6	1.3	SSW	0.40	2.2	SE	26.4	29.9	29.9	34.2	1014.4	0.00	0.0	226	1.62	248	1.9	0.07	1.9	0.000	0.028	28.3	78	24.1	32.7	15.19	1.1384	0.00	115	1	100.0	5
24/06/19	8:35 a	26.7	26.7	26.4	89	24.7	0.9	S	0.27	2.7	S	26.7	30.4	30.4	35.7	1014.5	0.00	0.0	300	2.15	352	2.2	0.08	2.3	0.000	0.029	28.3	78	24.1	32.7	15.19	1.1385	0.00	115	1	100.0	5
24/06/19	8:40 a	26.8	26.8	26.7	89	24.8	1.3	SSW	0.40	3.6	SSE	26.8	30.7	30.7	36.3	1014.4	0.00	0.0	352	2.52	374	2.7	0.10	2.8	0.000	0.029	28.3	78	24.1	32.7	15.19	1.1384	0.00	116	1	100.0	5
24/06/19	8:45 a	26.9	26.9	26.8	88	24.8	1.3	SSW	0.40	3.1	S	26.9	31.0	31.0	36.7	1014.5	0.00	0.0	352	2.52	353	2.9	0.10	2.9	0.000	0.030	28.3	78	24.1	32.9	15.19	1.1382	0.00	117	1	100.0	5
24/06/19	8:50 a	27.2	27.2	26.9	88	25.0	1.3	SSW	0.40	3.6	SSW	27.2	31.6	31.6	37.4	1014.6	0.00	0.0	374	2.68	397	3.0	0.11	3.1	0.000	0.031	28.3	78	24.1	32.9	15.19	1.1383	0.00	117	1	100.0	5
24/06/19	8:55 a	27.3	27.3	27.2	88	25.1	1.3	S	0.40	3.1	SSW	27.3	31.8	31.8	37.6	1014.7	0.00	0.0	354	2.54	374	3.0	0.11	3.0	0.000	0.031	28.3	78	24.1	32.9	15.19	1.1384	0.00	117	1	100.0	5
24/06/19	9:00 a	27.4	27.4	27.3	87	25.0	1.3	SW	0.40	4.5	SSE	27.4	32.0	32.0	37.2	1014.6	0.00	0.0	312	2.24	325	2.9	0.10	2.9	0.000	0.031	28.4	79	24.4	33.2	15.49	1.1376	0.18	117	1	100.0	5
24/06/19	9:05 a	27.4	27.4	27.3	87	25.0	1.8	SSW	0.54	3.6	S	27.4	32.0	32.0	36.6	1014.6	0.00	0.0	279	2.00	301	2.6	0.09	2.8	0.000	0.031	28.3	79	24.3	33.1	15.49	1.1379	0.00	114	1	100.0	5
24/06/19	9:10 a	27.4	27.4	27.3	88	25.2	1.3	SSW	0.40	4.0	S	27.4	32.2	32.2	36.3	1014.6	0.00	0.0	253	1.81	258	2.5	0.09	2.5	0.000	0.031	28.4	79	24.4	33.2	15.49	1.1375	0.00	114	1	100.0	5
24/06/19	9:15 a	27.4	27.4	27.3	87	25.0	1.8	S	0.54	3.6	SSE	27.4	32.0	32.0	35.8	1014.5	0.00	0.0	235	1.68	241	2.4	0.09	2.4	0.000	0.031	28.4	79	24.4	33.3	15.49	1.1371	0.00	116	1	100.0	5
24/06/19	9:20 a	27.3	27.4	27.3	86	24.8	1.8	S	0.54	4.0	S	27.3	31.7	31.7	35.3	1014.6	0.00	0.0	231	1.66	234	2.3	0.08	2.4	0.000	0.031	28.5	79	24.5	33.4	15.48	1.1369	0.00	117	1	100.0	5
24/06/19	9:25 a	27.4	27.4	27.3	87	25.0	1.3	SSW	0.40	3.1	SSW	27.4	32.0	32.0	35.8	1014.7	0.00	0.0	244	1.75	250	2.5	0.09	2.6	0.000	0.031	28.5	79	24.5	33.4	15.48	1.1370	0.00	117	1	100.0	5
24/06/19	9:30 a	27.4	27.4	27.4	86	24.9	1.3	SSW	0.40	3.6	S	27.4	32.0	32.0	35.8	1014.7	0.00	0.0	249	1.78	251	2.6	0.09	2.6	0.000	0.032	28.5	79	24.5	33.4	15.48	1.1370	0.00	117	1	100.0	5
24/06/19	9:35 a	27.4	27.4	27.4	87	25.1	1.3	SSW	0.40	2.7	S	27.4	32.2	32.2	35.9	1014.7	0.00	0.0	251	1.80	260	2.8	0.10	2.9	0.000	0.032	28.5	79	24.5	33.4	15.48	1.1370	0.00	117	1	100.0	5
24/06/19	9:40 a	27.5	27.5	27.4	87	25.1	1.3	SSW	0.40	3.1	SW	27.5	32.3	32.3	36.3	1014.8	0.00	0.0	274	1.96	279	3.0	0.11	3.1	0.000	0.032	28.5	79	24.5	33.4	15.48	1.1371	0.00	115	1	100.0	5
24/06/19	9:45 a	27.6	27.6	27.5	86	25.0	1.3	SSW	0.40	3.1	SSE	27.6	32.3	32.3	36.3	1014.8	0.00	0.0	273	1.96	279	3.1	0.11	3.1	0.000	0.032	28.6	79	24.6	33.6	15.48	1.1368	0.00	114	1	100.0	5
24/06/19	9:50 a	27.6	27.6	27.6	86	25.0	1.3	S	0.40	3.1	SSW	27.6	32.3	32.3	35.8	1014.8	0.00	0.0	248	1.78	255	2.9	0.10	3.0	0.000	0.032	28.6	79	24.6	33.6	15.48	1.1368	0.00	116	1	100.0	5
24/06/19	9:55 a	27.6	27.7	27.6	86	25.1	1.3	S	0.40	3.6	SSE	27.6	32.4	32.4	35.7	1014.8	0.00	0.0	231	1.66	251	2.7	0.10	2.9	0.000	0.032	28.6	79	24.6	33.7	15.48	1.1365	0.00	117	1	100.0	5
24/06/19	10:00 a	27.6	27.6	27.6	86	25.0	1.3	S	0.40	2.7	SE	27.6	32.3	32.3	35.6	1014.8	0.00	0.0	235	1.68	241	2.8	0.10	2.9	0.000	0.032	28.6	79	24.6	33.7	15.48	1.1365	0.18	117	1	100.0	5
24/06/19	10:05 a	27.5	27.6	27.5	86	24.9	1.3	S	0.40	2.7	S	27.5	32.2	32.2	35.5	1014.8	0.00	0.0	247	1.77	267	3.0	0.11	3.2	0.000	0.032	28.7	79	24.7	33.9	15.48	1.1361	0.00	117	1	100.0	5
24/06/19	10:10 a	27.7	27.7	27.6	86	25.1	0.9	SSW	0.27	2.7	SSW	27.7	32.6	32.6	36.3	1014.7	0.00	0.0	281	2.01	287	3.3	0.12	3.4	0.000	0.032	28.7	79	24.7	33.9	15.48	1.1361	0.00	117	1	100.0	5
24/06/19	10:15 a	27.7	27.7	27.6	86	25.2	1.3	S	0.40	2.7	S	27.7	32.7	32.7	36.9	1014.7	0.00	0.0	325	2.33	380	3.6	0.13	4.0	0.000	0.033	28.7	79	24.7	33.9	15.48	1.1360	0.00	115	1	100.0	5
24/06/19	10:20 a	27.8	27.9	27.8	85	25.1	1.3	SSW	0.40	2.7	SW	27.8	32.9	32.9	37.4	1014.7	0.00	0.0	350	2.51	364	4.0	0.14	4.1	0.000	0.033	28.7	79	24.7	34.0	15.48	1.1357	0.00	114	1	100.0	5
24/06/19	10:25 a	27.9	27.9	27.8	86	25.4	1.8	S	0.54	4.0	SSE	27.9	33.3	33.3	37.7	1014.6	0.00	0.0	340	2.44	367	4.0	0.14	4.1	0.000	0.033	28.7	79	24.7	34.0	15.48	1.1356	0.00	117	1	100.0	5
24/06/19	10:30 a	28.1	28.1	27.9	86	25.5	0.9	SSW	0.27	3.1	SSE	28.1	33.6	33.6	37.3	1014.7	0.00	0.0	293	2.10	320	3.5	0.13	3.8	0.000	0.034	28.8	79	24.8	34.1	15.47	1.1354	0.00	117	1	100.0	5
24/06/19	10:35 a	28.1	28.2	28.1	85	25.3	0.9	WSW	0.27	2.2	S	28.1	33.4	33.4	36.9	1014.8	0.00	0.0	270	1.94	279	3.3	0.12	3.5	0.000	0.034	28.8	79	24.8	34.1	15.47	1.1355	0.00	117	1	100.0	5
24/06/19	10:40 a	27.9	28.1	27.9	86	25.3	1.3	SSW	0.40	3.6	WSW	27.9	33.2	33.2	37.3	1014.8	0.00	0.0	330	2.37	357	4.1	0.15	4.5	0.000	0.033	28.8	79	24.8	34.1	15.47	1.1355	0.00	117	1	100.0	5
24/06/19	10:45 a	27.9	27.9	27.9	85	25.2	1.8	SSW	0.54	4.5	S	27.9	33.2	33.2	37.4	1014.9	0.00	0.0	350	2.51	367	4.4	0.16	4.5	0.000	0.033	28.8	79	24.8	34.3	15.47	1.1353	0.00	117	1	100.0	5
24/06/19	10:50 a	28.1	28.1	27.9	85	25.3	1.3	SSW	0.40	3.1	SSW	28.1	33.4	33.4	37.7	1014.8	0.00	0.0	353	2.53	380	4.4	0.16	4.7	0.000	0.034	28.9	79	24.9	34.4	15.47	1.1349	0.00	115	1	100.0	5
24/06/19	10:55 a	28.1	28.2	28.0	85	25.3	1.8	S	0.54	3.1	SSE	28.1	33.6	33.6	37.8	1014.8	0.00	0.0	346	2.48	378	4.3	0.15	4.5	0.000	0.034	28.9	79	24.9	34.4	15.47	1.1349	0.00	114	1	100.0	5
24/06/19	11:00 a	28.2	28.2	28.1	85	25.4	1.3	SW	0.40	3.1	WSW	28.2	33.7	33.7	38.4	1014.7	0.00	0.0	402	2.88	441	5.1	0.18	5.7	0.000	0.034	28.9	79	24.9	34.4	15.47	1.1347	0.23	117	1	100.0	5
24/06/19	11:05 a	28.5	28.5	28.2	84	25.5	1.3	S	0.40	3.1	SSE	28.5	34.4	34.4	40.1	1014.7	0.00	0.0	498	3.57	527	6.3	0.23	6.6	0.000	0.035	28.9	79	24.9	34.6	15.47	1.1344	0.00	117	1	100.0	5
24/06/19	11:10 a	28.4	28.5	28.3	85	25.6	1.8	SSW	0.54	3.1	SW	28.4	34.3	34.3	39.9	1014.7	0.00	0.0	497	3.56	524	6.3	0.23	6.7	0.000	0.035	29.0	79	25.0	34.7	15.47	1.1340	0.00	117	1	100.0	5
24/06/19	11:15 a	28.5	28.5	28.3	84	25.5	1.8	S	0.54	3.1	SSW	28.5	34.4	34.4	40.8	1014.5	0.00	0.0	602	4.31	652	7.4	0.26	7.7	0.000	0.035	29.1	79	25.0	34.9	15.46	1.1335	0.00	117	1	100.0	5
24/06/19	11:20 a	28.8	28.9	28.5	84	25.9	1.8	SSW	0.54	2.7	S	28.8	35.4	35.4	41.8	1014.5	0.00	0.0	604	4.33	671	7.5	0.27	7.9	0.000	0.036	29.1	79	25.0	34.9	15.46	1.1335	0.00	117	1	100.0	5
24/06/19	11:25 a	28.9	29.0	28.9	83	25.7	1.8	SSW	0.54	3.6	SW	28.9	35.3	35.3	41.6	1014.4	0.00	0.0	583	4.18	619	7.4	0.26	7.5	0.000	0.037	29.1	79	25.0	34.9	15.46	1.1334	0.00	115	1	100.0	5
24/06/19	11:30 a	28.8	28.9	28.8	83	25.7	1.8	SSW	0.54	3.6	SSW	28.8	35.2	35.2	41.3	1014.3	0.00	0.0	568	4.07	594	7.4	0.26	7.7	0.000	0.036	29.1	79	25.1	35.0	15.46	1.1329	0.00	115	1	100.0	5
24/06/19	11:35 a	28.8	28.9	28.8	83	25.6	2.2	SW	0.67	4.0	WSW	28.8	35.0	35.0	40.8	1014.1	0.00	0.0	531	3.81	540	7.1	0.25	7.1	0.000	0.036	29.2	79	25.1	35.2	15.46	1.1324	0.00	116	1	100.0	5
24/06/19	11:40 a	28.7	28.8	28.7	83	25.5	1.8	SW	0.54	3.6	SW	28.7	34.8	34.8	40.4	1014.2	0.00	0.0	501	3.59	512	6.8	0.24	6.9	0.000	0.036	29.2	79	25.1	35.2	15.46	1.1325	0.00	117	1	100.0	5
24/06/19	11:45 a	29.1	29.1	28.7	83	25.9	1.3	SSW	0.40	3.6	WSW	29.1	35.8	35.8	41.4	1014.1	0.00	0.0	513	3.68	529	7.0	0.25	7.1	0.000	0.037	29.2	79	25.2	35.3	15.46	1.1321	0.00	117	1	100.0	5
24/06/19	11:50 a	28.9	29.1	28.9	83	25.7	1.8	SW	0.54	5.4	WSW	28.9	35.3	35.3	41.3	1014.0	0.00	0.0	554	3.97	635	7.4	0.26	8.0	0.000	0.037	29.2	79	25.2	35.3	15.46	1.1320	0.00	117	1	100.0	5
24/06/19	11:55 a	29.3	29.3	28.9	83	26.1	1.3	SW	0.40	3.1	W	29.3	36.4	36.4	43.1	1014.0	0.00	0.0	647	4.64	687	8.1	0.29	8.4	0.000	0.038	29.3	79	25.3	35.6	15.45	1.1313	0.00	116	1	100.0	5
24/06/19	12:00 p	29.3	29.4	29.2	82	25.9	1.8	SW	0.54	4.0	S	29.3	36.3	36.3	42.8	1014.0	0.00	0.0	631	4.52	668	8.0	0.29	8.3	0.000	0.038	29.3	79	25.3	35.6	15.45	1.1313	0.38	114	1	100.0	5
24/06/19	12:05 p	29.3	29.4	29.3	82	25.9	1.8	SSW	0.54	4.5	SW	29.3	36.2	36.2	42.9	1013.9	0.00	0.0	670	4.80	675	8.4	0.30	8.4	0.000	0.038	29.4	79	25.4	35.8	15.45	1.1308	0.00	114	1	100.0	5
24/06/19	12:10 p	29.4	29.4	29.3	82	26.0	1.8	WSW	0.54	4.5	SSE	29.4	36.5	36.5	43.2	1013.9	0.00	0.0	658	4.72	673	8.3	0.30	8.4	0.000	0.038	29.4	79	25.4	35.9	15.45	1.1305	0.00	117	1	100.0	5
24/06/19	12:15 p	29.4	29.5	29.3	81	25.8	1.8	SSW	0.54	3.6	WSW	29.4	36.4	36.4	42.8	1013.9	0.00	0.0	605	4.34	654	7.9	0.28	8.1	0.000	0.039	29.5	79	25.5	36.1	15.44	1.1302	0.00	116	1	100.0	5
24/06/19	12:20 p	29.5	29.6	29.4	81	25.9	1.8	SSW	0.54	4.9	SW	29.5	36.6	36.6	42.9	1013.8	0.00	0.0	598	4.29	621	7.8	0.28	7.9	0.000	0.039	29.5	79	25.5	36.1	15.44	1.1301	0.00	117	1	100.0	5
24/06/19	12:25 p	29.6	29.6	29.4	81	26.0	1.8	SW	0.54	4.0	W	29.6	36.9	36.9	43.4	1013.7	0.00	0.0	631	4.52	679	8.1	0.29	8.4	0.000	0.039	29.6	79	25.5	36.2	15.44	1.1297	0.00	117	1	100.0	5
24/06/19	12:30 p	29.8	29.9	29.6	80	26.0	1.8	SW	0.54	4.5	SSE	29.8	37.3	37.3	44.1	1013.6	0.00	0.0	670	4.80	694	8.4	0.30	8.4	0.000	0.040	29.6	79	25.5	36.2	15.44	1.1296	0.00	116	1	100.0	5
24/06/19	12:35 p	29.8	29.9	29.8	79	25.8	1.3	SSW	0.40	3.6	SSW	29.8	37.0	37.0	43.8	1013.5	0.00	0.0	667	4.78	708	8.4	0.30	8.7	0.000	0.040	29.6	79	25.6	36.4	15.43	1.1292	0.00	117	1	100.0	5
24/06/19	12:40 p	29.8	29.9	29.8	79	25.7	1.3	SSW	0.40	3.6	WSW	29.8	36.8	36.8	43.5	1013.4	0.00	0.0	651	4.67	668	8.2	0.29	8.4	0.000	0.040	29.7	79	25.6	36.6	15.43	1.1287	0.00	114	1	100.0	5
24/06/19	12:45 p	29.8	29.8	29.7	81	26.2	1.8	SW	0.54	4.0	WSW	29.8	37.4	37.4	44.0	1013.4	0.00	0.0	640	4.59	645	8.1	0.29	8.1	0.000	0.040	29.7	79	25.6	36.6	15.43	1.1286	0.00	116	1	100.0	5
24/06/19	12:50 p	29.9	30.0	29.8	81	26.3	1.3	S	0.40	3.6	SSE	29.9	37.9	37.9	44.4	1013.3	0.00	0.0	616	4.42	635	7.8	0.28	7.9	0.000	0.040	29.7	79	25.7	36.7	15.42	1.1283	0.00	117	1	100.0	5
24/06/19	12:55 p	30.1	30.1	29.9	80	26.2	0.9	SSW	0.27	2.2	SSE	30.1	37.9	37.9	44.3	1013.3	0.00	0.0	599	4.29	619	7.6	0.27	7.7	0.000	0.041	29.8	79	25.7	36.8	15.41	1.1279	0.00	117	1	100.0	5
24/06/19	1:00 p	30.1	30.2	30.1	79	26.0	1.3	WSW	0.40	3.1	S	30.1	37.6	37.6	44.0	1013.2	0.00	0.0	603	4.32	631	7.6	0.27	7.8	0.000	0.041	29.8	79	25.8	37.0	15.41	1.1275	0.43	117	1	100.0	5
24/06/19	1:05 p	29.8	30.1	29.8	80	26.0	1.8	WSW	0.54	4.9	WSW	29.8	37.1	37.1	43.8	1013.2	0.00	0.0	649	4.65	656	7.9	0.28	7.9	0.000	0.040	29.8	79	25.8	37.0	15.41	1.1275	0.00	117	1	100.0	5
24/06/19	1:10 p	29.8	29.8	29.6	80	26.0	1.3	SW	0.40	3.1	S	29.8	37.1	37.1	43.7	1013.2	0.00	0.0	636	4.56	645	7.7	0.28	7.8	0.000	0.040	29.9	79	25.8	37.2	15.40	1.1271	0.00	116	1	100.0	5
24/06/19	1:15 p	29.8	29.8	29.8	80	26.0	1.8	SW	0.54	4.0	WSW	29.8	37.3	37.3	43.7	1013.1	0.00	0.0	614	4.40	621	7.4	0.26	7.5	0.000	0.040	29.9	78	25.6	36.9	15.09	1.1275	0.00	114	1	100.0	5
24/06/19	1:20 p	29.8	29.8	29.7	80	26.0	1.3	W	0.40	3.1	WSW	29.8	37.1	37.1	43.4	1013.1	0.00	0.0	583	4.18	612	7.0	0.25	7.3	0.000	0.040	29.9	78	25.7	37.1	15.08	1.1272	0.00	116	1	100.0	5
24/06/19	1:25 p	29.8	29.8	29.6	81	26.2	1.8	SW	0.54	3.6	SW	29.8	37.6	37.6	43.6	1013.1	0.00	0.0	554	3.97	564	6.7	0.24	6.8	0.000	0.040	30.0	78	25.7	37.2	15.07	1.1268	0.00	117	1	100.0	5
24/06/19	1:30 p	29.7	29.8	29.7	81	26.1	1.3	WSW	0.40	3.1	SW	29.7	37.2	37.2	42.8	1012.9	0.00	0.0	494	3.54	538	6.0	0.21	6.5	0.000	0.040	30.0	78	25.7	37.2	15.07	1.1267	0.00	117	1	100.0	5
24/06/19	1:35 p	29.6	29.7	29.5	82	26.2	1.8	WSW	0.54	3.6	WSW	29.6	37.2	37.2	42.6	1012.8	0.00	0.0	477	3.42	512	5.9	0.21	6.2	0.000	0.039	30.0	78	25.7	37.2	15.07	1.1265	0.00	116	1	100.0	5
24/06/19	1:40 p	29.9	29.9	29.6	81	26.3	1.3	WSW	0.40	3.1	WSW	29.9	37.7	37.7	43.2	1012.7	0.00	0.0	485	3.48	512	6.1	0.22	6.2	0.000	0.040	30.1	78	25.8	37.3	15.06	1.1261	0.00	118	1	100.0	5
24/06/19	1:45 p	29.6	29.9	29.6	82	26.2	1.3	SSW	0.40	4.5	S	29.6	37.2	37.2	42.6	1012.8	0.00	0.0	470	3.37	483	5.8	0.21	5.8	0.000	0.039	30.1	78	25.8	37.3	15.06	1.1261	0.00	116	1	100.0	5
24/06/19	1:50 p	29.7	29.7	29.6	82	26.3	1.8	WSW	0.54	4.0	S	29.7	37.3	37.3	42.7	1012.6	0.00	0.0	472	3.38	473	5.7	0.20	5.8	0.000	0.039	30.1	78	25.8	37.5	15.05	1.1256	0.00	114	1	100.0	5
24/06/19	1:55 p	29.7	29.8	29.7	82	26.3	0.9	SSW	0.27	3.6	SSW	29.7	37.3	37.3	42.3	1012.6	0.00	0.0	433	3.10	450	5.3	0.19	5.5	0.000	0.039	30.1	78	25.8	37.5	15.05	1.1256	0.00	115	1	100.0	5
24/06/19	2:00 p	29.7	29.8	29.7	81	26.1	1.3	WNW	0.40	3.1	WSW	29.7	37.2	37.2	42.1	1012.5	0.00	0.0	416	2.98	425	5.0	0.18	5.2	0.000	0.040	30.2	78	25.9	37.7	15.05	1.1252	0.36	117	1	100.0	5
24/06/19	2:05 p	29.6	29.8	29.6	81	26.0	1.8	W	0.54	3.6	W	29.6	36.9	36.9	41.6	1012.5	0.00	0.0	409	2.93	410	4.8	0.17	4.9	0.000	0.039	30.2	78	25.9	37.7	15.05	1.1252	0.00	117	1	100.0	5
24/06/19	2:10 p	29.6	29.6	29.5	82	26.2	1.8	W	0.54	3.6	WSW	29.6	37.0	37.0	41.7	1012.5	0.00	0.0	397	2.85	404	4.6	0.16	4.7	0.000	0.039	30.2	78	26.0	37.8	15.04	1.1248	0.00	116	1	100.0	5
24/06/19	2:15 p	29.8	29.8	29.6	82	26.4	0.9	W	0.27	3.1	WSW	29.8	37.7	37.7	41.9	1012.5	0.00	0.0	362	2.59	381	4.2	0.15	4.4	0.000	0.040	30.2	78	26.0	37.8	15.04	1.1248	0.00	117	1	100.0	5
24/06/19	2:20 p	29.7	29.8	29.6	81	26.1	1.3	W	0.40	4.0	W	29.7	37.1	37.1	41.3	1012.5	0.00	0.0	364	2.61	373	4.1	0.15	4.2	0.000	0.039	30.2	78	26.0	37.8	15.04	1.1248	0.00	117	1	100.0	5
24/06/19	2:25 p	29.6	29.7	29.6	81	25.9	1.3	W	0.40	3.6	WSW	29.6	36.7	36.7	41.2	1012.4	0.00	0.0	380	2.72	381	4.2	0.15	4.2	0.000	0.039	30.2	78	26.0	37.8	15.04	1.1247	0.00	113	1	99.1	5
24/06/19	2:30 p	29.8	29.8	29.6	79	25.7	1.8	W	0.54	3.6	NW	29.8	36.8	36.8	41.2	1012.3	0.00	0.0	377	2.70	383	4.1	0.15	4.2	0.000	0.040	30.3	78	26.0	38.0	15.03	1.1243	0.00	115	1	100.0	5
24/06/19	2:35 p	29.8	29.9	29.7	79	25.8	0.9	W	0.27	3.6	WNW	29.8	37.0	37.0	41.2	1012.3	0.00	0.0	360	2.58	367	3.9	0.14	4.0	0.000	0.040	30.3	78	26.0	38.0	15.03	1.1242	0.00	117	1	100.0	5
24/06/19	2:40 p	29.6	29.8	29.6	79	25.5	1.3	W	0.40	4.0	WSW	29.6	36.2	36.2	40.3	1012.2	0.00	0.0	347	2.49	352	3.7	0.13	3.8	0.000	0.039	30.3	78	26.1	38.2	15.02	1.1239	0.00	117	1	100.0	5
24/06/19	2:45 p	29.6	29.6	29.5	80	25.8	1.8	W	0.54	4.0	W	29.6	36.6	36.6	40.6	1012.1	0.00	0.0	331	2.37	338	3.5	0.13	3.6	0.000	0.039	30.3	78	26.0	38.0	15.03	1.1240	0.00	118	1	100.0	5
24/06/19	2:50 p	29.6	29.6	29.5	81	25.9	1.8	W	0.54	3.6	W	29.6	36.7	36.7	40.5	1012.0	0.00	0.0	315	2.26	323	3.3	0.12	3.4	0.000	0.039	30.3	78	26.1	38.2	15.02	1.1236	0.00	117	1	100.0	5
24/06/19	2:55 p	29.5	29.6	29.5	81	25.9	1.3	W	0.40	3.6	W	29.5	36.6	36.6	40.2	1011.9	0.00	0.0	305	2.19	308	3.2	0.11	3.2	0.000	0.039	30.3	78	26.1	38.2	15.02	1.1235	0.00	114	1	100.0	5
24/06/19	3:00 p	29.4	29.5	29.4	82	26.0	1.3	W	0.40	3.1	WSW	29.4	36.7	36.7	40.3	1011.8	0.00	0.0	302	2.16	302	3.1	0.11	3.1	0.000	0.039	30.3	78	26.1	38.2	15.02	1.1234	0.25	115	1	100.0	5
24/06/19	3:05 p	29.5	29.6	29.4	81	25.9	0.9	SW	0.27	2.7	W	29.5	36.6	36.6	40.3	1011.9	0.00	0.0	309	2.21	318	3.1	0.11	3.1	0.000	0.039	30.3	78	26.1	38.2	15.02	1.1234	0.00	114	1	100.0	5
24/06/19	3:10 p	29.5	29.5	29.4	81	25.9	1.3	SSW	0.40	2.2	WSW	29.5	36.6	36.6	40.6	1011.8	0.00	0.0	333	2.39	343	3.2	0.11	3.2	0.000	0.039	30.3	78	26.1	38.2	15.02	1.1233	0.00	117	1	100.0	5
24/06/19	3:15 p	29.6	29.6	29.4	81	26.0	0.9	SW	0.27	2.7	W	29.6	36.9	36.9	41.2	1011.7	0.00	0.0	357	2.56	364	3.3	0.12	3.3	0.000	0.039	30.3	77	25.8	37.9	14.75	1.1237	0.00	117	1	100.0	5
24/06/19	3:20 p	29.8	29.8	29.6	81	26.2	0.9	W	0.27	2.7	W	29.8	37.4	37.4	41.9	1011.7	0.00	0.0	373	2.67	374	3.3	0.12	3.3	0.000	0.040	30.4	77	25.9	38.1	14.75	1.1235	0.00	117	1	100.0	5
24/06/19	3:25 p	29.7	29.9	29.7	80	25.8	0.9	SSW	0.27	2.2	SW	29.7	36.8	36.8	41.2	1011.8	0.00	0.0	372	2.67	374	3.3	0.12	3.3	0.000	0.039	30.4	77	25.9	38.1	14.75	1.1235	0.00	117	1	100.0	5
24/06/19	3:30 p	29.6	29.8	29.6	80	25.8	0.9	WSW	0.27	3.1	WSW	29.6	36.6	36.6	41.0	1011.6	0.00	0.0	362	2.59	367	3.2	0.11	3.2	0.000	0.039	30.4	77	25.9	38.1	14.75	1.1233	0.00	117	1	100.0	5
24/06/19	3:35 p	29.8	29.8	29.6	80	26.0	0.9	W	0.27	2.7	W	29.8	37.1	37.1	41.4	1011.7	0.00	0.0	348	2.49	366	3.0	0.11	3.1	0.000	0.040	30.4	77	25.9	38.1	14.75	1.1234	0.00	114	1	100.0	5
24/06/19	3:40 p	29.8	29.8	29.8	80	26.0	0.9	WNW	0.27	3.1	W	29.8	37.1	37.1	41.0	1011.6	0.00	0.0	313	2.24	327	2.7	0.10	2.8	0.000	0.040	30.4	77	26.0	38.2	14.74	1.1229	0.00	114	1	100.0	5
24/06/19	3:45 p	29.8	29.8	29.7	81	26.2	0.9	SW	0.27	2.7	W	29.8	37.4	37.4	41.4	1011.5	0.00	0.0	321	2.30	325	2.6	0.09	2.7	0.000	0.040	30.4	77	26.0	38.2	14.74	1.1229	0.00	117	1	100.0	5
24/06/19	3:50 p	29.6	29.8	29.5	81	25.9	0.9	NW	0.27	1.8	WSW	29.6	36.7	36.7	40.7	1011.6	0.00	0.0	317	2.27	320	2.5	0.09	2.5	0.000	0.039	30.4	77	26.0	38.2	14.74	1.1230	0.00	118	1	100.0	5
24/06/19	3:55 p	29.6	29.7	29.6	80	25.8	0.9	WSW	0.27	1.8	WSW	29.6	36.6	36.6	40.4	1011.7	0.00	0.0	293	2.10	306	2.3	0.08	2.4	0.000	0.039	30.4	77	26.0	38.2	14.74	1.1231	0.00	117	1	100.0	5
24/06/19	4:00 p	29.4	29.6	29.4	80	25.6	0.9	SSW	0.27	2.2	S	29.4	36.2	36.2	39.8	1011.8	0.00	0.0	281	2.01	287	2.2	0.08	2.2	0.000	0.039	30.4	77	26.0	38.2	14.74	1.1232	0.23	117	1	100.0	5
24/06/19	4:05 p	29.4	29.5	29.4	81	25.8	1.3	S	0.40	3.1	S	29.4	36.4	36.4	39.9	1011.7	0.00	0.0	262	1.88	271	2.0	0.07	2.1	0.000	0.039	30.5	77	26.0	38.4	14.74	1.1228	0.00	115	1	100.0	5
24/06/19	4:10 p	29.4	29.5	29.4	80	25.6	0.9	S	0.27	2.2	SSE	29.4	36.0	36.0	39.1	1011.8	0.00	0.0	228	1.63	246	1.8	0.06	1.8	0.000	0.038	30.5	77	26.0	38.4	14.74	1.1228	0.00	115	1	100.0	5
24/06/19	4:15 p	29.4	29.4	29.3	80	25.6	0.9	SSW	0.27	2.2	S	29.4	36.0	36.0	39.5	1011.7	0.00	0.0	260	1.86	265	1.8	0.06	1.8	0.000	0.038	30.5	77	26.0	38.4	14.74	1.1228	0.00	114	1	100.0	5
24/06/19	4:20 p	29.6	29.6	29.3	81	25.9	0.4	S	0.13	1.3	SSW	29.6	36.7	36.7	40.3	1011.7	0.00	0.0	263	1.89	271	1.7	0.06	1.7	0.000	0.039	30.4	77	26.0	38.2	14.74	1.1230	0.00	117	1	100.0	5
24/06/19	4:25 p	29.7	29.7	29.5	80	25.8	0.4	WNW	0.13	1.3	S	29.7	36.8	36.8	40.8	1011.6	0.00	0.0	292	2.09	302	1.6	0.06	1.6	0.000	0.039	30.5	77	26.0	38.4	14.74	1.1227	0.00	117	1	100.0	5
24/06/19	4:30 p	29.7	29.7	29.7	79	25.6	0.9	S	0.27	2.2	S	29.7	36.6	36.6	40.7	1011.6	0.00	0.0	292	2.09	297	1.5	0.05	1.6	0.000	0.039	30.5	77	26.0	38.4	14.74	1.1227	0.00	117	1	100.0	5
24/06/19	4:35 p	29.6	29.7	29.6	79	25.6	0.9	SW	0.27	1.8	SW	29.6	36.4	36.4	40.2	1011.6	0.00	0.0	262	1.88	278	1.4	0.05	1.4	0.000	0.039	30.5	77	26.0	38.4	14.74	1.1226	0.00	115	1	100.0	5
24/06/19	4:40 p	29.7	29.7	29.6	79	25.6	0.4	SW	0.13	1.3	WSW	29.7	36.6	36.6	40.1	1011.5	0.00	0.0	242	1.73	246	1.3	0.05	1.3	0.000	0.039	30.5	77	26.0	38.4	14.74	1.1225	0.00	117	1	100.0	5
24/06/19	4:45 p	29.8	29.8	29.6	80	26.0	0.4	NW	0.13	1.8	NNW	29.8	37.1	37.1	40.3	1011.6	0.00	0.0	217	1.56	229	1.2	0.04	1.2	0.000	0.040	30.5	76	25.8	38.1	14.44	1.1231	0.00	114	1	100.0	5
24/06/19	4:50 p	29.7	29.9	29.7	80	25.8	0.4	SW	0.13	1.3	WSW	29.7	36.8	36.8	39.8	1011.6	0.00	0.0	199	1.43	213	1.0	0.04	1.1	0.000	0.039	30.5	76	25.8	38.1	14.44	1.1231	0.00	114	1	100.0	5
24/06/19	4:55 p	29.6	29.7	29.6	80	25.7	0.9	WNW	0.27	2.7	WNW	29.6	36.5	36.5	38.7	1011.7	0.00	0.0	147	1.05	186	0.8	0.03	0.9	0.000	0.039	30.4	76	25.7	37.9	14.44	1.1236	0.00	118	1	100.0	5
24/06/19	5:00 p	29.4	29.6	29.4	81	25.8	0.9	WNW	0.27	1.8	WNW	29.4	36.3	36.3	37.6	1011.6	0.00	0.0	94	0.67	102	0.7	0.03	0.7	0.000	0.038	30.5	76	25.8	38.1	14.44	1.1231	0.15	116	1	100.0	5
24/06/19	5:05 p	29.3	29.4	29.3	81	25.7	1.3	NW	0.40	2.2	N	29.3	35.9	35.9	37.3	1011.6	0.00	0.0	92	0.66	93	0.6	0.02	0.7	0.000	0.038	30.5	76	25.8	38.1	14.44	1.1231	0.00	117	1	100.0	5
24/06/19	5:10 p	29.2	29.3	29.2	82	25.8	0.9	NW	0.27	2.2	NNW	29.2	36.1	36.1	37.4	1011.6	0.00	0.0	93	0.67	95	0.6	0.02	0.6	0.000	0.038	30.5	76	25.8	38.1	14.44	1.1232	0.00	117	1	100.0	5
24/06/19	5:15 p	29.2	29.2	29.2	82	25.8	0.9	NNW	0.27	2.2	N	29.2	35.9	35.9	37.2	1011.8	0.00	0.0	90	0.65	91	0.1	0.00	0.5	0.000	0.038	30.5	76	25.8	38.1	14.44	1.1233	0.00	116	1	100.0	5
24/06/19	5:20 p	29.2	29.2	29.2	82	25.8	0.9	NW	0.27	1.3	WNW	29.2	35.9	35.9	37.4	1011.8	0.00	0.0	99	0.71	109	0.0	0.00	0.0	0.000	0.038	30.5	76	25.8	38.1	14.44	1.1234	0.00	115	1	100.0	5
24/06/19	5:25 p	29.1	29.2	29.1	82	25.7	0.4	NNW	0.13	1.8	NNW	29.1	35.7	35.7	37.1	1011.8	0.00	0.0	86	0.62	91	0.0	0.00	0.0	0.000	0.037	30.4	76	25.7	37.9	14.44	1.1237	0.00	113	1	99.1	5
24/06/19	5:30 p	29.1	29.2	29.1	82	25.7	0.9	NNE	0.27	1.8	N	29.1	35.7	35.7	36.7	1011.8	0.00	0.0	67	0.48	70	0.0	0.00	0.0	0.000	0.037	30.5	76	25.8	38.1	14.44	1.1234	0.00	117	1	100.0	5
24/06/19	5:35 p	28.9	29.1	28.9	83	25.8	0.9	NNW	0.27	1.3	NNW	28.9	35.5	35.5	36.3	1011.8	0.00	0.0	54	0.39	60	0.0	0.00	0.0	0.000	0.037	30.4	76	25.7	37.9	14.44	1.1237	0.00	117	1	100.0	5
24/06/19	5:40 p	28.9	28.9	28.9	83	25.8	0.4	NW	0.13	1.3	NW	28.9	35.5	35.5	36.1	1011.8	0.00	0.0	46	0.33	47	0.0	0.00	0.0	0.000	0.037	30.4	76	25.7	37.9	14.44	1.1237	0.00	117	1	100.0	5
24/06/19	5:45 p	28.8	28.9	28.8	83	25.7	0.0	N	0.00	0.9	N	28.8	35.2	35.2	35.6	1011.8	0.00	0.0	38	0.27	40	0.0	0.00	0.0	0.000	0.036	30.4	76	25.7	37.9	14.44	1.1237	0.00	117	1	100.0	5
24/06/19	5:50 p	28.8	28.9	28.8	83	25.6	0.0	N	0.00	0.9	N	28.8	35.0	35.0	35.3	1011.8	0.00	0.0	32	0.23	35	0.0	0.00	0.0	0.000	0.036	30.4	76	25.7	37.9	14.44	1.1237	0.00	116	1	100.0	5
24/06/19	5:55 p	28.7	28.8	28.7	83	25.5	0.0	N	0.00	0.4	N	28.7	34.7	34.7	34.9	1011.8	0.00	0.0	27	0.19	30	0.0	0.00	0.0	0.000	0.036	30.4	76	25.7	37.9	14.44	1.1237	0.00	113	1	99.1	5
24/06/19	6:00 p	28.6	28.7	28.6	84	25.6	0.0	N	0.00	0.9	N	28.6	34.8	34.8	34.9	1011.8	0.00	0.0	24	0.17	25	0.0	0.00	0.0	0.000	0.036	30.4	76	25.7	37.8	14.45	1.1241	0.05	116	1	100.0	5
24/06/19	6:05 p	28.6	28.6	28.6	84	25.6	0.4	N	0.13	0.9	N	28.6	34.6	34.6	34.7	1012.0	0.00	0.0	20	0.14	21	0.0	0.00	0.0	0.000	0.035	30.4	77	25.9	38.1	14.75	1.1238	0.00	116	1	100.0	5
24/06/19	6:10 p	28.4	28.6	28.4	84	25.5	0.4	N	0.13	0.9	N	28.4	34.3	34.3	34.3	1012.0	0.00	0.0	16	0.11	18	0.0	0.00	0.0	0.000	0.035	30.4	77	25.9	38.1	14.75	1.1238	0.00	117	1	100.0	5
24/06/19	6:15 p	28.3	28.4	28.3	84	25.4	0.0	N	0.00	0.4	N	28.3	34.0	34.0	33.9	1012.1	0.00	0.0	12	0.09	14	0.0	0.00	0.0	0.000	0.035	30.4	77	25.9	38.1	14.75	1.1239	0.00	117	1	100.0	5
24/06/19	6:20 p	28.3	28.3	28.2	85	25.5	0.0	N	0.00	0.4	N	28.3	34.0	34.0	33.8	1012.1	0.00	0.0	7	0.05	9	0.0	0.00	0.0	0.000	0.035	30.3	77	25.8	37.9	14.75	1.1242	0.00	117	1	100.0	5
24/06/19	6:25 p	28.2	28.2	28.2	85	25.4	0.9	NNW	0.27	1.3	NNW	28.2	33.7	33.7	33.3	1012.1	0.00	0.0	1	0.01	5	0.0	0.00	0.0	0.000	0.034	30.3	77	25.8	37.9	14.75	1.1242	0.00	114	1	100.0	5
24/06/19	6:30 p	28.1	28.2	28.1	86	25.5	0.4	NNW	0.13	1.3	NNW	28.1	33.8	33.8	33.3	1012.1	0.00	0.0	0	0.00	0	0.0	0.00	0.0	0.000	0.034	30.3	77	25.8	37.9	14.75	1.1242	0.00	114	1	100.0	5
24/06/19	6:35 p	28.1	28.1	28.1	86	25.5	0.0	NNW	0.00	0.4	NNW	28.1	33.6	33.6	33.2	1012.2	0.00	0.0	0	0.00	0	0.0	0.00	0.0	0.000	0.034	30.3	77	25.8	37.9	14.75	1.1243	0.00	115	1	100.0	5
24/06/19	6:40 p	27.9	28.1	27.9	87	25.6	0.0	NNW	0.00	0.9	NNW	27.9	33.5	33.5	33.1	1012.2	0.00	0.0	0	0.00	0	0.0	0.00	0.0	0.000	0.033	30.3	77	25.8	37.9	14.75	1.1243	0.00	117	1	100.0	5
24/06/19	6:45 p	27.9	27.9	27.9	87	25.5	0.0	NNW	0.00	0.4	NNW	27.9	33.3	33.3	32.8	1012.3	0.00	0.0	0	0.00	0	0.0	0.00	0.0	0.000	0.033	30.3	77	25.8	37.7	14.76	1.1248	0.00	117	1	100.0	5
24/06/19	6:50 p	27.8	27.9	27.8	87	25.5	0.0	---	0.00	0.0	---	27.8	33.2	33.2	32.6	1012.4	0.00	0.0	0	0.00	0	0.0	0.00	0.0	0.000	0.033	30.3	77	25.8	37.7	14.76	1.1249	0.00	117	1	100.0	5
24/06/19	6:55 p	27.8	27.9	27.8	88	25.6	0.0	---	0.00	0.0	---	27.8	33.2	33.2	32.7	1012.4	0.00	0.0	0	0.00	0	0.0	0.00	0.0	0.000	0.033	30.3	77	25.8	37.7	14.76	1.1249	0.00	117	1	100.0	5
24/06/19	7:00 p	27.7	27.8	27.7	88	25.6	0.0	---	0.00	0.0	---	27.7	33.1	33.1	32.5	1012.4	0.00	0.0	0	0.00	0	0.0	0.00	0.0	0.000	0.033	30.2	77	25.7	37.6	14.77	1.1253	0.00	115	1	100.0	5
24/06/19	7:05 p	27.6	27.7	27.6	89	25.6	0.0	---	0.00	0.0	---	27.6	32.9	32.9	32.4	1012.5	0.00	0.0	0	0.00	0	0.0	0.00	0.0	0.000	0.032	30.2	77	25.7	37.6	14.77	1.1253	0.00	115	1	100.0	5
24/06/19	7:10 p	27.6	27.6	27.6	89	25.6	0.4	E	0.13	0.9	NNW	27.6	32.7	32.7	32.2	1012.6	0.00	0.0	0	0.00	0	0.0	0.00	0.0	0.000	0.032	30.2	77	25.7	37.6	14.77	1.1255	0.00	116	1	100.0	5
24/06/19	7:15 p	27.5	27.6	27.5	89	25.5	0.0	E	0.00	0.4	E	27.5	32.6	32.6	32.1	1012.6	0.00	0.0	0	0.00	0	0.0	0.00	0.0	0.000	0.032	30.2	77	25.7	37.6	14.77	1.1254	0.00	116	1	100.0	5
24/06/19	7:20 p	27.5	27.6	27.5	89	25.5	0.0	---	0.00	0.0	---	27.5	32.6	32.6	32.1	1012.4	0.00	0.0	0	0.00	0	0.0	0.00	0.0	0.000	0.032	30.2	77	25.7	37.4	14.77	1.1256	0.00	117	1	100.0	5
24/06/19	7:25 p	27.4	27.5	27.4	89	25.5	0.0	E	0.00	0.9	E	27.4	32.4	32.4	31.9	1012.5	0.00	0.0	0	0.00	0	0.0	0.00	0.0	0.000	0.032	30.2	77	25.7	37.4	14.77	1.1257	0.00	117	1	100.0	5
24/06/19	7:30 p	27.4	27.4	27.4	90	25.6	0.4	E	0.13	0.9	E	27.4	32.4	32.4	31.9	1012.7	0.00	0.0	0	0.00	0	0.0	0.00	0.0	0.000	0.031	30.2	77	25.7	37.4	14.77	1.1259	0.00	116	1	100.0	5
24/06/19	7:35 p	27.4	27.4	27.4	91	25.8	0.0	E	0.00	0.4	E	27.4	32.6	32.6	32.1	1012.8	0.00	0.0	0	0.00	0	0.0	0.00	0.0	0.000	0.031	30.1	77	25.6	37.2	14.78	1.1263	0.00	114	1	100.0	5
24/06/19	7:40 p	27.3	27.4	27.3	91	25.7	0.0	---	0.00	0.0	---	27.3	32.3	32.3	31.8	1012.9	0.00	0.0	0	0.00	0	0.0	0.00	0.0	0.000	0.031	30.1	78	25.8	37.5	15.05	1.1260	0.00	113	1	99.1	5
24/06/19	7:45 p	27.1	27.3	27.1	92	25.7	0.4	E	0.13	0.9	E	27.1	32.1	32.1	31.6	1013.0	0.00	0.0	0	0.00	0	0.0	0.00	0.0	0.000	0.030	30.1	78	25.8	37.3	15.06	1.1264	0.00	117	1	100.0	5
24/06/19	7:50 p	27.2	27.2	27.1	92	25.8	0.4	E	0.13	0.9	E	27.2	32.2	32.2	31.7	1013.2	0.00	0.0	0	0.00	0	0.0	0.00	0.0	0.000	0.031	30.1	78	25.8	37.3	15.06	1.1266	0.00	116	1	100.0	5
24/06/19	7:55 p	27.2	27.3	27.2	91	25.6	0.4	ESE	0.13	1.3	ESE	27.2	32.2	32.2	31.7	1013.4	0.00	0.0	0	0.00	0	0.0	0.00	0.0	0.000	0.031	30.1	78	25.8	37.3	15.06	1.1269	0.00	117	1	100.0	5
24/06/19	8:00 p	27.2	27.3	27.2	92	25.8	0.4	ESE	0.13	1.3	E	27.2	32.2	32.2	31.7	1013.5	0.00	0.0	0	0.00	0	0.0	0.00	0.0	0.000	0.031	30.1	78	25.8	37.3	15.06	1.1270	0.00	117	1	100.0	5
24/06/19	8:05 p	27.1	27.2	27.0	92	25.6	0.4	E	0.13	0.9	E	27.1	31.9	31.9	31.4	1013.4	0.00	0.0	0	0.00	0	0.0	0.00	0.0	0.000	0.030	30.1	78	25.8	37.3	15.06	1.1269	0.00	116	1	100.0	5
24/06/19	8:10 p	26.9	27.0	26.9	93	25.7	0.4	E	0.13	0.9	E	26.9	31.8	31.8	31.3	1013.6	0.00	0.0	0	0.00	0	0.0	0.00	0.0	0.000	0.030	30.1	78	25.8	37.3	15.06	1.1271	0.00	116	1	100.0	5
24/06/19	8:15 p	26.9	26.9	26.9	93	25.7	0.9	E	0.27	1.3	E	26.9	31.7	31.7	31.2	1013.7	0.00	0.0	0	0.00	0	0.0	0.00	0.0	0.000	0.030	30.0	78	25.7	37.2	15.07	1.1275	0.00	114	1	100.0	5
24/06/19	8:20 p	26.9	26.9	26.8	93	25.7	0.4	ENE	0.13	1.3	ENE	26.9	31.7	31.7	31.2	1013.9	0.00	0.0	0	0.00	0	0.0	0.00	0.0	0.000	0.030	30.0	78	25.7	37.2	15.07	1.1277	0.00	117	1	100.0	5
24/06/19	8:25 p	26.9	26.9	26.8	93	25.7	0.4	ENE	0.13	1.3	NE	26.9	31.7	31.7	31.2	1013.8	0.00	0.0	0	0.00	0	0.0	0.00	0.0	0.000	0.030	29.9	78	25.7	37.1	15.08	1.1280	0.00	117	1	100.0	5
24/06/19	8:30 p	26.8	26.9	26.8	93	25.6	0.4	ENE	0.13	0.9	ENE	26.8	31.3	31.3	30.8	1013.8	0.00	0.0	0	0.00	0	0.0	0.00	0.0	0.000	0.029	29.9	78	25.7	37.1	15.08	1.1280	0.00	117	1	100.0	5
24/06/19	8:35 p	26.8	26.8	26.8	94	25.8	0.4	NE	0.13	1.3	ENE	26.8	31.7	31.7	31.2	1013.8	0.00	0.0	0	0.00	0	0.0	0.00	0.0	0.000	0.030	29.9	78	25.7	37.1	15.08	1.1280	0.00	117	1	100.0	5
24/06/19	8:40 p	26.8	26.8	26.8	94	25.8	0.4	ENE	0.13	1.3	ENE	26.8	31.7	31.7	31.2	1013.9	0.00	0.0	0	0.00	0	0.0	0.00	0.0	0.000	0.030	29.9	78	25.7	37.1	15.08	1.1281	0.00	116	1	100.0	5
24/06/19	8:45 p	26.8	26.9	26.8	93	25.6	0.9	ENE	0.27	1.8	ENE	26.8	31.5	31.5	31.0	1014.0	0.00	0.0	0	0.00	0	0.0	0.00	0.0	0.000	0.030	29.9	78	25.7	37.1	15.08	1.1282	0.00	114	1	100.0	5
24/06/19	8:50 p	26.9	26.9	26.8	93	25.7	0.4	ENE	0.13	1.8	E	26.9	31.7	31.7	31.2	1014.1	0.00	0.0	0	0.00	0	0.0	0.00	0.0	0.000	0.030	29.9	78	25.6	36.9	15.09	1.1286	0.00	114	1	100.0	5
24/06/19	8:55 p	26.8	26.9	26.8	93	25.6	0.4	ENE	0.13	0.9	ENE	26.8	31.5	31.5	31.0	1014.1	0.00	0.0	0	0.00	0	0.0	0.00	0.0	0.000	0.030	29.9	78	25.6	36.9	15.09	1.1286	0.00	117	1	100.0	5
24/06/19	9:00 p	26.9	26.9	26.8	93	25.7	0.4	ENE	0.13	0.9	ENE	26.9	31.7	31.7	31.2	1014.0	0.00	0.0	0	0.00	0	0.0	0.00	0.0	0.000	0.030	29.8	78	25.6	36.7	15.09	1.1289	0.00	117	1	100.0	5
24/06/19	9:05 p	26.9	26.9	26.9	92	25.5	0.4	ESE	0.13	0.9	E	26.9	31.6	31.6	31.1	1014.1	0.00	0.0	0	0.00	0	0.0	0.00	0.0	0.000	0.030	29.9	78	25.6	36.9	15.09	1.1287	0.00	117	1	100.0	5
24/06/19	9:10 p	26.9	27.0	26.9	92	25.5	0.9	E	0.27	1.3	E	26.9	31.6	31.6	31.1	1014.3	0.00	0.0	0	0.00	0	0.0	0.00	0.0	0.000	0.030	29.9	78	25.6	36.9	15.09	1.1288	0.00	117	1	100.0	5
24/06/19	9:15 p	26.9	26.9	26.9	93	25.7	0.4	ENE	0.13	1.3	ENE	26.9	31.7	31.7	31.2	1014.2	0.00	0.0	0	0.00	0	0.0	0.00	0.0	0.000	0.030	29.8	78	25.6	36.7	15.09	1.1291	0.00	116	1	100.0	5
24/06/19	9:20 p	26.9	26.9	26.8	92	25.5	0.4	ENE	0.13	1.3	E	26.9	31.4	31.4	30.9	1014.4	0.00	0.0	0	0.00	0	0.0	0.00	0.0	0.000	0.030	29.8	78	25.6	36.7	15.09	1.1293	0.00	115	1	100.0	5
24/06/19	9:25 p	26.9	26.9	26.9	92	25.5	0.9	E	0.27	1.8	E	26.9	31.4	31.4	30.9	1014.5	0.00	0.0	0	0.00	0	0.0	0.00	0.0	0.000	0.030	29.8	78	25.6	36.7	15.09	1.1294	0.00	115	1	100.0	5
24/06/19	9:30 p	26.9	26.9	26.9	93	25.7	0.9	E	0.27	1.3	E	26.9	31.7	31.7	31.2	1014.4	0.00	0.0	0	0.00	0	0.0	0.00	0.0	0.000	0.030	29.8	78	25.6	36.7	15.09	1.1293	0.00	117	1	100.0	5
24/06/19	9:35 p	26.8	26.9	26.8	93	25.6	0.4	E	0.13	1.3	ENE	26.8	31.3	31.3	30.8	1014.4	0.00	0.0	0	0.00	0	0.0	0.00	0.0	0.000	0.029	29.8	78	25.5	36.6	15.10	1.1296	0.00	117	1	100.0	5
24/06/19	9:40 p	26.7	26.8	26.7	93	25.5	0.4	E	0.13	0.9	E	26.7	31.2	31.2	30.7	1014.6	0.00	0.0	0	0.00	0	0.0	0.00	0.0	0.000	0.029	29.8	78	25.5	36.6	15.10	1.1299	0.00	117	1	100.0	5
24/06/19	9:45 p	26.8	26.8	26.7	93	25.6	0.4	E	0.13	0.9	E	26.8	31.3	31.3	30.8	1014.7	0.00	0.0	0	0.00	0	0.0	0.00	0.0	0.000	0.029	29.8	79	25.7	36.8	15.41	1.1295	0.00	116	1	100.0	5
24/06/19	9:50 p	26.8	26.8	26.7	93	25.6	0.4	E	0.13	0.9	E	26.8	31.3	31.3	30.8	1014.7	0.00	0.0	0	0.00	0	0.0	0.00	0.0	0.000	0.029	29.7	79	25.7	36.7	15.42	1.1299	0.00	116	1	100.0	5
24/06/19	9:55 p	26.8	26.8	26.8	93	25.6	0.4	ENE	0.13	1.3	ENE	26.8	31.3	31.3	30.8	1014.8	0.00	0.0	0	0.00	0	0.0	0.00	0.0	0.000	0.029	29.8	79	25.7	36.8	15.41	1.1296	0.00	114	1	100.0	5
24/06/19	10:00 p	26.8	26.8	26.8	93	25.6	0.4	E	0.13	1.3	ENE	26.8	31.3	31.3	30.8	1014.7	0.00	0.0	0	0.00	0	0.0	0.00	0.0	0.000	0.029	29.7	79	25.7	36.7	15.42	1.1298	0.00	116	1	100.0	5
24/06/19	10:05 p	26.7	26.8	26.7	93	25.5	0.4	E	0.13	0.9	ESE	26.7	31.2	31.2	30.7	1014.6	0.00	0.0	0	0.00	0	0.0	0.00	0.0	0.000	0.029	29.7	79	25.7	36.7	15.42	1.1297	0.00	117	1	100.0	5
24/06/19	10:10 p	26.7	26.7	26.7	93	25.5	0.4	SE	0.13	1.3	ESE	26.7	31.2	31.2	30.7	1014.6	0.00	0.0	0	0.00	0	0.0	0.00	0.0	0.000	0.029	29.7	79	25.7	36.7	15.42	1.1297	0.00	116	1	100.0	5
24/06/19	10:15 p	26.6	26.7	26.6	93	25.4	0.4	ESE	0.13	1.3	ESE	26.6	30.9	30.9	30.4	1014.6	0.00	0.0	0	0.00	0	0.0	0.00	0.0	0.000	0.029	29.7	79	25.7	36.7	15.42	1.1297	0.00	117	1	100.0	5
24/06/19	10:20 p	26.7	26.7	26.7	93	25.4	0.0	ESE	0.00	0.4	ESE	26.7	31.1	31.1	30.5	1014.6	0.00	0.0	0	0.00	0	0.0	0.00	0.0	0.000	0.029	29.7	79	25.6	36.6	15.43	1.1300	0.00	118	1	100.0	5
24/06/19	10:25 p	26.6	26.7	26.6	93	25.4	0.0	ESE	0.00	0.4	ESE	26.6	30.9	30.9	30.4	1014.7	0.00	0.0	0	0.00	0	0.0	0.00	0.0	0.000	0.029	29.7	79	25.7	36.7	15.42	1.1298	0.00	115	1	100.0	5
24/06/19	10:30 p	26.7	26.7	26.6	93	25.4	0.4	ESE	0.13	0.9	ESE	26.7	31.1	31.1	30.5	1014.7	0.00	0.0	0	0.00	0	0.0	0.00	0.0	0.000	0.029	29.7	79	25.7	36.7	15.42	1.1299	0.00	115	1	100.0	5
24/06/19	10:35 p	26.7	26.7	26.7	93	25.4	0.0	ESE	0.00	0.4	ESE	26.7	31.1	31.1	30.5	1014.7	0.00	0.0	0	0.00	0	0.0	0.00	0.0	0.000	0.029	29.7	79	25.6	36.6	15.43	1.1302	0.00	116	1	100.0	5
24/06/19	10:40 p	26.7	26.7	26.7	94	25.7	0.0	ESE	0.00	0.4	ESE	26.7	31.4	31.4	30.9	1014.9	0.00	0.0	0	0.00	0	0.0	0.00	0.0	0.000	0.029	29.7	79	25.6	36.6	15.43	1.1304	0.00	117	1	100.0	5
24/06/19	10:45 p	26.7	26.7	26.7	94	25.7	0.0	---	0.00	0.0	---	26.7	31.4	31.4	30.9	1015.1	0.00	0.0	0	0.00	0	0.0	0.00	0.0	0.000	0.029	29.7	79	25.6	36.6	15.43	1.1306	0.00	117	1	100.0	5
24/06/19	10:50 p	26.7	26.7	26.7	93	25.4	0.0	ESE	0.00	0.4	ESE	26.7	31.1	31.1	30.5	1015.0	0.00	0.0	0	0.00	0	0.0	0.00	0.0	0.000	0.029	29.6	79	25.6	36.4	15.43	1.1309	0.00	117	1	100.0	5
24/06/19	10:55 p	26.7	26.7	26.7	93	25.5	0.0	ESE	0.00	0.9	ESE	26.7	31.2	31.2	30.7	1015.1	0.00	0.0	0	0.00	0	0.0	0.00	0.0	0.000	0.029	29.7	79	25.6	36.6	15.43	1.1307	0.00	117	1	100.0	5
24/06/19	11:00 p	26.7	26.7	26.7	93	25.4	0.4	ESE	0.13	0.9	ESE	26.7	31.1	31.1	30.5	1015.1	0.00	0.0	0	0.00	0	0.0	0.00	0.0	0.000	0.029	29.6	79	25.6	36.4	15.43	1.1309	0.00	115	1	100.0	5
24/06/19	11:05 p	26.7	26.7	26.7	94	25.7	0.4	ENE	0.13	0.9	E	26.7	31.4	31.4	30.9	1015.0	0.00	0.0	0	0.00	0	0.0	0.00	0.0	0.000	0.029	29.6	79	25.6	36.4	15.43	1.1309	0.00	114	1	100.0	5
24/06/19	11:10 p	26.7	26.7	26.6	94	25.6	0.4	NE	0.13	0.9	NE	26.7	31.2	31.2	30.7	1015.0	0.00	0.0	0	0.00	0	0.0	0.00	0.0	0.000	0.029	29.6	79	25.6	36.4	15.43	1.1308	0.00	117	1	100.0	5
24/06/19	11:15 p	26.5	26.7	26.5	94	25.5	0.4	NNE	0.13	0.9	NNE	26.5	30.8	30.8	30.2	1014.9	0.00	0.0	0	0.00	0	0.0	0.00	0.0	0.000	0.028	29.6	79	25.6	36.4	15.43	1.1308	0.00	117	1	100.0	5
24/06/19	11:20 p	26.4	26.6	26.4	94	25.4	0.0	NNE	0.00	0.4	NNE	26.4	30.7	30.7	30.1	1014.8	0.00	0.0	0	0.00	0	0.0	0.00	0.0	0.000	0.028	29.6	79	25.6	36.4	15.43	1.1306	0.00	116	1	100.0	5
24/06/19	11:25 p	26.4	26.4	26.4	95	25.5	0.0	---	0.00	0.0	---	26.4	30.7	30.7	30.1	1014.7	0.00	0.0	0	0.00	0	0.0	0.00	0.0	0.000	0.028	29.6	79	25.6	36.4	15.43	1.1305	0.00	118	1	100.0	5
24/06/19	11:30 p	26.4	26.4	26.4	94	25.4	0.0	---	0.00	0.0	---	26.4	30.7	30.7	30.1	1014.7	0.00	0.0	0	0.00	0	0.0	0.00	0.0	0.000	0.028	29.6	79	25.5	36.2	15.44	1.1308	0.00	117	1	100.0	5
24/06/19	11:35 p	26.4	26.4	26.4	94	25.4	0.0	---	0.00	0.0	---	26.4	30.7	30.7	30.1	1014.7	0.00	0.0	0	0.00	0	0.0	0.00	0.0	0.000	0.028	29.6	79	25.6	36.4	15.43	1.1305	0.00	114	1	100.0	5
24/06/19	11:40 p	26.4	26.5	26.4	95	25.6	0.0	---	0.00	0.0	---	26.4	30.8	30.8	30.3	1014.7	0.00	0.0	0	0.00	0	0.0	0.00	0.0	0.000	0.028	29.6	79	25.5	36.2	15.44	1.1309	0.00	115	1	100.0	5
24/06/19	11:45 p	26.5	26.5	26.4	95	25.6	0.0	NNE	0.00	0.9	NNE	26.5	30.9	30.9	30.4	1014.7	0.00	0.0	0	0.00	0	0.0	0.00	0.0	0.000	0.028	29.6	79	25.5	36.2	15.44	1.1308	0.00	117	1	100.0	5
24/06/19	11:50 p	26.4	26.5	26.4	94	25.4	0.0	---	0.00	0.0	---	26.4	30.7	30.7	30.1	1014.8	0.00	0.0	0	0.00	0	0.0	0.00	0.0	0.000	0.028	29.6	79	25.5	36.2	15.44	1.1310	0.00	117	1	100.0	5
24/06/19	11:55 p	26.5	26.5	26.4	94	25.5	0.0	NE	0.00	0.4	NNE	26.5	30.8	30.8	30.2	1014.9	0.00	0.0	0	0.00	0	0.0	0.00	0.0	0.000	0.028	29.6	79	25.5	36.2	15.44	1.1311	0.00	117	1	100.0	5
