		Temp	Hi	Low	Out	Dew	Wind	Wind	Wind	Hi	Hi	Wind	Heat	THW	THSW			Rain	Solar	Solar	Hi Solar	UV 	UV 	Hi 	Heat	Cool	In 	In	In 	In 	In 	In Air		Wind	Wind	ISS 	Arc.
Date	Time	Out	Temp	Temp	Hum	Pt.	Speed	Dir	Run	Speed	Dir	Chill	Index	Index	Index	Bar  	Rain	Rate	Rad.	Energy	Rad. 	Index	Dose	UV 	D-D 	D-D 	Temp	Hum	Dew	Heat	EMC	Density	ET 	Samp	Tx 	Recept	Int.
25/06/19	12:00 a	26.6	26.6	26.4	94	25.5	0.0	NE	0.00	0.4	NE	26.6	30.9	30.9	30.4	1014.9	0.00	0.0	0	0.00	0	0.0	0.00	0.0	0.000	0.029	29.6	79	25.5	36.2	15.44	1.1310	0.00	117	1	100.0	5
25/06/19	12:05 a	26.6	26.6	26.6	94	25.6	0.0	NE	0.00	0.4	NE	26.6	31.1	31.1	30.6	1014.9	0.00	0.0	0	0.00	0	0.0	0.00	0.0	0.000	0.029	29.6	79	25.5	36.2	15.44	1.1311	0.00	114	1	100.0	5
25/06/19	12:10 a	26.6	26.6	26.6	94	25.5	0.4	NE	0.13	0.9	NE	26.6	30.9	30.9	30.4	1014.9	0.00	0.0	0	0.00	0	0.0	0.00	0.0	0.000	0.029	29.6	79	25.5	36.2	15.44	1.1310	0.00	114	1	100.0	5
25/06/19	12:15 a	26.6	26.6	26.6	94	25.5	0.4	ENE	0.13	1.3	E	26.6	30.9	30.9	30.4	1014.8	0.00	0.0	0	0.00	0	0.0	0.00	0.0	0.000	0.029	29.5	79	25.5	36.1	15.44	1.1313	0.00	114	1	100.0	5
25/06/19	12:20 a	26.6	26.6	26.6	94	25.5	0.4	E	0.13	1.3	E	26.6	30.9	30.9	30.4	1014.7	0.00	0.0	0	0.00	0	0.0	0.00	0.0	0.000	0.029	29.5	79	25.5	36.1	15.44	1.1311	0.00	117	1	100.0	5
25/06/19	12:25 a	26.6	26.6	26.6	94	25.6	0.4	ESE	0.13	0.9	E	26.6	31.1	31.1	30.6	1014.6	0.00	0.0	0	0.00	0	0.0	0.00	0.0	0.000	0.029	29.5	79	25.5	36.1	15.44	1.1310	0.00	117	1	100.0	5
25/06/19	12:30 a	26.6	26.6	26.6	94	25.6	0.4	SSE	0.13	1.3	SE	26.6	31.1	31.1	30.6	1014.6	0.00	0.0	0	0.00	0	0.0	0.00	0.0	0.000	0.029	29.5	79	25.5	36.1	15.44	1.1310	0.00	117	1	100.0	5
25/06/19	12:35 a	26.6	26.6	26.6	94	25.5	0.4	SSE	0.13	0.9	SSE	26.6	30.9	30.9	30.4	1014.6	0.00	0.0	0	0.00	0	0.0	0.00	0.0	0.000	0.029	29.4	79	25.4	35.9	15.45	1.1313	0.00	117	1	100.0	5
25/06/19	12:40 a	26.5	26.6	26.5	95	25.6	0.4	SSE	0.13	0.9	SSE	26.5	30.9	30.9	30.4	1014.7	0.00	0.0	0	0.00	0	0.0	0.00	0.0	0.000	0.028	29.5	79	25.5	36.1	15.44	1.1311	0.00	116	1	100.0	5
25/06/19	12:45 a	26.5	26.5	26.4	95	25.6	0.9	ESE	0.27	1.8	SSE	26.5	30.9	30.9	30.4	1014.7	0.00	0.0	0	0.00	0	0.0	0.00	0.0	0.000	0.028	29.4	79	25.4	35.9	15.45	1.1315	0.00	113	1	99.1	5
25/06/19	12:50 a	26.5	26.6	26.4	95	25.6	0.4	SSE	0.13	1.8	SE	26.5	30.9	30.9	30.4	1014.9	0.00	0.0	0	0.00	0	0.0	0.00	0.0	0.000	0.028	29.4	79	25.4	35.9	15.45	1.1317	0.00	116	1	100.0	5
25/06/19	12:55 a	26.4	26.6	26.4	92	25.0	2.2	SE	0.67	5.4	SSE	26.4	30.3	30.3	29.8	1015.1	0.00	0.0	0	0.00	0	0.0	0.00	0.0	0.000	0.028	29.4	79	25.4	35.9	15.45	1.1319	0.00	117	1	100.0	5
25/06/19	1:00 a	26.4	26.5	26.4	83	23.3	3.6	SSE	1.07	8.9	SSE	26.2	29.2	29.0	28.4	1015.1	0.00	0.0	0	0.00	0	0.0	0.00	0.0	0.000	0.028	29.4	79	25.4	35.9	15.45	1.1320	0.00	116	1	100.0	5
25/06/19	1:05 a	26.1	26.4	26.0	83	22.9	2.7	SE	0.80	5.8	ESE	26.1	28.6	28.6	27.9	1015.1	0.00	0.0	0	0.00	0	0.0	0.00	0.0	0.000	0.027	29.4	78	25.1	35.6	15.15	1.1327	0.00	117	1	100.0	5
25/06/19	1:10 a	25.8	26.0	25.8	84	22.9	3.1	ESE	0.94	5.8	E	25.8	28.2	28.2	27.6	1015.5	0.00	0.0	0	0.00	0	0.0	0.00	0.0	0.000	0.026	29.4	77	24.9	35.3	14.85	1.1336	0.00	117	1	100.0	5
25/06/19	1:15 a	25.7	25.9	25.7	85	23.0	4.9	E	1.48	8.9	ESE	24.6	28.1	26.9	26.4	1015.5	0.40	14.0	0	0.00	0	0.0	0.00	0.0	0.000	0.026	29.4	77	24.9	35.3	14.85	1.1337	0.00	116	1	100.0	5
25/06/19	1:20 a	24.8	25.7	24.8	89	22.8	4.0	E	1.21	7.6	E	24.1	26.6	25.9	25.3	1015.3	1.60	39.0	0	0.00	0	0.0	0.00	0.0	0.000	0.022	29.3	76	24.7	34.9	14.55	1.1343	0.00	115	1	100.0	5
25/06/19	1:25 a	23.9	24.7	23.9	91	22.4	4.0	ENE	1.21	8.9	ESE	23.2	25.5	24.8	24.2	1015.6	3.20	53.0	0	0.00	0	0.0	0.00	0.0	0.000	0.019	29.2	75	24.3	34.4	14.26	1.1357	0.00	115	1	100.0	5
25/06/19	1:30 a	23.6	23.9	23.6	93	22.4	1.8	ENE	0.54	3.6	E	23.6	25.1	25.1	24.4	1014.9	2.20	52.8	0	0.00	0	0.0	0.00	0.0	0.000	0.018	29.1	75	24.2	34.2	14.26	1.1356	0.00	117	1	100.0	5
25/06/19	1:35 a	23.3	23.6	23.3	93	22.1	0.9	S	0.27	1.8	NE	23.3	24.7	24.7	24.0	1014.3	2.80	63.0	0	0.00	0	0.0	0.00	0.0	0.000	0.017	29.0	75	24.1	33.9	14.27	1.1355	0.00	117	1	100.0	5
25/06/19	1:40 a	23.1	23.3	23.1	94	22.0	0.9	NW	0.27	1.3	SW	23.1	24.4	24.4	23.8	1014.0	1.00	38.2	0	0.00	0	0.0	0.00	0.0	0.000	0.016	28.9	74	23.8	33.6	13.87	1.1359	0.00	117	1	100.0	5
25/06/19	1:45 a	22.9	23.1	22.9	94	21.9	1.3	E	0.40	2.7	ESE	22.9	24.3	24.3	23.7	1014.5	0.40	7.6	0	0.00	0	0.0	0.00	0.0	0.000	0.016	28.9	74	23.8	33.4	13.87	1.1368	0.00	116	1	100.0	5
25/06/19	1:50 a	22.8	23.0	22.8	93	21.6	1.8	ESE	0.54	3.1	ESE	22.8	24.2	24.2	23.4	1014.3	0.20	6.4	0	0.00	0	0.0	0.00	0.0	0.000	0.016	28.8	74	23.7	33.3	13.87	1.1369	0.00	116	1	100.0	5
25/06/19	1:55 a	22.8	22.8	22.7	94	21.8	1.3	ESE	0.40	2.7	E	22.8	24.1	24.1	23.4	1014.1	0.00	1.4	0	0.00	0	0.0	0.00	0.0	0.000	0.015	28.8	74	23.7	33.3	13.87	1.1366	0.00	115	1	100.0	5
25/06/19	2:00 a	22.9	22.9	22.8	95	22.1	0.9	ESE	0.27	1.8	SE	22.9	24.4	24.4	23.7	1013.8	0.00	0.8	0	0.00	0	0.0	0.00	0.0	0.000	0.016	28.8	74	23.7	33.3	13.87	1.1363	0.03	115	1	100.0	5
25/06/19	2:05 a	22.9	23.0	22.9	94	21.9	0.9	ESE	0.27	1.8	ESE	22.9	24.3	24.3	23.7	1013.6	0.00	0.0	0	0.00	0	0.0	0.00	0.0	0.000	0.016	28.8	74	23.7	33.2	13.87	1.1364	0.00	117	1	100.0	5
25/06/19	2:10 a	23.1	23.1	22.9	95	22.3	0.9	E	0.27	1.8	E	23.1	24.6	24.6	23.9	1013.5	0.20	0.0	0	0.00	0	0.0	0.00	0.0	0.000	0.017	28.8	74	23.7	33.2	13.87	1.1363	0.00	117	1	100.0	5
25/06/19	2:15 a	23.2	23.2	23.1	94	22.1	0.9	E	0.27	1.8	E	23.2	24.6	24.6	23.9	1013.3	0.00	0.0	0	0.00	0	0.0	0.00	0.0	0.000	0.017	28.8	74	23.7	33.2	13.87	1.1361	0.00	117	1	100.0	5
25/06/19	2:20 a	23.2	23.3	23.2	94	22.2	1.8	E	0.54	3.1	ESE	23.2	24.7	24.7	24.0	1013.3	0.20	1.0	0	0.00	0	0.0	0.00	0.0	0.000	0.017	28.7	74	23.6	33.1	13.88	1.1364	0.00	117	1	100.0	5
25/06/19	2:25 a	23.3	23.3	23.2	94	22.3	2.2	E	0.67	3.1	E	23.3	24.7	24.7	24.1	1013.3	0.00	1.0	0	0.00	0	0.0	0.00	0.0	0.000	0.017	28.7	74	23.6	33.1	13.88	1.1364	0.00	116	1	100.0	5
25/06/19	2:30 a	23.2	23.3	23.2	94	22.2	1.8	E	0.54	4.0	ENE	23.2	24.7	24.7	24.0	1013.1	0.20	1.6	0	0.00	0	0.0	0.00	0.0	0.000	0.017	28.7	74	23.6	33.1	13.88	1.1361	0.00	115	1	100.0	5
25/06/19	2:35 a	23.3	23.3	23.2	94	22.3	2.2	E	0.67	4.0	E	23.3	24.8	24.8	24.1	1013.0	0.20	1.6	0	0.00	0	0.0	0.00	0.0	0.000	0.017	28.7	74	23.6	32.9	13.88	1.1363	0.00	114	1	100.0	5
25/06/19	2:40 a	23.4	23.4	23.3	93	22.2	1.3	E	0.40	3.6	E	23.4	24.9	24.9	24.2	1012.8	0.00	1.6	0	0.00	0	0.0	0.00	0.0	0.000	0.018	28.7	74	23.6	32.9	13.88	1.1361	0.00	117	1	100.0	5
25/06/19	2:45 a	23.4	23.5	23.4	94	22.4	1.3	E	0.40	3.1	E	23.4	24.9	24.9	24.3	1012.8	0.20	1.6	0	0.00	0	0.0	0.00	0.0	0.000	0.018	28.6	74	23.5	32.8	13.88	1.1364	0.00	117	1	100.0	5
25/06/19	2:50 a	23.4	23.4	23.3	94	22.4	1.3	E	0.40	3.1	E	23.4	24.9	24.9	24.2	1012.7	0.20	1.8	0	0.00	0	0.0	0.00	0.0	0.000	0.018	28.6	74	23.5	32.7	13.88	1.1366	0.00	117	1	100.0	5
25/06/19	2:55 a	23.3	23.3	23.3	94	22.3	1.8	E	0.54	3.1	E	23.3	24.7	24.7	24.1	1012.6	0.00	1.8	0	0.00	0	0.0	0.00	0.0	0.000	0.017	28.5	74	23.4	32.6	13.88	1.1368	0.00	115	1	100.0	5
25/06/19	3:00 a	23.4	23.4	23.3	94	22.4	1.8	E	0.54	3.6	E	23.4	24.9	24.9	24.3	1012.3	0.20	1.8	0	0.00	0	0.0	0.00	0.0	0.000	0.018	28.4	74	23.4	32.4	13.89	1.1368	0.00	117	1	100.0	5
25/06/19	3:05 a	23.6	23.6	23.4	92	22.2	2.7	E	0.80	5.4	E	23.6	25.0	25.0	24.3	1012.2	0.00	1.4	0	0.00	0	0.0	0.00	0.0	0.000	0.018	28.4	74	23.3	32.3	13.89	1.1370	0.00	114	1	100.0	5
25/06/19	3:10 a	23.9	23.9	23.6	89	22.0	3.1	E	0.94	8.9	E	23.9	25.3	25.3	24.7	1012.1	0.20	1.4	0	0.00	0	0.0	0.00	0.0	0.000	0.019	28.4	73	23.1	32.1	13.59	1.1373	0.00	112	1	98.2	5
25/06/19	3:15 a	24.1	24.1	23.9	89	22.1	2.2	E	0.67	5.4	E	24.1	25.6	25.6	24.9	1012.0	0.00	1.2	0	0.00	0	0.0	0.00	0.0	0.000	0.020	28.3	73	23.0	32.0	13.59	1.1375	0.00	115	1	100.0	5
25/06/19	3:20 a	23.9	24.1	23.9	91	22.3	1.8	ENE	0.54	4.0	ENE	23.9	25.4	25.4	24.7	1011.9	0.00	0.8	0	0.00	0	0.0	0.00	0.0	0.000	0.019	28.3	73	23.0	31.9	13.59	1.1377	0.00	114	1	100.0	5
25/06/19	3:25 a	23.8	23.9	23.8	92	22.5	1.8	ENE	0.54	4.0	ENE	23.8	25.4	25.4	24.7	1011.7	0.00	0.0	0	0.00	0	0.0	0.00	0.0	0.000	0.019	28.2	73	22.9	31.8	13.59	1.1378	0.00	113	1	99.1	5
25/06/19	3:30 a	23.8	23.8	23.7	91	22.2	1.8	ENE	0.54	4.5	E	23.8	25.3	25.3	24.6	1011.6	0.00	0.0	0	0.00	0	0.0	0.00	0.0	0.000	0.019	28.2	73	22.9	31.7	13.60	1.1380	0.00	116	1	100.0	5
25/06/19	3:35 a	23.9	23.9	23.8	89	22.0	2.2	E	0.67	4.9	NE	23.9	25.4	25.4	24.7	1011.5	0.00	0.0	0	0.00	0	0.0	0.00	0.0	0.000	0.019	28.2	73	22.9	31.7	13.60	1.1379	0.00	115	1	100.0	5
25/06/19	3:40 a	24.1	24.1	23.9	89	22.1	1.8	E	0.54	3.1	E	24.1	25.6	25.6	24.9	1011.4	0.00	0.0	0	0.00	0	0.0	0.00	0.0	0.000	0.020	28.2	73	22.9	31.7	13.60	1.1378	0.00	115	1	100.0	5
25/06/19	3:45 a	24.1	24.1	24.0	88	22.0	1.8	NE	0.54	3.6	NNE	24.1	25.6	25.6	24.9	1011.3	0.20	0.0	0	0.00	0	0.0	0.00	0.0	0.000	0.020	28.1	73	22.8	31.6	13.60	1.1380	0.00	112	1	98.2	5
25/06/19	3:50 a	24.0	24.1	24.0	89	22.1	1.3	NE	0.40	2.2	NE	24.0	25.5	25.5	24.8	1011.3	0.00	0.0	0	0.00	0	0.0	0.00	0.0	0.000	0.020	28.1	73	22.8	31.6	13.60	1.1380	0.00	116	1	100.0	5
25/06/19	3:55 a	23.9	24.0	23.9	90	22.1	0.9	N	0.27	3.6	E	23.9	25.3	25.3	24.7	1011.4	0.00	0.0	0	0.00	0	0.0	0.00	0.0	0.000	0.019	28.1	73	22.8	31.4	13.60	1.1384	0.00	117	1	100.0	5
25/06/19	4:00 a	23.8	23.9	23.8	90	22.0	0.4	N	0.13	1.3	NNE	23.8	25.2	25.2	24.5	1011.2	0.00	0.0	0	0.00	0	0.0	0.00	0.0	0.000	0.019	28.1	73	22.8	31.4	13.60	1.1382	0.03	117	1	100.0	5
25/06/19	4:05 a	23.8	23.8	23.7	89	21.9	1.3	NNE	0.40	3.1	NNE	23.8	25.2	25.2	24.5	1011.3	0.00	0.0	0	0.00	0	0.0	0.00	0.0	0.000	0.019	28.1	73	22.8	31.4	13.60	1.1383	0.00	117	1	100.0	5
25/06/19	4:10 a	24.3	24.3	23.8	86	21.8	1.8	ENE	0.54	4.0	ENE	24.3	25.8	25.8	25.2	1011.2	0.00	0.0	0	0.00	0	0.0	0.00	0.0	0.000	0.021	28.1	72	22.5	31.3	13.25	1.1386	0.00	117	1	100.0	5
25/06/19	4:15 a	24.4	24.5	24.3	85	21.8	3.1	NE	0.94	4.9	NE	24.4	25.9	25.9	25.3	1011.2	0.00	0.0	0	0.00	0	0.0	0.00	0.0	0.000	0.021	28.0	72	22.5	31.2	13.25	1.1389	0.00	114	1	100.0	5
25/06/19	4:20 a	24.6	24.6	24.5	85	21.9	2.2	ENE	0.67	4.5	ENE	24.6	26.1	26.1	25.4	1011.0	0.00	0.0	0	0.00	0	0.0	0.00	0.0	0.000	0.022	28.0	72	22.5	31.2	13.25	1.1387	0.00	113	1	99.1	5
25/06/19	4:25 a	24.7	24.7	24.6	84	21.8	1.8	ENE	0.54	4.0	NE	24.7	26.2	26.2	25.6	1011.0	0.00	0.0	0	0.00	0	0.0	0.00	0.0	0.000	0.022	27.9	72	22.4	31.0	13.25	1.1390	0.00	115	1	100.0	5
25/06/19	4:30 a	24.6	24.7	24.6	85	21.9	0.9	NE	0.27	2.2	NE	24.6	26.1	26.1	25.4	1011.1	0.00	0.0	0	0.00	0	0.0	0.00	0.0	0.000	0.022	27.9	72	22.4	31.0	13.25	1.1392	0.00	117	1	100.0	5
25/06/19	4:35 a	24.3	24.5	24.3	87	22.0	1.3	NNE	0.40	3.1	NE	24.3	25.8	25.8	25.1	1011.2	0.00	0.0	0	0.00	0	0.0	0.00	0.0	0.000	0.021	27.9	72	22.4	31.0	13.25	1.1393	0.00	117	1	100.0	5
25/06/19	4:40 a	24.0	24.2	24.0	89	22.1	0.4	NNW	0.13	1.3	NW	24.0	25.5	25.5	24.8	1011.3	0.00	0.0	0	0.00	0	0.0	0.00	0.0	0.000	0.020	27.9	72	22.4	31.0	13.25	1.1394	0.00	117	1	100.0	5
25/06/19	4:45 a	23.8	24.0	23.8	89	21.9	0.9	NW	0.27	3.6	N	23.8	25.2	25.2	24.5	1011.3	0.00	0.0	0	0.00	0	0.0	0.00	0.0	0.000	0.019	27.9	72	22.4	31.0	13.25	1.1393	0.00	116	1	100.0	5
25/06/19	4:50 a	24.1	24.1	23.8	88	22.0	1.3	NNE	0.40	4.5	NNE	24.1	25.6	25.6	24.9	1011.4	0.00	0.0	0	0.00	0	0.0	0.00	0.0	0.000	0.020	27.9	72	22.4	31.0	13.25	1.1395	0.00	115	1	100.0	5
25/06/19	4:55 a	24.4	24.4	24.1	87	22.1	1.8	ENE	0.54	3.6	ENE	24.4	26.0	26.0	25.3	1011.4	0.00	0.0	0	0.00	0	0.0	0.00	0.0	0.000	0.021	27.9	72	22.4	31.0	13.25	1.1395	0.00	115	1	100.0	5
25/06/19	5:00 a	24.6	24.6	24.4	86	22.1	1.8	NE	0.54	4.5	ENE	24.6	26.2	26.2	25.5	1011.5	0.00	0.0	0	0.00	0	0.0	0.00	0.0	0.000	0.022	27.9	72	22.4	30.9	13.25	1.1399	0.03	115	1	100.0	5
25/06/19	5:05 a	24.4	24.6	24.4	86	21.9	1.3	NE	0.40	3.6	N	24.4	26.0	26.0	25.3	1011.6	0.00	0.0	0	0.00	0	0.0	0.00	0.0	0.000	0.021	27.8	72	22.3	30.8	13.25	1.1403	0.00	116	1	100.0	5
25/06/19	5:10 a	24.0	24.4	24.0	89	22.1	1.3	NW	0.40	2.2	NNE	24.0	25.5	25.5	24.8	1011.8	0.00	0.0	0	0.00	0	0.0	0.00	0.0	0.000	0.020	27.9	72	22.4	30.9	13.25	1.1403	0.00	117	1	100.0	5
25/06/19	5:15 a	23.7	24.0	23.7	91	22.2	0.9	NNW	0.27	2.2	NW	23.7	25.2	25.2	24.5	1011.8	0.00	0.0	0	0.00	0	0.0	0.00	0.0	0.000	0.019	27.8	72	22.3	30.8	13.25	1.1406	0.00	116	1	100.0	5
25/06/19	5:20 a	23.7	23.7	23.7	91	22.1	1.3	NNW	0.40	2.2	NNW	23.7	25.1	25.1	24.4	1011.8	0.00	0.0	0	0.00	0	0.0	0.00	0.0	0.000	0.019	27.9	72	22.4	30.9	13.25	1.1403	0.00	115	1	100.0	5
25/06/19	5:25 a	23.8	23.9	23.7	90	22.1	1.3	NNW	0.40	2.7	W	23.8	25.3	25.3	24.6	1011.8	0.00	0.0	0	0.00	0	0.0	0.00	0.0	0.000	0.019	27.8	72	22.3	30.8	13.25	1.1405	0.00	115	1	100.0	5
25/06/19	5:30 a	23.9	23.9	23.8	90	22.1	0.9	NW	0.27	2.2	NNW	23.9	25.3	25.3	24.7	1011.8	0.00	0.0	0	0.00	0	0.0	0.00	0.0	0.000	0.019	27.8	72	22.3	30.8	13.25	1.1406	0.00	113	1	99.1	5
25/06/19	5:35 a	23.8	23.9	23.8	90	22.1	0.9	N	0.27	1.8	N	23.8	25.3	25.3	24.6	1011.8	0.00	0.0	0	0.00	0	0.0	0.00	0.0	0.000	0.019	27.8	72	22.3	30.8	13.25	1.1405	0.00	115	1	100.0	5
25/06/19	5:40 a	23.9	23.9	23.8	90	22.2	1.3	NNE	0.40	2.2	NE	23.9	25.4	25.4	24.7	1011.8	0.00	0.0	0	0.00	0	0.0	0.00	0.0	0.000	0.019	27.8	72	22.3	30.8	13.25	1.1406	0.00	116	1	100.0	5
25/06/19	5:45 a	24.2	24.2	23.9	89	22.2	0.9	NNE	0.27	2.2	NNE	24.2	25.7	25.7	25.1	1012.1	0.00	0.0	0	0.00	0	0.0	0.00	0.0	0.000	0.020	27.8	72	22.3	30.8	13.25	1.1408	0.00	117	1	100.0	5
25/06/19	5:50 a	24.4	24.4	24.2	88	22.3	0.9	NE	0.27	2.7	NE	24.4	25.9	25.9	25.3	1012.1	0.00	0.0	0	0.00	0	0.0	0.00	0.0	0.000	0.021	27.8	73	22.5	30.9	13.61	1.1404	0.00	117	1	100.0	5
25/06/19	5:55 a	24.4	24.4	24.4	88	22.3	1.3	NE	0.40	3.6	NNE	24.4	26.1	26.1	25.4	1012.1	0.00	0.0	0	0.00	0	0.0	0.00	0.0	0.000	0.021	27.8	73	22.5	30.9	13.61	1.1405	0.00	117	1	100.0	5
25/06/19	6:00 a	24.4	24.5	24.4	87	22.1	1.3	NE	0.40	3.1	NNE	24.4	26.0	26.0	25.3	1012.1	0.00	0.0	0	0.00	0	0.0	0.00	0.0	0.000	0.021	27.8	73	22.5	30.9	13.61	1.1405	0.00	116	1	100.0	5
25/06/19	6:05 a	24.4	24.4	24.4	88	22.3	1.3	NNE	0.40	2.2	NNE	24.4	26.1	26.1	25.4	1012.2	0.00	0.0	0	0.00	0	0.0	0.00	0.0	0.000	0.021	27.8	73	22.5	30.9	13.61	1.1406	0.00	114	1	100.0	5
25/06/19	6:10 a	24.4	24.5	24.4	88	22.3	0.9	NNE	0.27	1.8	NNE	24.4	26.1	26.1	25.4	1012.4	0.00	0.0	5	0.04	5	0.0	0.00	0.0	0.000	0.021	27.8	73	22.5	30.9	13.61	1.1408	0.00	113	1	99.1	5
25/06/19	6:15 a	24.4	24.4	24.4	88	22.3	0.9	NNE	0.27	1.8	NE	24.4	26.1	26.1	25.4	1012.6	0.00	0.0	6	0.04	7	0.0	0.00	0.0	0.000	0.021	27.8	71	22.1	30.7	12.97	1.1419	0.00	117	1	100.0	5
25/06/19	6:20 a	24.6	24.6	24.4	88	22.4	1.3	NE	0.40	3.1	NNE	24.6	26.2	26.2	25.7	1012.7	0.00	0.0	8	0.06	9	0.0	0.00	0.0	0.000	0.022	27.6	64	20.2	29.3	11.52	1.1463	0.00	117	1	100.0	5
25/06/19	6:25 a	24.5	24.6	24.5	88	22.4	0.9	ENE	0.27	1.3	ENE	24.5	26.1	26.1	25.6	1012.7	0.00	0.0	10	0.07	11	0.0	0.00	0.0	0.000	0.021	27.2	58	18.2	27.9	10.35	1.1511	0.00	117	1	100.0	5
25/06/19	6:30 a	24.4	24.5	24.4	88	22.3	0.9	NE	0.27	2.2	NE	24.4	25.9	25.9	25.4	1012.8	0.00	0.0	11	0.08	11	0.0	0.00	0.0	0.000	0.021	26.8	53	16.4	27.1	9.65	1.1553	0.00	117	1	100.0	5
25/06/19	6:35 a	24.4	24.4	24.3	88	22.3	1.3	NE	0.40	2.7	NE	24.4	25.9	25.9	25.4	1012.9	0.00	0.0	12	0.09	12	0.0	0.00	0.0	0.000	0.021	26.5	55	16.7	26.8	9.86	1.1561	0.00	116	1	100.0	5
25/06/19	6:40 a	24.3	24.4	24.3	89	22.4	0.9	NE	0.27	2.2	NE	24.3	25.9	25.9	25.4	1013.0	0.00	0.0	13	0.09	14	0.0	0.00	0.0	0.000	0.021	26.2	53	15.9	26.4	9.65	1.1585	0.00	114	1	100.0	5
25/06/19	6:45 a	24.3	24.4	24.3	90	22.5	0.9	ENE	0.27	1.8	NE	24.3	25.9	25.9	25.4	1013.0	0.00	0.0	15	0.11	16	0.0	0.00	0.0	0.000	0.021	26.0	53	15.7	26.2	9.65	1.1596	0.00	114	1	100.0	5
25/06/19	6:50 a	24.3	24.3	24.2	90	22.5	0.4	ENE	0.13	0.9	ENE	24.3	25.9	25.9	25.4	1012.9	0.00	0.0	18	0.13	19	0.0	0.00	0.0	0.000	0.021	25.8	55	16.1	26.1	9.91	1.1595	0.00	117	1	100.0	5
25/06/19	6:55 a	24.3	24.3	24.2	90	22.5	0.4	ENE	0.13	0.9	ENE	24.3	25.9	25.9	25.5	1013.1	0.00	0.0	22	0.16	25	0.0	0.00	0.0	0.000	0.021	25.7	52	15.1	25.7	9.49	1.1617	0.00	114	1	100.0	5
25/06/19	7:00 a	24.3	24.3	24.3	91	22.7	0.4	ENE	0.13	1.3	ENE	24.3	25.9	25.9	25.7	1013.2	0.00	0.0	29	0.21	33	0.0	0.00	0.0	0.000	0.021	25.6	55	15.8	25.7	9.93	1.1613	0.03	112	1	98.2	5
25/06/19	7:05 a	24.2	24.3	24.2	91	22.7	0.4	ENE	0.13	0.9	ENE	24.2	25.9	25.9	25.7	1013.2	0.00	0.0	37	0.27	40	0.0	0.00	0.0	0.000	0.020	25.4	54	15.5	25.6	9.79	1.1622	0.00	113	1	99.1	5
25/06/19	7:10 a	24.3	24.3	24.2	90	22.6	0.9	E	0.27	1.8	E	24.3	25.9	25.9	25.8	1013.2	0.00	0.0	43	0.31	46	0.0	0.00	0.0	0.000	0.021	25.4	53	15.1	25.4	9.65	1.1629	0.00	116	1	100.0	5
25/06/19	7:15 a	24.4	24.4	24.3	90	22.6	1.3	E	0.40	3.1	ENE	24.4	26.1	26.1	26.0	1013.0	0.00	0.0	47	0.34	49	0.0	0.00	0.0	0.000	0.021	25.2	55	15.5	25.3	9.95	1.1628	0.00	114	1	100.0	5
25/06/19	7:20 a	24.4	24.4	24.4	90	22.6	1.8	E	0.54	3.1	E	24.4	26.1	26.1	26.1	1013.0	0.00	0.0	53	0.38	54	0.0	0.00	0.0	0.000	0.021	25.2	53	14.9	25.2	9.65	1.1638	0.00	113	1	99.1	5
25/06/19	7:25 a	24.5	24.5	24.4	89	22.6	1.3	E	0.40	3.1	E	24.5	26.2	26.2	26.3	1013.0	0.00	0.0	57	0.41	58	0.0	0.00	0.0	0.000	0.021	25.1	55	15.4	25.2	9.96	1.1633	0.00	111	1	97.4	5
25/06/19	7:30 a	24.6	24.6	24.5	89	22.6	1.3	E	0.40	2.7	E	24.6	26.3	26.3	26.4	1012.9	0.00	0.0	60	0.43	62	0.0	0.00	0.0	0.000	0.022	25.0	54	15.0	25.1	9.81	1.1642	0.00	111	1	97.4	5
25/06/19	7:35 a	24.6	24.6	24.6	89	22.7	1.3	E	0.40	3.1	E	24.6	26.3	26.3	26.6	1012.9	0.00	0.0	66	0.47	69	0.0	0.00	0.0	0.000	0.022	25.0	54	15.0	25.1	9.81	1.1642	0.00	113	1	99.1	5
25/06/19	7:40 a	24.7	24.7	24.6	89	22.7	1.3	E	0.40	2.7	E	24.7	26.4	26.4	26.8	1012.9	0.00	0.0	73	0.52	76	0.4	0.01	0.5	0.000	0.022	24.9	56	15.5	25.1	10.18	1.1640	0.00	115	1	100.0	5
25/06/19	7:45 a	24.8	24.8	24.7	89	22.8	1.3	E	0.40	2.7	E	24.8	26.6	26.6	28.1	1013.0	0.00	0.0	79	0.57	83	0.5	0.02	0.6	0.000	0.022	24.9	54	14.9	24.9	9.81	1.1649	0.00	114	1	100.0	5
25/06/19	7:50 a	24.8	24.8	24.7	88	22.7	0.9	E	0.27	1.8	E	24.8	26.7	26.7	28.3	1012.9	0.00	0.0	85	0.61	88	0.6	0.02	0.6	0.000	0.023	24.8	56	15.5	25.0	10.18	1.1643	0.00	116	1	100.0	5
25/06/19	7:55 a	24.9	24.9	24.8	90	23.1	0.9	ESE	0.27	1.3	E	24.9	26.8	26.8	28.7	1013.2	0.00	0.0	92	0.66	95	0.7	0.03	0.7	0.000	0.023	24.7	55	15.1	24.8	9.99	1.1655	0.00	114	1	100.0	5
25/06/19	8:00 a	24.8	24.9	24.8	89	22.9	1.3	S	0.40	2.2	S	24.8	26.7	26.7	28.7	1013.2	0.00	0.0	100	0.72	104	0.7	0.03	0.8	0.000	0.023	24.8	55	15.1	24.9	9.99	1.1653	0.05	114	1	100.0	5
25/06/19	8:05 a	24.9	24.9	24.8	91	23.3	0.9	SSW	0.27	2.2	SSE	24.9	26.9	26.9	29.2	1013.4	0.00	0.0	110	0.79	114	0.9	0.03	0.9	0.000	0.023	24.7	56	15.3	24.8	10.19	1.1657	0.00	117	1	100.0	5
25/06/19	8:10 a	24.9	24.9	24.8	91	23.3	0.9	S	0.27	1.8	S	24.9	26.9	26.9	29.3	1013.5	0.00	0.0	121	0.87	125	1.0	0.04	1.0	0.000	0.023	24.7	55	15.0	24.8	9.99	1.1662	0.00	112	1	98.2	5
25/06/19	8:15 a	24.9	24.9	24.9	90	23.1	1.8	S	0.54	3.1	SSW	24.9	26.8	26.8	29.4	1013.6	0.00	0.0	131	0.94	135	1.1	0.04	1.1	0.000	0.023	24.7	58	15.8	24.9	10.49	1.1652	0.00	117	1	100.0	5
25/06/19	8:20 a	24.9	24.9	24.8	91	23.3	1.3	S	0.40	3.1	SSE	24.9	26.9	26.9	29.7	1013.8	0.00	0.0	139	1.00	142	1.2	0.04	1.2	0.000	0.023	24.6	56	15.2	24.8	10.20	1.1665	0.00	116	1	100.0	5
25/06/19	8:25 a	24.9	24.9	24.8	91	23.3	1.8	S	0.54	3.1	SSE	24.9	26.9	26.9	29.8	1014.0	0.00	0.0	146	1.05	148	1.3	0.05	1.3	0.000	0.023	24.6	56	15.2	24.8	10.20	1.1667	0.00	116	1	100.0	5
25/06/19	8:30 a	25.0	25.0	24.9	90	23.2	1.8	S	0.54	3.1	SSW	25.0	27.0	27.0	29.9	1014.0	0.00	0.0	152	1.09	156	1.3	0.05	1.4	0.000	0.023	24.6	58	15.8	24.8	10.50	1.1660	0.00	115	1	100.0	5
25/06/19	8:35 a	25.1	25.1	24.9	90	23.4	1.8	S	0.54	4.0	S	25.1	27.2	27.2	30.3	1014.3	0.00	0.0	161	1.15	163	1.5	0.05	1.5	0.000	0.024	24.6	56	15.2	24.7	10.20	1.1673	0.00	115	1	100.0	5
25/06/19	8:40 a	25.2	25.2	25.1	90	23.4	1.3	S	0.40	3.1	SE	25.2	27.3	27.3	30.4	1014.3	0.00	0.0	167	1.20	171	1.6	0.06	1.6	0.000	0.024	24.6	58	15.7	24.8	10.50	1.1667	0.00	117	1	100.0	5
25/06/19	8:45 a	25.2	25.2	25.1	90	23.4	1.8	SSE	0.54	4.5	SSE	25.2	27.3	27.3	30.4	1014.5	0.00	0.0	174	1.25	176	1.7	0.06	1.7	0.000	0.024	24.5	57	15.4	24.7	10.31	1.1675	0.00	117	1	100.0	5
25/06/19	8:50 a	25.2	25.2	25.1	90	23.5	1.3	SSW	0.40	3.1	SSE	25.2	27.4	27.4	30.6	1014.7	0.00	0.0	176	1.26	176	1.8	0.06	1.8	0.000	0.024	24.5	57	15.4	24.7	10.31	1.1677	0.00	117	1	100.0	5
25/06/19	8:55 a	25.3	25.3	25.2	90	23.5	1.8	S	0.54	4.0	SSE	25.3	27.6	27.6	30.7	1014.7	0.00	0.0	180	1.29	183	1.8	0.06	1.9	0.000	0.024	24.5	59	16.0	24.7	10.71	1.1671	0.00	117	1	100.0	5
25/06/19	9:00 a	25.3	25.3	25.3	90	23.5	1.8	S	0.54	4.0	SSE	25.3	27.6	27.6	30.8	1014.8	0.00	0.0	194	1.39	202	2.0	0.07	2.0	0.000	0.024	24.5	57	15.4	24.7	10.31	1.1678	0.10	117	1	100.0	5
25/06/19	9:05 a	25.4	25.4	25.3	89	23.4	1.3	S	0.40	3.1	S	25.4	27.7	27.7	31.3	1014.9	0.00	0.0	219	1.57	227	2.2	0.08	2.2	0.000	0.024	24.5	60	16.2	24.8	10.91	1.1669	0.00	114	1	100.0	5
25/06/19	9:10 a	25.5	25.6	25.4	89	23.6	1.3	SSW	0.40	3.1	SSW	25.5	27.9	27.9	31.7	1015.0	0.00	0.0	236	1.69	241	2.4	0.09	2.5	0.000	0.025	24.4	58	15.6	24.7	10.51	1.1680	0.00	115	1	100.0	5
25/06/19	9:15 a	25.6	25.6	25.5	89	23.7	1.3	S	0.40	2.7	S	25.6	28.1	28.1	32.1	1015.0	0.00	0.0	251	1.80	260	2.6	0.09	2.7	0.000	0.025	24.5	59	16.0	24.7	10.71	1.1674	0.00	115	1	100.0	5
25/06/19	9:20 a	25.8	25.8	25.6	90	24.0	0.9	SSW	0.27	4.0	SSW	25.8	28.6	28.6	33.0	1014.9	0.00	0.0	289	2.07	315	2.9	0.10	3.1	0.000	0.026	24.4	60	16.2	24.7	10.91	1.1672	0.00	116	1	100.0	5
25/06/19	9:25 a	26.1	26.1	25.8	89	24.1	1.3	SSE	0.40	3.6	SE	26.1	29.1	29.1	34.7	1014.9	0.00	0.0	388	2.78	401	3.6	0.13	3.8	0.000	0.027	24.4	57	15.4	24.6	10.31	1.1682	0.00	117	1	100.0	5
25/06/19	9:30 a	26.3	26.3	26.1	87	24.0	0.9	SSE	0.27	4.5	SSE	26.3	29.5	29.5	35.0	1014.9	0.00	0.0	385	2.76	475	3.6	0.13	4.0	0.000	0.028	24.4	60	16.2	24.7	10.91	1.1672	0.00	118	1	100.0	5
25/06/19	9:35 a	26.3	26.4	26.2	88	24.2	1.3	SSE	0.40	3.6	SSE	26.3	29.6	29.6	33.9	1014.9	0.00	0.0	298	2.14	322	3.1	0.11	3.2	0.000	0.028	24.4	59	15.9	24.6	10.71	1.1678	0.00	116	1	100.0	5
25/06/19	9:40 a	26.2	26.3	26.2	87	23.9	0.9	S	0.27	2.2	SSE	26.2	29.3	29.3	33.1	1014.9	0.00	0.0	263	1.89	272	3.0	0.11	3.0	0.000	0.027	24.4	60	16.1	24.7	10.91	1.1674	0.00	115	1	100.0	5
25/06/19	9:45 a	26.3	26.3	26.2	88	24.1	0.9	S	0.27	2.2	SSE	26.3	29.5	29.5	32.8	1014.9	0.00	0.0	233	1.67	244	2.8	0.10	2.9	0.000	0.028	24.4	61	16.4	24.7	11.03	1.1672	0.00	113	1	99.1	5
25/06/19	9:50 a	26.2	26.3	26.2	88	24.1	0.9	SE	0.27	2.2	SSE	26.2	29.3	29.3	32.1	1014.8	0.00	0.0	200	1.43	214	2.4	0.09	2.5	0.000	0.027	24.4	58	15.6	24.6	10.51	1.1681	0.00	117	1	100.0	5
25/06/19	9:55 a	26.2	26.3	26.2	87	23.8	0.9	SSE	0.27	1.8	SE	26.2	29.1	29.1	31.4	1014.8	0.00	0.0	172	1.23	183	2.1	0.07	2.2	0.000	0.027	24.4	61	16.4	24.7	11.03	1.1670	0.00	117	1	100.0	5
25/06/19	10:00 a	26.2	26.2	26.2	89	24.2	0.9	SE	0.27	1.8	SE	26.2	29.3	29.3	31.2	1014.8	0.00	0.0	148	1.06	156	1.9	0.07	2.0	0.000	0.027	24.3	58	15.5	24.6	10.52	1.1684	0.18	116	1	100.0	5
25/06/19	10:05 a	25.9	26.2	25.9	89	24.0	0.9	SE	0.27	2.2	S	25.9	28.8	28.8	30.4	1014.7	0.00	0.0	130	0.93	137	1.7	0.06	1.7	0.000	0.026	24.4	60	16.1	24.7	10.91	1.1673	0.00	114	1	100.0	5
25/06/19	10:10 a	25.9	25.9	25.9	90	24.1	0.9	ESE	0.27	1.8	ESE	25.9	28.8	28.8	30.1	1014.9	0.00	0.0	117	0.84	121	1.5	0.05	1.6	0.000	0.026	24.3	60	16.1	24.6	10.92	1.1678	0.00	114	1	100.0	5
25/06/19	10:15 a	25.8	25.9	25.8	90	24.0	0.9	SE	0.27	1.3	ESE	25.8	28.6	28.6	29.8	1014.8	0.00	0.0	111	0.80	113	1.4	0.05	1.5	0.000	0.026	24.3	59	15.8	24.6	10.72	1.1680	0.00	107	1	93.9	5
25/06/19	10:20 a	25.8	25.8	25.7	91	24.2	0.4	SE	0.13	1.3	SE	25.8	28.7	28.7	29.8	1014.8	0.00	0.0	109	0.78	109	1.4	0.05	1.4	0.000	0.026	24.3	61	16.3	24.7	11.03	1.1672	0.00	113	1	99.1	5
25/06/19	10:25 a	25.8	25.8	25.7	90	24.1	0.9	ESE	0.27	1.3	ESE	25.8	28.7	28.7	29.8	1014.8	0.00	0.0	110	0.79	111	1.4	0.05	1.5	0.000	0.026	24.3	59	15.8	24.5	10.72	1.1682	0.00	115	1	100.0	5
25/06/19	10:30 a	25.8	25.8	25.8	91	24.2	0.9	ESE	0.27	1.8	E	25.8	28.7	28.7	29.9	1014.7	0.00	0.0	114	0.82	116	1.5	0.05	1.6	0.000	0.026	24.3	60	16.1	24.6	10.92	1.1676	0.00	109	1	95.6	5
25/06/19	10:35 a	25.8	25.8	25.8	91	24.3	0.9	ESE	0.27	1.8	E	25.8	28.8	28.8	30.1	1014.7	0.00	0.0	124	0.89	128	1.7	0.06	1.7	0.000	0.026	24.3	59	15.8	24.5	10.72	1.1681	0.00	113	1	99.1	5
25/06/19	10:40 a	25.8	25.8	25.8	91	24.3	0.9	ESE	0.27	1.3	SE	25.8	28.8	28.8	30.3	1014.5	0.00	0.0	135	0.97	139	1.9	0.07	1.9	0.000	0.026	24.3	58	15.5	24.5	10.52	1.1682	0.00	112	1	98.2	5
25/06/19	10:45 a	25.8	25.8	25.8	91	24.3	0.9	ESE	0.27	1.8	E	25.8	28.8	28.8	30.4	1014.4	0.00	0.0	144	1.03	148	2.0	0.07	2.0	0.000	0.026	24.3	60	16.1	24.6	10.92	1.1672	0.00	114	1	100.0	5
25/06/19	10:50 a	25.9	25.9	25.8	92	24.5	0.9	SSE	0.27	2.2	SSE	25.9	29.1	29.1	30.8	1014.4	0.00	0.0	151	1.08	153	2.1	0.07	2.1	0.000	0.026	24.4	57	15.3	24.6	10.31	1.1680	0.00	108	1	94.7	5
25/06/19	10:55 a	25.9	25.9	25.8	91	24.4	0.9	SSE	0.27	3.1	E	25.9	29.1	29.1	30.8	1014.4	0.00	0.0	155	1.11	155	2.2	0.08	2.2	0.000	0.026	24.4	59	15.9	24.6	10.71	1.1672	0.00	112	1	98.2	5
25/06/19	11:00 a	26.0	26.0	25.9	90	24.2	0.9	SSE	0.27	1.8	SSE	26.0	29.1	29.1	30.8	1014.4	0.00	0.0	155	1.11	155	2.2	0.08	2.2	0.000	0.027	24.4	57	15.4	24.6	10.31	1.1676	0.08	112	1	98.2	5
25/06/19	11:05 a	26.0	26.0	26.0	90	24.2	0.9	SSE	0.27	1.8	SSE	26.0	29.1	29.1	30.7	1014.4	0.00	0.0	155	1.11	155	2.2	0.08	2.2	0.000	0.027	24.4	58	15.6	24.7	10.51	1.1673	0.00	108	1	94.7	5
25/06/19	11:10 a	26.0	26.0	25.9	90	24.2	0.4	SE	0.13	1.3	SE	26.0	29.1	29.1	30.7	1014.4	0.00	0.0	156	1.12	156	2.2	0.08	2.2	0.000	0.027	24.4	58	15.6	24.7	10.51	1.1673	0.00	110	1	96.5	5
25/06/19	11:15 a	26.0	26.0	25.9	90	24.2	0.9	SE	0.27	1.8	SSE	26.0	29.1	29.1	30.7	1014.2	0.00	0.0	156	1.12	156	2.2	0.08	2.2	0.000	0.027	24.5	56	15.1	24.7	10.21	1.1675	0.00	114	1	100.0	5
25/06/19	11:20 a	26.0	26.0	25.9	91	24.4	0.4	SE	0.13	1.3	S	26.0	29.2	29.2	30.9	1014.2	0.00	0.0	159	1.14	162	2.2	0.08	2.3	0.000	0.027	24.6	58	15.7	24.8	10.50	1.1665	0.00	111	1	97.4	5
25/06/19	11:25 a	26.0	26.0	25.9	91	24.4	0.9	SE	0.27	1.8	SSE	26.0	29.2	29.2	31.0	1014.1	0.00	0.0	167	1.20	171	2.4	0.09	2.4	0.000	0.027	24.6	56	15.2	24.7	10.20	1.1671	0.00	106	1	93.0	5
25/06/19	11:30 a	26.2	26.2	26.0	92	24.8	0.4	SE	0.13	0.9	SE	26.2	29.7	29.7	31.6	1014.1	0.00	0.0	176	1.26	181	2.6	0.09	2.6	0.000	0.027	24.6	58	15.8	24.8	10.50	1.1661	0.00	108	1	94.7	5
25/06/19	11:35 a	26.2	26.3	26.2	91	24.6	0.9	S	0.27	1.8	SSE	26.2	29.7	29.7	31.8	1014.1	0.00	0.0	191	1.37	195	2.8	0.10	2.8	0.000	0.027	24.6	57	15.5	24.8	10.30	1.1664	0.00	110	1	96.5	5
25/06/19	11:40 a	26.3	26.3	26.2	91	24.7	0.9	SE	0.27	1.8	SSE	26.3	29.8	29.8	32.1	1014.0	0.00	0.0	205	1.47	211	3.0	0.11	3.1	0.000	0.028	24.6	56	15.2	24.8	10.20	1.1667	0.00	112	1	98.2	5
25/06/19	11:45 a	26.4	26.4	26.3	91	24.9	0.9	SE	0.27	1.8	SSE	26.4	30.2	30.2	32.8	1014.1	0.00	0.0	221	1.58	229	3.2	0.11	3.3	0.000	0.028	24.6	59	16.1	24.8	10.70	1.1657	0.00	113	1	99.1	5
25/06/19	11:50 a	26.6	26.6	26.4	91	25.0	0.9	SE	0.27	2.2	SSE	26.6	30.6	30.6	33.3	1013.9	0.00	0.0	235	1.68	237	3.4	0.12	3.5	0.000	0.029	24.6	56	15.2	24.8	10.20	1.1665	0.00	113	1	99.1	5
25/06/19	11:55 a	26.7	26.7	26.6	91	25.1	0.9	S	0.27	1.8	SSW	26.7	30.9	30.9	33.8	1013.8	0.00	0.0	244	1.75	250	3.5	0.13	3.6	0.000	0.029	24.7	58	15.8	24.9	10.49	1.1655	0.00	112	1	98.2	5
25/06/19	12:00 p	26.8	26.8	26.7	89	24.9	1.3	S	0.40	3.6	SE	26.8	30.9	30.9	33.9	1013.8	0.00	0.0	255	1.83	258	3.7	0.13	3.7	0.000	0.030	24.7	57	15.6	24.8	10.29	1.1658	0.13	110	1	96.5	5
25/06/19	12:05 p	26.9	26.9	26.8	89	24.9	1.3	S	0.40	3.1	SE	26.9	31.0	31.0	34.1	1013.6	0.00	0.0	264	1.89	267	3.8	0.14	3.9	0.000	0.030	24.7	57	15.6	24.9	10.29	1.1653	0.00	109	1	95.6	5
25/06/19	12:10 p	27.1	27.1	26.9	89	25.1	1.3	SSE	0.40	2.7	SSE	27.1	31.4	31.4	34.7	1013.5	0.00	0.0	278	1.99	287	4.0	0.14	4.1	0.000	0.030	24.7	58	15.8	24.9	10.49	1.1651	0.00	112	1	98.2	5
25/06/19	12:15 p	27.3	27.3	27.1	88	25.1	0.9	SSW	0.27	3.1	SSW	27.3	31.8	31.8	35.4	1013.4	0.00	0.0	300	2.15	308	4.3	0.15	4.4	0.000	0.031	24.7	55	15.0	24.8	9.99	1.1661	0.00	109	1	95.6	5
25/06/19	12:20 p	27.5	27.5	27.3	88	25.3	0.4	S	0.13	1.3	WSW	27.5	32.4	32.4	36.2	1013.4	0.00	0.0	318	2.28	323	4.5	0.16	4.6	0.000	0.032	24.7	58	15.9	24.9	10.49	1.1647	0.00	103	1	90.4	5
25/06/19	12:25 p	27.7	27.7	27.5	86	25.1	0.9	SSW	0.27	2.2	SSW	27.7	32.6	32.6	36.6	1013.2	0.00	0.0	331	2.37	334	4.7	0.17	4.7	0.000	0.032	24.7	56	15.3	24.8	10.19	1.1655	0.00	109	1	95.6	5
25/06/19	12:30 p	27.7	27.8	27.6	85	25.0	0.9	SW	0.27	3.6	SSE	27.7	32.6	32.6	36.4	1013.2	0.00	0.0	322	2.31	330	4.6	0.16	4.7	0.000	0.033	24.7	57	15.6	24.9	10.29	1.1648	0.00	109	1	95.6	5
25/06/19	12:35 p	27.8	27.8	27.7	85	25.1	1.3	SSW	0.40	2.7	SSW	27.8	32.9	32.9	36.6	1013.0	0.00	0.0	310	2.22	313	4.4	0.16	4.4	0.000	0.033	24.7	57	15.6	24.8	10.29	1.1649	0.00	106	1	93.0	5
25/06/19	12:40 p	27.8	27.8	27.8	85	25.0	1.8	S	0.54	4.0	SSE	27.8	32.7	32.7	36.2	1012.9	0.00	0.0	293	2.10	304	4.1	0.15	4.3	0.000	0.033	24.7	55	15.1	24.8	9.99	1.1652	0.00	107	1	93.9	5
25/06/19	12:45 p	27.8	27.8	27.7	86	25.2	1.3	SSW	0.40	2.7	S	27.8	32.9	32.9	35.8	1012.9	0.00	0.0	244	1.75	264	3.4	0.12	3.7	0.000	0.033	24.7	57	15.6	24.8	10.29	1.1648	0.00	115	1	100.0	5
25/06/19	12:50 p	27.7	27.8	27.7	85	25.0	1.3	S	0.40	3.6	S	27.7	32.6	32.6	35.4	1012.8	0.00	0.0	236	1.69	244	3.3	0.12	3.4	0.000	0.033	24.7	54	14.8	24.8	9.82	1.1654	0.00	112	1	98.2	5
25/06/19	12:55 p	27.8	27.8	27.7	85	25.1	1.8	S	0.54	4.5	SSW	27.8	32.9	32.9	36.2	1012.8	0.00	0.0	277	1.99	285	3.9	0.14	4.0	0.000	0.033	24.7	57	15.6	24.8	10.29	1.1647	0.00	117	1	100.0	5
25/06/19	1:00 p	27.8	27.8	27.8	85	25.0	1.3	SSW	0.40	4.0	SSE	27.8	32.7	32.7	36.1	1012.8	0.00	0.0	279	2.00	281	3.9	0.14	3.9	0.000	0.033	24.7	55	15.0	24.8	9.99	1.1653	0.20	111	1	97.4	5
25/06/19	1:05 p	27.8	27.8	27.8	86	25.2	1.3	S	0.40	3.1	S	27.8	32.9	32.9	36.3	1012.6	0.00	0.0	283	2.03	285	3.9	0.14	3.9	0.000	0.033	24.6	57	15.5	24.8	10.30	1.1647	0.00	113	1	99.1	5
25/06/19	1:10 p	27.7	27.8	27.7	86	25.2	1.3	S	0.40	3.1	S	27.7	32.7	32.7	36.1	1012.5	0.00	0.0	280	2.01	283	3.8	0.14	3.9	0.000	0.033	24.6	56	15.2	24.7	10.20	1.1652	0.00	111	1	97.4	5
25/06/19	1:15 p	27.7	27.7	27.7	85	25.0	1.3	S	0.40	3.6	S	27.7	32.6	32.6	35.8	1012.5	0.00	0.0	268	1.92	276	3.6	0.13	3.7	0.000	0.033	24.6	56	15.2	24.7	10.20	1.1652	0.00	108	1	94.7	5
25/06/19	1:20 p	27.6	27.7	27.6	87	25.3	1.8	SSW	0.54	4.0	WSW	27.6	32.6	32.6	35.5	1012.3	0.00	0.0	241	1.73	255	3.2	0.11	3.4	0.000	0.032	24.5	57	15.4	24.7	10.31	1.1649	0.00	116	1	100.0	5
25/06/19	1:25 p	27.4	27.6	27.4	87	25.1	1.3	SSE	0.40	3.6	S	27.4	32.2	32.2	34.7	1012.3	0.00	0.0	214	1.53	223	2.9	0.10	3.0	0.000	0.032	24.5	55	14.9	24.6	10.01	1.1656	0.00	117	1	100.0	5
25/06/19	1:30 p	27.3	27.4	27.3	87	25.0	1.3	SSE	0.40	3.6	SSE	27.3	31.9	31.9	33.9	1012.1	0.00	0.0	186	1.33	199	2.5	0.09	2.7	0.000	0.031	24.4	58	15.6	24.7	10.51	1.1646	0.00	116	1	100.0	5
25/06/19	1:35 p	27.1	27.3	27.1	87	24.8	2.2	S	0.67	3.6	S	27.1	31.3	31.3	33.2	1012.2	0.00	0.0	168	1.20	174	2.2	0.08	2.3	0.000	0.030	24.4	58	15.6	24.7	10.51	1.1647	0.00	117	1	100.0	5
25/06/19	1:40 p	27.0	27.1	27.0	87	24.6	1.3	S	0.40	2.7	SSE	27.0	31.1	31.1	32.7	1012.0	0.00	0.0	155	1.11	158	2.1	0.07	2.2	0.000	0.030	24.4	58	15.6	24.6	10.51	1.1648	0.00	117	1	100.0	5
25/06/19	1:45 p	26.9	27.1	26.9	88	24.8	1.8	S	0.54	4.0	SSE	26.9	31.0	31.0	32.6	1012.1	0.00	0.0	150	1.08	153	2.0	0.07	2.0	0.000	0.030	24.3	60	16.1	24.6	10.92	1.1645	0.00	116	1	100.0	5
25/06/19	1:50 p	26.9	26.9	26.9	88	24.8	1.8	S	0.54	3.6	SSE	26.9	31.0	31.0	32.6	1012.0	0.00	0.0	150	1.08	151	2.0	0.07	2.0	0.000	0.030	24.3	57	15.3	24.5	10.32	1.1655	0.00	115	1	100.0	5
25/06/19	1:55 p	26.9	27.0	26.9	88	24.8	1.8	S	0.54	3.6	S	26.9	31.0	31.0	32.6	1012.0	0.00	0.0	153	1.10	155	2.0	0.07	2.0	0.000	0.030	24.3	60	16.1	24.6	10.92	1.1643	0.00	116	1	100.0	5
25/06/19	2:00 p	26.9	26.9	26.9	89	25.0	1.3	SSW	0.40	2.7	SSE	26.9	31.2	31.2	32.8	1011.9	0.00	0.0	157	1.13	158	2.0	0.07	2.0	0.000	0.030	24.3	60	16.1	24.6	10.92	1.1643	0.15	117	1	100.0	5
25/06/19	2:05 p	27.0	27.0	26.9	89	25.0	1.3	S	0.40	3.1	SSE	27.0	31.3	31.3	33.0	1012.0	0.00	0.0	160	1.15	162	2.0	0.07	2.0	0.000	0.030	24.4	59	15.9	24.7	10.71	1.1641	0.00	114	1	100.0	5
25/06/19	2:10 p	27.1	27.1	27.0	88	24.9	0.9	SSE	0.27	2.2	SSE	27.1	31.3	31.3	33.1	1012.1	0.00	0.0	163	1.17	163	2.0	0.07	2.0	0.000	0.030	24.4	60	16.2	24.7	10.91	1.1639	0.00	114	1	100.0	5
25/06/19	2:15 p	27.1	27.1	27.0	88	24.9	0.9	SSE	0.27	1.8	SSW	27.1	31.3	31.3	33.1	1012.0	0.00	0.0	165	1.18	165	2.0	0.07	2.0	0.000	0.030	24.4	57	15.4	24.6	10.31	1.1648	0.00	117	1	100.0	5
25/06/19	2:20 p	27.1	27.1	27.1	88	25.0	0.9	SSE	0.27	1.8	S	27.1	31.4	31.4	33.3	1012.0	0.00	0.0	168	1.20	171	2.0	0.07	2.0	0.000	0.030	24.4	60	16.2	24.7	10.91	1.1637	0.00	115	1	100.0	5
25/06/19	2:25 p	27.2	27.2	27.1	89	25.2	0.9	SE	0.27	1.8	SE	27.2	31.7	31.7	33.6	1011.8	0.00	0.0	173	1.24	176	2.1	0.07	2.1	0.000	0.031	24.4	58	15.6	24.6	10.51	1.1646	0.00	114	1	100.0	5
25/06/19	2:30 p	27.2	27.2	27.1	89	25.2	0.4	S	0.13	1.8	SSE	27.2	31.7	31.7	33.7	1011.8	0.00	0.0	179	1.28	181	2.2	0.08	2.2	0.000	0.031	24.4	59	15.9	24.6	10.71	1.1642	0.00	116	1	100.0	5
25/06/19	2:35 p	27.3	27.3	27.2	88	25.1	0.4	SE	0.13	1.3	ESE	27.3	31.8	31.8	33.9	1011.8	0.00	0.0	182	1.30	183	2.2	0.08	2.2	0.000	0.031	24.3	60	16.1	24.6	10.92	1.1641	0.00	117	1	100.0	5
25/06/19	2:40 p	27.3	27.3	27.3	87	24.9	0.9	ESE	0.27	1.8	ESE	27.3	31.7	31.7	33.8	1011.6	0.00	0.0	186	1.33	188	2.2	0.08	2.2	0.000	0.031	24.3	58	15.5	24.6	10.52	1.1646	0.00	117	1	100.0	5
25/06/19	2:45 p	27.3	27.3	27.3	87	25.0	0.9	ESE	0.27	1.3	ESE	27.3	31.9	31.9	34.1	1011.7	0.00	0.0	191	1.37	193	2.2	0.08	2.2	0.000	0.031	24.3	61	16.3	24.7	11.03	1.1636	0.00	117	1	100.0	5
25/06/19	2:50 p	27.3	27.4	27.3	88	25.2	0.9	SSE	0.27	1.8	ESE	27.3	32.0	32.0	34.2	1011.5	0.00	0.0	196	1.40	197	2.3	0.08	2.3	0.000	0.031	24.3	58	15.5	24.6	10.52	1.1645	0.00	117	1	100.0	5
25/06/19	2:55 p	27.3	27.4	27.3	87	25.0	0.9	SE	0.27	1.8	ESE	27.3	31.9	31.9	34.1	1011.5	0.00	0.0	196	1.40	199	2.2	0.08	2.2	0.000	0.031	24.3	60	16.1	24.6	10.92	1.1638	0.00	117	1	100.0	5
25/06/19	3:00 p	27.4	27.5	27.3	87	25.1	0.4	E	0.13	1.3	E	27.4	32.2	32.2	34.3	1011.6	0.00	0.0	189	1.35	192	2.1	0.07	2.1	0.000	0.032	24.3	59	15.8	24.5	10.72	1.1645	0.13	114	1	100.0	5
25/06/19	3:05 p	27.4	27.5	27.4	86	24.9	0.9	ESE	0.27	1.3	E	27.4	32.0	32.0	34.1	1011.6	0.00	0.0	187	1.34	188	2.0	0.07	2.0	0.000	0.032	24.3	58	15.5	24.6	10.52	1.1645	0.00	110	1	96.5	5
25/06/19	3:10 p	27.5	27.5	27.4	87	25.1	0.4	ESE	0.13	0.9	E	27.5	32.3	32.3	34.3	1011.5	0.00	0.0	177	1.27	181	1.9	0.07	1.9	0.000	0.032	24.3	61	16.3	24.7	11.03	1.1634	0.00	114	1	100.0	5
25/06/19	3:15 p	27.4	27.5	27.4	86	24.9	0.4	SE	0.13	1.3	ESE	27.4	32.0	32.0	33.9	1011.4	0.00	0.0	171	1.23	174	1.8	0.06	1.8	0.000	0.032	24.4	58	15.6	24.6	10.51	1.1641	0.00	114	1	100.0	5
25/06/19	3:20 p	27.3	27.5	27.3	87	25.0	0.4	S	0.13	0.9	S	27.3	31.9	31.9	33.8	1011.5	0.00	0.0	170	1.22	172	1.7	0.06	1.7	0.000	0.031	24.4	60	16.2	24.7	10.91	1.1632	0.00	110	1	96.5	5
25/06/19	3:25 p	27.4	27.4	27.3	88	25.2	0.4	SE	0.13	1.3	SSE	27.4	32.2	32.2	34.2	1011.4	0.00	0.0	176	1.26	179	1.7	0.06	1.7	0.000	0.031	24.4	60	16.2	24.7	10.91	1.1631	0.00	108	1	94.7	5
25/06/19	3:30 p	27.4	27.4	27.3	87	25.1	0.4	ESE	0.13	1.3	SE	27.4	32.2	32.2	34.2	1011.4	0.00	0.0	170	1.22	176	1.6	0.06	1.6	0.000	0.032	24.5	59	16.0	24.7	10.71	1.1632	0.00	109	1	95.6	5
25/06/19	3:35 p	27.4	27.4	27.3	89	25.4	0.9	ESE	0.27	1.8	E	27.4	32.3	32.3	34.1	1011.4	0.00	0.0	155	1.11	160	1.4	0.05	1.5	0.000	0.031	24.5	61	16.5	24.8	11.03	1.1625	0.00	112	1	98.2	5
25/06/19	3:40 p	27.4	27.4	27.4	88	25.3	0.9	E	0.27	1.3	E	27.4	32.3	32.3	34.0	1011.4	0.00	0.0	150	1.08	153	1.3	0.05	1.4	0.000	0.032	24.6	58	15.7	24.8	10.50	1.1632	0.00	115	1	100.0	5
25/06/19	3:45 p	27.3	27.4	27.3	88	25.2	0.4	ESE	0.13	1.3	ESE	27.3	32.0	32.0	33.6	1011.4	0.00	0.0	141	1.01	144	1.3	0.05	1.3	0.000	0.031	24.6	60	16.3	24.8	10.90	1.1625	0.00	116	1	100.0	5
25/06/19	3:50 p	27.3	27.3	27.3	88	25.2	0.9	ESE	0.27	1.8	ESE	27.3	32.0	32.0	33.6	1011.3	0.00	0.0	139	1.00	139	1.2	0.04	1.2	0.000	0.031	24.6	58	15.7	24.8	10.50	1.1632	0.00	115	1	100.0	5
25/06/19	3:55 p	27.3	27.3	27.3	89	25.4	0.9	ESE	0.27	1.8	ESE	27.3	32.1	32.1	33.7	1011.3	0.00	0.0	138	0.99	139	1.2	0.04	1.2	0.000	0.031	24.5	59	16.0	24.7	10.71	1.1631	0.00	115	1	100.0	5
25/06/19	4:00 p	27.2	27.3	27.2	89	25.2	0.9	E	0.27	1.3	ESE	27.2	31.8	31.8	33.3	1011.3	0.00	0.0	123	0.88	132	1.0	0.04	1.1	0.000	0.031	24.5	60	16.2	24.8	10.91	1.1627	0.10	116	1	100.0	5
25/06/19	4:05 p	27.2	27.3	27.2	89	25.2	1.3	E	0.40	2.7	ESE	27.2	31.7	31.7	32.8	1011.3	0.00	0.0	105	0.75	111	0.8	0.03	0.9	0.000	0.031	24.4	57	15.4	24.6	10.31	1.1641	0.00	116	1	100.0	5
25/06/19	4:10 p	27.1	27.2	27.1	90	25.3	1.3	ESE	0.40	2.7	E	27.1	31.5	31.5	32.5	1011.3	0.00	0.0	93	0.67	98	0.8	0.03	0.8	0.000	0.030	24.4	61	16.4	24.7	11.03	1.1629	0.00	112	1	98.2	5
25/06/19	4:15 p	27.1	27.1	27.1	91	25.5	0.9	E	0.27	1.8	E	27.1	31.8	31.8	32.7	1011.3	0.00	0.0	84	0.60	86	0.6	0.02	0.7	0.000	0.030	24.3	58	15.5	24.6	10.52	1.1642	0.00	115	1	100.0	5
25/06/19	4:20 p	27.1	27.1	27.1	91	25.5	0.9	E	0.27	1.3	E	27.1	31.8	31.8	32.6	1011.3	0.00	0.0	77	0.55	79	0.6	0.02	0.6	0.000	0.030	24.3	60	16.1	24.6	10.92	1.1636	0.00	117	1	100.0	5
25/06/19	4:25 p	27.1	27.1	27.1	91	25.5	0.9	E	0.27	1.3	E	27.1	31.7	31.7	32.4	1011.3	0.00	0.0	69	0.49	72	0.5	0.02	0.5	0.000	0.030	24.3	60	16.1	24.6	10.92	1.1636	0.00	117	1	100.0	5
25/06/19	4:30 p	27.0	27.1	27.0	91	25.4	0.9	E	0.27	1.8	E	27.0	31.6	31.6	32.2	1011.3	0.00	0.0	63	0.45	65	0.1	0.00	0.5	0.000	0.030	24.4	58	15.6	24.6	10.51	1.1639	0.00	117	1	100.0	5
25/06/19	4:35 p	26.9	27.1	26.9	91	25.3	0.4	ESE	0.13	1.3	E	26.9	31.4	31.4	32.0	1011.3	0.00	0.0	59	0.42	60	0.0	0.00	0.0	0.000	0.030	24.4	61	16.4	24.7	11.03	1.1630	0.00	116	1	100.0	5
25/06/19	4:40 p	26.9	26.9	26.9	91	25.3	0.9	E	0.27	1.8	SE	26.9	31.3	31.3	31.8	1011.3	0.00	0.0	58	0.42	58	0.0	0.00	0.0	0.000	0.030	24.4	60	16.1	24.7	10.91	1.1633	0.00	115	1	100.0	5
25/06/19	4:45 p	26.9	26.9	26.9	91	25.3	0.9	ESE	0.27	1.3	E	26.9	31.3	31.3	31.9	1011.2	0.00	0.0	59	0.42	60	0.0	0.00	0.0	0.000	0.030	24.4	61	16.4	24.7	11.03	1.1628	0.00	112	1	98.2	5
25/06/19	4:50 p	26.9	26.9	26.8	91	25.3	0.9	E	0.27	1.3	ESE	26.9	31.3	31.3	31.9	1011.3	0.00	0.0	61	0.44	62	0.0	0.00	0.0	0.000	0.030	24.3	61	16.3	24.7	11.03	1.1632	0.00	115	1	100.0	5
25/06/19	4:55 p	26.9	26.9	26.9	91	25.3	0.9	E	0.27	1.3	E	26.9	31.3	31.3	31.9	1011.3	0.00	0.0	58	0.42	60	0.0	0.00	0.0	0.000	0.030	24.3	60	16.1	24.6	10.92	1.1636	0.00	115	1	100.0	5
25/06/19	5:00 p	26.9	26.9	26.8	92	25.5	0.9	E	0.27	1.3	E	26.9	31.4	31.4	32.0	1011.3	0.00	0.0	55	0.39	56	0.0	0.00	0.0	0.000	0.030	24.3	62	16.6	24.7	11.23	1.1628	0.05	115	1	100.0	5
25/06/19	5:05 p	26.9	26.9	26.8	91	25.3	0.9	ESE	0.27	1.8	ESE	26.9	31.3	31.3	31.8	1011.3	0.00	0.0	54	0.39	54	0.0	0.00	0.0	0.000	0.030	24.6	58	15.7	24.8	10.50	1.1631	0.00	113	1	99.1	5
25/06/19	5:10 p	27.0	27.1	26.9	93	25.8	0.4	ENE	0.13	1.3	E	27.0	31.9	31.9	32.6	758.7	0.00	0.0	55	0.39	56	0.0	0.00	0.0	0.000	0.030	25.2	60	16.9	25.5	10.86	 .8641	0.00	70	1	61.4	5
25/06/19	5:15 p	26.9	27.0	26.9	93	25.7	0.4	E	0.13	1.3	E	26.9	31.7	31.7	32.3	758.7	0.00	0.0	55	0.39	56	0.0	0.00	0.0	0.000	0.030	25.3	58	16.5	25.6	10.45	 .8641	0.00	87	1	76.3	5
25/06/19	5:20 p	26.9	26.9	26.9	93	25.7	0.9	ESE	0.27	1.8	E	26.9	31.7	31.7	32.3	758.7	0.00	0.0	54	0.39	54	0.0	0.00	0.0	0.000	0.030	25.4	58	16.5	25.7	10.44	 .8639	0.00	113	1	99.1	5
25/06/19	5:25 p	26.9	26.9	26.9	92	25.5	0.9	E	0.27	1.3	ESE	26.9	31.4	31.4	32.0	758.8	0.00	0.0	49	0.35	51	0.0	0.00	0.0	0.000	0.030	25.5	58	16.6	25.8	10.43	 .8635	0.00	115	1	100.0	5
25/06/19	5:30 p	26.9	26.9	26.9	93	25.7	0.9	E	0.27	1.8	E	26.9	31.7	31.7	32.2	758.7	0.00	0.0	43	0.31	46	0.0	0.00	0.0	0.000	0.030	25.6	56	16.2	25.8	10.13	 .8637	0.00	118	1	100.0	5
25/06/19	5:35 p	26.9	26.9	26.8	92	25.5	0.9	ENE	0.27	1.3	ENE	26.9	31.4	31.4	31.8	758.7	0.00	0.0	37	0.27	39	0.0	0.00	0.0	0.000	0.030	25.7	58	16.8	26.1	10.42	 .8625	0.00	117	1	100.0	5
25/06/19	5:40 p	26.9	26.9	26.8	93	25.7	0.4	ENE	0.13	1.3	ENE	26.9	31.7	31.7	32.0	758.7	0.00	0.0	33	0.24	35	0.0	0.00	0.0	0.000	0.030	25.8	55	16.1	26.0	9.91	 .8634	0.00	116	1	100.0	5
25/06/19	5:45 p	26.8	26.9	26.8	93	25.6	0.4	ENE	0.13	1.8	E	26.8	31.5	31.5	31.8	758.8	0.00	0.0	30	0.22	32	0.0	0.00	0.0	0.000	0.030	25.8	58	16.9	26.1	10.41	 .8624	0.00	103	1	90.4	5
25/06/19	5:50 p	26.8	26.8	26.8	93	25.6	0.9	ENE	0.27	1.8	E	26.8	31.3	31.3	31.5	758.8	0.00	0.0	26	0.19	28	0.0	0.00	0.0	0.000	0.029	25.8	55	16.1	26.1	9.91	 .8633	0.00	116	1	100.0	5
25/06/19	5:55 p	26.7	26.8	26.7	94	25.7	0.9	NE	0.27	2.2	NNE	26.7	31.4	31.4	31.4	758.9	0.00	0.0	20	0.14	23	0.0	0.00	0.0	0.000	0.029	25.8	57	16.7	26.2	10.21	 .8627	0.00	115	1	100.0	5
25/06/19	6:00 p	26.7	26.7	26.7	93	25.4	0.9	ENE	0.27	1.3	ENE	26.7	31.1	31.1	30.9	759.0	0.00	0.0	13	0.09	16	0.0	0.00	0.0	0.000	0.029	25.7	56	16.3	25.9	10.12	 .8636	0.03	114	1	100.0	5
25/06/19	6:05 p	26.7	26.7	26.7	93	25.4	0.9	ENE	0.27	1.8	ENE	26.7	31.1	31.1	30.8	758.9	0.00	0.0	9	0.06	11	0.0	0.00	0.0	0.000	0.029	25.7	56	16.3	25.9	10.12	 .8635	0.00	116	1	100.0	5
25/06/19	6:10 p	26.7	26.7	26.6	93	25.4	0.9	ENE	0.27	1.8	NE	26.7	31.1	31.1	30.8	759.0	0.00	0.0	6	0.04	7	0.0	0.00	0.0	0.000	0.029	25.7	57	16.6	26.0	10.22	 .8633	0.00	116	1	100.0	5
25/06/19	6:15 p	26.6	26.7	26.6	93	25.3	0.9	NNE	0.27	1.8	N	26.6	30.8	30.8	30.4	759.1	0.00	0.0	3	0.02	5	0.0	0.00	0.0	0.000	0.029	25.7	55	16.0	25.9	9.92	 .8641	0.00	117	1	100.0	5
25/06/19	6:20 p	26.4	26.6	26.4	93	25.2	0.9	NNE	0.27	1.3	NNE	26.4	30.4	30.4	29.9	759.2	0.00	0.0	0	0.00	0	0.0	0.00	0.0	0.000	0.028	25.7	57	16.5	25.9	10.22	 .8637	0.00	117	1	100.0	5
25/06/19	6:25 p	26.3	26.4	26.3	93	25.1	0.9	NE	0.27	1.8	NNE	26.3	30.1	30.1	29.7	759.2	0.00	0.0	0	0.00	0	0.0	0.00	0.0	0.000	0.028	25.7	57	16.6	26.0	10.22	 .8635	0.00	117	1	100.0	5
25/06/19	6:30 p	26.3	26.3	26.2	92	24.9	0.9	NNE	0.27	1.3	NE	26.3	29.9	29.9	29.5	759.2	0.00	0.0	0	0.00	0	0.0	0.00	0.0	0.000	0.028	25.9	58	17.0	26.3	10.41	 .8624	0.00	115	1	100.0	5
25/06/19	6:35 p	26.2	26.3	26.2	92	24.8	0.4	NNE	0.13	1.3	NNE	26.2	29.8	29.8	29.4	759.2	0.00	0.0	0	0.00	0	0.0	0.00	0.0	0.000	0.027	26.0	58	17.1	26.4	10.40	 .8619	0.00	114	1	100.0	5
25/06/19	6:40 p	26.2	26.3	26.2	92	24.8	0.4	NE	0.13	1.3	NE	26.2	29.8	29.8	29.4	759.4	0.00	0.0	0	0.00	0	0.0	0.00	0.0	0.000	0.027	26.2	58	17.3	26.6	10.39	 .8614	0.00	117	1	100.0	5
25/06/19	6:45 p	26.2	26.2	26.1	92	24.8	0.9	NE	0.27	1.3	NNE	26.2	29.7	29.7	29.1	759.5	0.00	0.0	0	0.00	0	0.0	0.00	0.0	0.000	0.027	26.2	58	17.3	26.7	10.38	 .8613	0.00	116	1	100.0	5
25/06/19	6:50 p	26.2	26.2	26.1	92	24.8	0.4	NE	0.13	0.9	NE	26.2	29.7	29.7	29.1	759.6	0.00	0.0	0	0.00	0	0.0	0.00	0.0	0.000	0.027	26.4	58	17.5	26.9	10.37	 .8607	0.00	116	1	100.0	5
25/06/19	6:55 p	26.1	26.2	26.1	93	24.8	0.4	NNE	0.13	1.8	NE	26.1	29.6	29.6	29.0	759.6	0.00	0.0	0	0.00	0	0.0	0.00	0.0	0.000	0.027	26.5	58	17.6	27.0	10.36	 .8602	0.00	116	1	100.0	5
25/06/19	7:00 p	26.0	26.1	26.0	93	24.8	0.4	NE	0.13	0.9	NE	26.0	29.4	29.4	28.9	759.6	0.00	0.0	0	0.00	0	0.0	0.00	0.0	0.000	0.027	26.6	58	17.7	27.2	10.35	 .8598	0.00	117	1	100.0	5
25/06/19	7:05 p	25.9	26.0	25.9	93	24.7	0.9	NE	0.27	1.3	NE	25.9	29.3	29.3	28.7	759.6	0.00	0.0	0	0.00	0	0.0	0.00	0.0	0.000	0.026	26.7	58	17.8	27.3	10.35	 .8593	0.00	113	1	99.1	5
25/06/19	7:10 p	25.9	25.9	25.9	93	24.7	0.9	NE	0.27	1.3	NE	25.9	29.2	29.2	28.6	759.6	0.00	0.0	0	0.00	0	0.0	0.00	0.0	0.000	0.026	26.8	59	18.1	27.4	10.55	 .8586	0.00	112	1	98.2	5
25/06/19	7:15 p	25.8	25.9	25.8	93	24.6	0.9	NNE	0.27	1.3	NNE	25.8	29.1	29.1	28.5	759.6	0.00	0.0	0	0.00	0	0.0	0.00	0.0	0.000	0.026	26.9	59	18.2	27.6	10.55	 .8582	0.00	114	1	100.0	5
25/06/19	7:20 p	25.8	25.9	25.8	94	24.8	0.9	NE	0.27	1.3	NE	25.8	29.2	29.2	28.6	759.7	0.00	0.0	0	0.00	0	0.0	0.00	0.0	0.000	0.026	26.9	59	18.3	27.7	10.55	 .8581	0.00	115	1	100.0	5
25/06/19	7:25 p	25.8	25.9	25.8	94	24.8	0.4	ENE	0.13	1.3	ENE	25.8	29.2	29.2	28.6	759.7	0.00	0.0	0	0.00	0	0.0	0.00	0.0	0.000	0.026	27.1	60	18.6	27.9	10.75	 .8572	0.00	113	1	99.1	5
25/06/19	7:30 p	25.8	25.8	25.8	94	24.7	0.4	ENE	0.13	1.8	ENE	25.8	29.1	29.1	28.5	759.7	0.00	0.0	0	0.00	0	0.0	0.00	0.0	0.000	0.026	27.1	60	18.7	28.0	10.75	 .8569	0.00	115	1	100.0	5
25/06/19	7:35 p	25.8	25.8	25.8	94	24.7	0.9	ENE	0.27	1.3	ENE	25.8	29.1	29.1	28.5	759.8	0.00	0.0	0	0.00	0	0.0	0.00	0.0	0.000	0.026	27.2	60	18.7	28.1	10.75	 .8569	0.00	115	1	100.0	5
25/06/19	7:40 p	25.8	25.8	25.8	94	24.7	0.4	ENE	0.13	1.3	E	25.8	29.1	29.1	28.5	759.8	0.00	0.0	0	0.00	0	0.0	0.00	0.0	0.000	0.026	27.2	61	19.0	28.3	10.95	 .8562	0.00	113	1	99.1	5
25/06/19	7:45 p	25.8	25.8	25.8	94	24.7	0.9	ENE	0.27	1.3	E	25.8	29.1	29.1	28.5	759.9	0.00	0.0	0	0.00	0	0.0	0.00	0.0	0.000	0.026	27.3	61	19.1	28.4	10.95	 .8560	0.00	112	1	98.2	5
25/06/19	7:50 p	25.8	25.8	25.8	94	24.7	0.4	ENE	0.13	1.3	ENE	25.8	29.1	29.1	28.5	760.0	0.00	0.0	0	0.00	0	0.0	0.00	0.0	0.000	0.026	27.3	61	19.1	28.4	10.95	 .8559	0.00	116	1	100.0	5
25/06/19	7:55 p	25.8	25.8	25.8	94	24.7	0.9	ENE	0.27	1.3	ENE	25.8	29.1	29.1	28.5	760.0	0.00	0.0	0	0.00	0	0.0	0.00	0.0	0.000	0.026	27.4	62	19.5	28.7	11.12	 .8552	0.00	116	1	100.0	5
25/06/19	8:00 p	25.8	25.8	25.8	94	24.8	0.9	E	0.27	1.3	E	25.8	29.2	29.2	28.6	760.0	0.00	0.0	0	0.00	0	0.0	0.00	0.0	0.000	0.026	27.4	62	19.5	28.7	11.12	 .8550	0.00	117	1	100.0	5
25/06/19	8:05 p	25.8	25.8	25.8	94	24.8	0.9	E	0.27	1.8	E	25.8	29.2	29.2	28.6	760.0	0.00	0.0	0	0.00	0	0.0	0.00	0.0	0.000	0.026	27.4	62	19.5	28.7	11.12	 .8550	0.00	118	1	100.0	5
25/06/19	8:10 p	25.8	25.9	25.8	94	24.8	0.4	E	0.13	1.3	E	25.8	29.2	29.2	28.6	759.9	0.00	0.0	0	0.00	0	0.0	0.00	0.0	0.000	0.026	27.6	62	19.6	28.9	11.12	 .8544	0.00	117	1	100.0	5
25/06/19	8:15 p	25.8	25.8	25.8	94	24.8	0.4	ENE	0.13	0.9	ENE	25.8	29.2	29.2	28.6	759.9	0.00	0.0	0	0.00	0	0.0	0.00	0.0	0.000	0.026	27.6	63	19.9	29.1	11.32	 .8540	0.00	115	1	100.0	5
25/06/19	8:20 p	25.8	25.8	25.8	94	24.7	0.0	ENE	0.00	0.9	ENE	25.8	29.1	29.1	28.5	760.0	0.00	0.0	0	0.00	0	0.0	0.00	0.0	0.000	0.026	27.6	63	19.9	29.1	11.32	 .8538	0.00	115	1	100.0	5
25/06/19	8:25 p	25.8	25.8	25.8	94	24.7	0.0	ENE	0.00	0.9	ENE	25.8	29.1	29.1	28.5	760.0	0.00	0.0	0	0.00	0	0.0	0.00	0.0	0.000	0.026	27.6	63	19.9	29.1	11.32	 .8538	0.00	116	1	100.0	5
25/06/19	8:30 p	25.7	25.8	25.7	95	24.8	0.4	NE	0.13	1.3	NNE	25.7	28.9	28.9	28.4	760.1	0.00	0.0	0	0.00	0	0.0	0.00	0.0	0.000	0.025	27.7	63	20.0	29.2	11.31	 .8538	0.00	117	1	100.0	5
25/06/19	8:35 p	25.7	25.7	25.6	95	24.8	0.9	NE	0.27	1.3	NNE	25.7	28.9	28.9	28.4	760.1	0.00	0.0	0	0.00	0	0.0	0.00	0.0	0.000	0.025	27.7	64	20.2	29.3	11.51	 .8533	0.00	117	1	100.0	5
25/06/19	8:40 p	25.7	25.7	25.6	95	24.8	0.4	NE	0.13	1.3	NE	25.7	28.9	28.9	28.4	760.2	0.00	0.0	0	0.00	0	0.0	0.00	0.0	0.000	0.025	27.7	64	20.3	29.4	11.51	 .8532	0.00	116	1	100.0	5
25/06/19	8:45 p	25.6	25.6	25.6	95	24.8	0.9	NE	0.27	1.8	NE	25.6	28.8	28.8	28.2	760.2	0.00	0.0	0	0.00	0	0.0	0.00	0.0	0.000	0.025	27.7	64	20.3	29.4	11.51	 .8532	0.00	117	1	100.0	5
25/06/19	8:50 p	25.6	25.6	25.6	95	24.7	0.9	NE	0.27	1.8	NNE	25.6	28.7	28.7	28.1	760.2	0.00	0.0	0	0.00	0	0.0	0.00	0.0	0.000	0.025	27.8	65	20.6	29.7	11.71	 .8524	0.00	116	1	100.0	5
25/06/19	8:55 p	25.6	25.6	25.6	95	24.7	0.9	NE	0.27	1.8	NNE	25.6	28.7	28.7	28.1	760.3	0.00	0.0	0	0.00	0	0.0	0.00	0.0	0.000	0.025	27.8	65	20.6	29.8	11.71	 .8523	0.00	114	1	100.0	5
25/06/19	9:00 p	25.6	25.6	25.6	95	24.7	0.9	NE	0.27	1.8	NE	25.6	28.7	28.7	28.1	760.4	0.00	0.0	0	0.00	0	0.0	0.00	0.0	0.000	0.025	27.8	66	20.9	29.9	11.91	 .8520	0.00	116	1	100.0	5
25/06/19	9:05 p	25.6	25.6	25.6	95	24.7	0.4	ENE	0.13	1.8	NE	25.6	28.7	28.7	28.1	760.3	0.00	0.0	0	0.00	0	0.0	0.00	0.0	0.000	0.025	27.8	66	20.9	29.9	11.91	 .8520	0.00	117	1	100.0	5
25/06/19	9:10 p	25.5	25.6	25.5	95	24.6	0.9	NNE	0.27	1.3	NE	25.5	28.6	28.6	28.0	760.4	0.00	0.0	0	0.00	0	0.0	0.00	0.0	0.000	0.025	27.9	66	20.9	30.0	11.91	 .8518	0.00	118	1	100.0	5
25/06/19	9:15 p	25.4	25.5	25.4	94	24.4	1.3	NE	0.40	2.2	NE	25.4	28.3	28.3	27.7	760.5	0.00	0.0	0	0.00	0	0.0	0.00	0.0	0.000	0.025	27.9	67	21.2	30.2	12.11	 .8514	0.00	117	1	100.0	5
25/06/19	9:20 p	25.6	25.6	25.4	93	24.3	1.3	NE	0.40	2.2	NE	25.6	28.4	28.4	27.8	760.4	0.00	0.0	0	0.00	0	0.0	0.00	0.0	0.000	0.025	27.9	67	21.2	30.2	12.11	 .8514	0.00	116	1	100.0	5
25/06/19	9:25 p	25.6	25.6	25.6	93	24.4	1.3	NE	0.40	2.2	NE	25.6	28.6	28.6	27.9	760.5	0.00	0.0	0	0.00	0	0.0	0.00	0.0	0.000	0.025	27.9	67	21.2	30.3	12.10	 .8512	0.00	115	1	100.0	5
25/06/19	9:30 p	25.6	25.7	25.6	92	24.2	0.9	ENE	0.27	2.2	NE	25.6	28.4	28.4	27.8	760.5	0.00	0.0	0	0.00	0	0.0	0.00	0.0	0.000	0.025	27.9	68	21.5	30.4	12.30	 .8508	0.00	114	1	100.0	5
25/06/19	9:35 p	25.7	25.7	25.6	92	24.3	0.9	ENE	0.27	1.8	NE	25.7	28.6	28.6	27.9	760.6	0.00	0.0	0	0.00	0	0.0	0.00	0.0	0.000	0.025	27.9	68	21.5	30.4	12.30	 .8508	0.00	116	1	100.0	5
25/06/19	9:40 p	25.7	25.7	25.7	92	24.3	0.9	NE	0.27	1.8	ENE	25.7	28.6	28.6	27.9	760.6	0.00	0.0	0	0.00	0	0.0	0.00	0.0	0.000	0.025	28.0	68	21.5	30.5	12.30	 .8506	0.00	117	1	100.0	5
25/06/19	9:45 p	25.6	25.7	25.6	93	24.3	0.4	NNE	0.13	1.3	NE	25.6	28.4	28.4	27.8	760.6	0.00	0.0	0	0.00	0	0.0	0.00	0.0	0.000	0.025	28.0	68	21.5	30.5	12.30	 .8506	0.00	117	1	100.0	5
25/06/19	9:50 p	25.5	25.6	25.5	93	24.3	0.9	NNE	0.27	1.3	NE	25.5	28.3	28.3	27.7	760.5	0.00	0.0	0	0.00	0	0.0	0.00	0.0	0.000	0.025	28.0	69	21.8	30.7	12.45	 .8501	0.00	117	1	100.0	5
25/06/19	9:55 p	25.4	25.5	25.4	93	24.2	0.4	NNE	0.13	1.3	NNE	25.4	28.1	28.1	27.5	760.6	0.00	0.0	0	0.00	0	0.0	0.00	0.0	0.000	0.024	28.0	69	21.8	30.7	12.45	 .8501	0.00	117	1	100.0	5
25/06/19	10:00 p	25.3	25.4	25.3	94	24.3	0.9	NNE	0.27	1.8	ENE	25.3	28.1	28.1	27.5	760.5	0.00	0.0	0	0.00	0	0.0	0.00	0.0	0.000	0.024	28.0	69	21.8	30.7	12.45	 .8501	0.00	116	1	100.0	5
25/06/19	10:05 p	25.4	25.4	25.3	94	24.4	0.9	NNE	0.27	1.3	NE	25.4	28.2	28.2	27.6	760.6	0.00	0.0	0	0.00	0	0.0	0.00	0.0	0.000	0.024	28.1	70	22.1	30.9	12.70	 .8494	0.00	114	1	100.0	5
25/06/19	10:10 p	25.4	25.4	25.4	94	24.4	0.9	NE	0.27	1.8	NNE	25.4	28.2	28.2	27.6	760.5	0.00	0.0	0	0.00	0	0.0	0.00	0.0	0.000	0.024	28.1	70	22.1	30.9	12.70	 .8494	0.00	115	1	100.0	5
25/06/19	10:15 p	25.4	25.4	25.4	94	24.4	1.3	NE	0.40	2.2	NNE	25.4	28.2	28.2	27.6	760.6	0.00	0.0	0	0.00	0	0.0	0.00	0.0	0.000	0.024	28.1	70	22.1	30.9	12.70	 .8495	0.00	118	1	100.0	5
25/06/19	10:20 p	25.4	25.4	25.4	94	24.4	1.3	NNE	0.40	2.2	NE	25.4	28.3	28.3	27.7	760.6	0.00	0.0	0	0.00	0	0.0	0.00	0.0	0.000	0.025	28.1	71	22.3	31.1	12.95	 .8490	0.00	117	1	100.0	5
25/06/19	10:25 p	25.4	25.4	25.4	94	24.4	0.9	NE	0.27	1.8	N	25.4	28.2	28.2	27.6	760.5	0.00	0.0	0	0.00	0	0.0	0.00	0.0	0.000	0.024	28.1	71	22.4	31.2	12.95	 .8487	0.00	117	1	100.0	5
25/06/19	10:30 p	25.4	25.4	25.4	94	24.4	0.9	NE	0.27	1.3	NNE	25.4	28.3	28.3	27.7	760.6	0.00	0.0	0	0.00	0	0.0	0.00	0.0	0.000	0.025	28.1	71	22.3	31.1	12.95	 .8490	0.00	117	1	100.0	5
25/06/19	10:35 p	25.4	25.4	25.4	94	24.4	0.9	NE	0.27	1.3	NE	25.4	28.3	28.3	27.7	760.5	0.00	0.0	0	0.00	0	0.0	0.00	0.0	0.000	0.025	28.1	71	22.4	31.2	12.95	 .8487	0.00	116	1	100.0	5
25/06/19	10:40 p	25.5	25.5	25.4	93	24.3	0.9	ENE	0.27	1.8	NE	25.5	28.3	28.3	27.7	760.6	0.00	0.0	0	0.00	0	0.0	0.00	0.0	0.000	0.025	28.1	72	22.6	31.4	13.25	 .8483	0.00	114	1	100.0	5
25/06/19	10:45 p	25.7	25.7	25.5	92	24.3	0.9	N	0.27	1.8	E	25.7	28.6	28.6	27.9	760.5	0.00	0.0	0	0.00	0	0.0	0.00	0.0	0.000	0.025	28.1	72	22.6	31.4	13.25	 .8483	0.00	115	1	100.0	5
25/06/19	10:50 p	25.7	25.7	25.6	92	24.3	0.9	NNE	0.27	2.2	NNE	25.7	28.7	28.7	28.1	760.6	0.00	0.0	0	0.00	0	0.0	0.00	0.0	0.000	0.026	28.1	72	22.6	31.4	13.25	 .8483	0.00	117	1	100.0	5
25/06/19	10:55 p	25.8	25.8	25.7	92	24.4	0.9	NNE	0.27	1.3	NE	25.8	28.8	28.8	28.2	760.5	0.00	0.0	0	0.00	0	0.0	0.00	0.0	0.000	0.026	28.2	72	22.6	31.5	13.25	 .8480	0.00	116	1	100.0	5
25/06/19	11:00 p	25.7	25.8	25.7	92	24.3	0.9	NNE	0.27	1.3	NNE	25.7	28.6	28.6	27.9	760.5	0.00	0.0	0	0.00	0	0.0	0.00	0.0	0.000	0.025	28.2	73	22.9	31.7	13.60	 .8475	0.00	116	1	100.0	5
25/06/19	11:05 p	25.7	25.7	25.7	92	24.3	0.9	NE	0.27	1.8	NNE	25.7	28.6	28.6	27.9	760.3	0.00	0.0	0	0.00	0	0.0	0.00	0.0	0.000	0.025	28.2	73	22.9	31.7	13.60	 .8474	0.00	116	1	100.0	5
25/06/19	11:10 p	25.8	25.8	25.7	92	24.4	0.9	NNE	0.27	2.2	NE	25.8	28.8	28.8	28.2	760.4	0.00	0.0	0	0.00	0	0.0	0.00	0.0	0.000	0.026	28.2	73	22.9	31.7	13.60	 .8474	0.00	116	1	100.0	5
25/06/19	11:15 p	25.9	26.0	25.8	90	24.2	0.4	NNE	0.13	1.3	NNE	25.9	28.9	28.9	28.3	760.3	0.00	0.0	0	0.00	0	0.0	0.00	0.0	0.000	0.026	28.2	73	22.9	31.7	13.60	 .8474	0.00	114	1	100.0	5
25/06/19	11:20 p	26.1	26.1	26.0	91	24.5	0.4	NNW	0.13	1.3	N	26.1	29.3	29.3	28.7	760.5	0.00	0.0	0	0.00	0	0.0	0.00	0.0	0.000	0.027	28.2	73	22.9	31.7	13.60	 .8475	0.00	115	1	100.0	5
25/06/19	11:25 p	25.9	26.1	25.9	91	24.3	0.9	NNW	0.27	1.8	NNW	25.9	28.9	28.9	28.3	760.5	0.00	0.0	0	0.00	0	0.0	0.00	0.0	0.000	0.026	28.2	73	22.9	31.7	13.60	 .8475	0.00	117	1	100.0	5
25/06/19	11:30 p	25.8	25.9	25.8	92	24.4	0.9	NNE	0.27	1.8	N	25.8	28.9	28.9	28.3	760.5	0.00	0.0	0	0.00	0	0.0	0.00	0.0	0.000	0.026	28.2	74	23.1	31.8	13.90	 .8471	0.00	117	1	100.0	5
25/06/19	11:35 p	25.8	25.8	25.8	92	24.4	0.9	N	0.27	2.2	NNE	25.8	28.9	28.9	28.3	760.4	0.00	0.0	0	0.00	0	0.0	0.00	0.0	0.000	0.026	28.2	74	23.1	31.8	13.90	 .8470	0.00	117	1	100.0	5
25/06/19	11:40 p	25.9	25.9	25.8	92	24.5	0.9	NNE	0.27	1.8	NNE	25.9	29.1	29.1	28.5	760.3	0.00	0.0	0	0.00	0	0.0	0.00	0.0	0.000	0.026	28.2	74	23.1	31.8	13.90	 .8469	0.00	117	1	100.0	5
25/06/19	11:45 p	25.9	25.9	25.9	91	24.4	0.9	NNE	0.27	2.2	NNE	25.9	29.1	29.1	28.4	760.3	0.00	0.0	0	0.00	0	0.0	0.00	0.0	0.000	0.026	28.2	74	23.1	31.8	13.90	 .8469	0.00	116	1	100.0	5
25/06/19	11:50 p	25.9	25.9	25.9	91	24.4	0.9	NNE	0.27	1.8	NNE	25.9	29.1	29.1	28.4	760.3	0.00	0.0	0	0.00	0	0.0	0.00	0.0	0.000	0.026	28.2	74	23.1	31.9	13.89	 .8466	0.00	113	1	99.1	5
25/06/19	11:55 p	25.9	25.9	25.9	92	24.5	0.4	NNE	0.13	1.3	NNE	25.9	29.1	29.1	28.5	760.4	0.00	0.0	0	0.00	0	0.0	0.00	0.0	0.000	0.026	28.2	74	23.1	31.8	13.90	 .8470	0.00	115	1	100.0	5
