		Temp	Hi	Low	Out	Dew	Wind	Wind	Wind	Hi	Hi	Wind	Heat	THW	THSW			Rain	Solar	Solar	Hi Solar	UV 	UV 	Hi 	Heat	Cool	In 	In	In 	In 	In 	In Air		Wind	Wind	ISS 	Arc.
Date	Time	Out	Temp	Temp	Hum	Pt.	Speed	Dir	Run	Speed	Dir	Chill	Index	Index	Index	Bar  	Rain	Rate	Rad.	Energy	Rad. 	Index	Dose	UV 	D-D 	D-D 	Temp	Hum	Dew	Heat	EMC	Density	ET 	Samp	Tx 	Recept	Int.
21/11/19	12:00 a	25.1	25.1	25.0	95	24.2	0.9	ENE	0.27	1.3	NE	25.1	27.6	27.6	27.0	1012.0	0.00	0.0	0	0.00	0	0.0	0.00	0.0	0.000	0.023	27.1	70	21.2	29.2	12.80	1.1456	0.00	117	1	100.0	5
21/11/19	12:05 a	25.1	25.1	25.0	95	24.3	0.4	ENE	0.13	1.3	ENE	25.1	27.7	27.7	27.1	1011.9	0.00	0.0	0	0.00	0	0.0	0.00	0.0	0.000	0.024	27.1	70	21.2	29.2	12.80	1.1455	0.00	113	1	99.1	5
21/11/19	12:10 a	25.1	25.2	25.1	95	24.3	0.4	ENE	0.13	1.3	ENE	25.1	27.7	27.7	27.1	1011.8	0.00	0.0	0	0.00	0	0.0	0.00	0.0	0.000	0.024	27.1	70	21.2	29.2	12.80	1.1454	0.00	112	1	98.2	5
21/11/19	12:15 a	25.1	25.2	25.1	95	24.3	0.4	ENE	0.13	1.3	ENE	25.1	27.7	27.7	27.1	1011.7	0.00	0.0	0	0.00	0	0.0	0.00	0.0	0.000	0.024	27.1	70	21.1	29.1	12.81	1.1455	0.00	116	1	100.0	5
21/11/19	12:20 a	25.1	25.1	25.1	95	24.2	0.4	ENE	0.13	1.3	ENE	25.1	27.6	27.6	27.0	1011.6	0.00	0.0	0	0.00	0	0.0	0.00	0.0	0.000	0.023	27.1	70	21.1	29.1	12.81	1.1455	0.00	117	1	100.0	5
21/11/19	12:25 a	25.0	25.1	25.0	95	24.1	0.4	ENE	0.13	0.9	ENE	25.0	27.5	27.5	26.9	1011.6	0.00	0.0	0	0.00	0	0.0	0.00	0.0	0.000	0.023	27.1	70	21.1	29.1	12.81	1.1455	0.00	117	1	100.0	5
21/11/19	12:30 a	24.9	25.0	24.9	95	24.1	0.4	ENE	0.13	0.9	ENE	24.9	27.4	27.4	26.8	1011.4	0.00	0.0	0	0.00	0	0.0	0.00	0.0	0.000	0.023	27.1	70	21.1	29.1	12.81	1.1453	0.00	117	1	100.0	5
21/11/19	12:35 a	24.9	24.9	24.8	95	24.0	0.4	ENE	0.13	1.8	NE	24.9	27.3	27.3	26.7	1011.4	0.00	0.0	0	0.00	0	0.0	0.00	0.0	0.000	0.023	27.1	70	21.1	29.1	12.81	1.1452	0.00	117	1	100.0	5
21/11/19	12:40 a	24.9	24.9	24.8	95	24.0	0.9	E	0.27	1.8	E	24.9	27.3	27.3	26.7	1011.3	0.00	0.0	0	0.00	0	0.0	0.00	0.0	0.000	0.023	27.1	70	21.1	29.1	12.81	1.1452	0.00	115	1	100.0	5
21/11/19	12:45 a	24.9	24.9	24.8	95	24.0	0.9	ENE	0.27	1.8	E	24.9	27.3	27.3	26.7	1011.4	0.00	0.0	0	0.00	0	0.0	0.00	0.0	0.000	0.023	27.1	70	21.1	29.1	12.81	1.1452	0.00	113	1	99.1	5
21/11/19	12:50 a	24.9	24.9	24.9	95	24.0	0.9	ENE	0.27	1.3	ENE	24.9	27.3	27.3	26.7	1011.4	0.00	0.0	0	0.00	0	0.0	0.00	0.0	0.000	0.023	27.1	70	21.1	29.1	12.81	1.1452	0.00	114	1	100.0	5
21/11/19	12:55 a	24.9	24.9	24.9	95	24.1	0.9	ENE	0.27	1.3	ENE	24.9	27.4	27.4	26.8	1011.4	0.00	0.0	0	0.00	0	0.0	0.00	0.0	0.000	0.023	27.0	70	21.1	29.0	12.81	1.1456	0.00	113	1	99.1	5
21/11/19	1:00 a	24.9	25.0	24.9	95	24.1	0.4	E	0.13	1.3	ENE	24.9	27.4	27.4	26.8	1011.3	0.00	0.0	0	0.00	0	0.0	0.00	0.0	0.000	0.023	27.0	71	21.3	29.1	13.03	1.1451	0.00	114	1	100.0	5
21/11/19	1:05 a	25.0	25.0	24.9	95	24.1	0.9	E	0.27	1.8	ENE	25.0	27.5	27.5	26.9	1011.4	0.00	0.0	0	0.00	0	0.0	0.00	0.0	0.000	0.023	27.0	71	21.3	29.1	13.03	1.1452	0.00	117	1	100.0	5
21/11/19	1:10 a	25.0	25.0	24.9	95	24.1	0.9	ENE	0.27	2.2	ENE	25.0	27.5	27.5	26.9	1011.4	0.00	0.0	0	0.00	0	0.0	0.00	0.0	0.000	0.023	27.0	71	21.3	29.1	13.03	1.1451	0.00	116	1	100.0	5
21/11/19	1:15 a	24.9	25.0	24.9	95	24.1	0.9	ENE	0.27	2.2	ENE	24.9	27.4	27.4	26.8	1011.3	0.00	0.0	0	0.00	0	0.0	0.00	0.0	0.000	0.023	27.0	71	21.3	29.1	13.03	1.1451	0.00	113	1	99.1	5
21/11/19	1:20 a	25.0	25.0	24.9	95	24.1	0.4	ENE	0.13	1.3	ENE	25.0	27.5	27.5	26.9	1011.4	0.00	0.0	0	0.00	0	0.0	0.00	0.0	0.000	0.023	27.0	71	21.3	29.1	13.03	1.1451	0.00	112	1	98.2	5
21/11/19	1:25 a	24.9	25.0	24.9	95	24.1	0.9	ENE	0.27	1.3	ENE	24.9	27.4	27.4	26.8	1011.3	0.00	0.0	0	0.00	0	0.0	0.00	0.0	0.000	0.023	26.9	71	21.2	29.0	13.03	1.1454	0.00	117	1	100.0	5
21/11/19	1:30 a	24.9	25.0	24.9	95	24.1	0.4	ENE	0.13	1.3	ENE	24.9	27.4	27.4	26.8	1011.2	0.00	0.0	0	0.00	0	0.0	0.00	0.0	0.000	0.023	27.0	71	21.3	29.1	13.03	1.1449	0.00	117	1	100.0	5
21/11/19	1:35 a	24.9	25.0	24.9	95	24.1	0.4	ENE	0.13	1.3	ENE	24.9	27.4	27.4	26.8	1011.2	0.00	0.0	0	0.00	0	0.0	0.00	0.0	0.000	0.023	26.9	71	21.2	29.0	13.03	1.1452	0.00	117	1	100.0	5
21/11/19	1:40 a	24.9	25.0	24.9	95	24.1	0.9	ENE	0.27	1.8	E	24.9	27.4	27.4	26.8	1011.2	0.00	0.0	0	0.00	0	0.0	0.00	0.0	0.000	0.023	26.9	71	21.2	29.0	13.03	1.1452	0.00	117	1	100.0	5
21/11/19	1:45 a	24.9	24.9	24.9	95	24.0	0.9	ENE	0.27	1.3	E	24.9	27.3	27.3	26.7	1011.1	0.00	0.0	0	0.00	0	0.0	0.00	0.0	0.000	0.023	26.9	71	21.2	29.0	13.03	1.1451	0.00	116	1	100.0	5
21/11/19	1:50 a	24.8	24.9	24.8	95	24.0	0.4	ENE	0.13	0.9	ENE	24.8	27.2	27.2	26.6	1011.1	0.00	0.0	0	0.00	0	0.0	0.00	0.0	0.000	0.023	26.9	71	21.2	29.0	13.03	1.1452	0.00	115	1	100.0	5
21/11/19	1:55 a	24.8	24.8	24.8	95	24.0	0.4	ENE	0.13	0.9	ENE	24.8	27.2	27.2	26.6	1011.1	0.00	0.0	0	0.00	0	0.0	0.00	0.0	0.000	0.023	26.9	71	21.2	29.0	13.03	1.1452	0.00	114	1	100.0	5
21/11/19	2:00 a	24.8	24.8	24.7	95	23.9	0.4	ENE	0.13	0.9	ENE	24.8	27.1	27.1	26.5	1011.0	0.00	0.0	0	0.00	0	0.0	0.00	0.0	0.000	0.022	26.9	71	21.2	29.0	13.03	1.1450	0.00	116	1	100.0	5
21/11/19	2:05 a	24.7	24.8	24.7	95	23.9	0.4	ENE	0.13	1.3	ENE	24.7	27.0	27.0	26.4	1011.0	0.00	0.0	0	0.00	0	0.0	0.00	0.0	0.000	0.022	26.9	71	21.2	29.0	13.03	1.1450	0.00	116	1	100.0	5
21/11/19	2:10 a	24.6	24.7	24.6	95	23.8	0.0	ENE	0.00	0.4	ENE	24.6	26.8	26.8	26.2	1011.1	0.00	0.0	0	0.00	0	0.0	0.00	0.0	0.000	0.022	26.9	71	21.2	29.0	13.03	1.1451	0.00	116	1	100.0	5
21/11/19	2:15 a	24.6	24.6	24.6	96	23.9	0.0	ENE	0.00	0.9	ENE	24.6	26.8	26.8	26.2	1011.0	0.00	0.0	0	0.00	0	0.0	0.00	0.0	0.000	0.022	26.9	71	21.2	29.0	13.03	1.1450	0.00	115	1	100.0	5
21/11/19	2:20 a	24.6	24.6	24.5	96	23.9	0.4	ENE	0.13	0.9	ENE	24.6	26.8	26.8	26.2	1011.0	0.00	0.0	0	0.00	0	0.0	0.00	0.0	0.000	0.022	26.9	71	21.2	29.0	13.03	1.1450	0.00	116	1	100.0	5
21/11/19	2:25 a	24.6	24.6	24.5	96	23.9	0.4	ENE	0.13	0.9	ENE	24.6	26.8	26.8	26.2	1011.0	0.00	0.0	0	0.00	0	0.0	0.00	0.0	0.000	0.022	26.9	71	21.2	29.0	13.03	1.1450	0.00	114	1	100.0	5
21/11/19	2:30 a	24.5	24.6	24.4	96	23.8	0.4	ENE	0.13	1.3	ENE	24.5	26.7	26.7	26.1	1011.0	0.00	0.0	0	0.00	0	0.0	0.00	0.0	0.000	0.021	26.9	71	21.2	29.0	13.03	1.1450	0.00	115	1	100.0	5
21/11/19	2:35 a	24.4	24.5	24.4	96	23.8	0.4	ENE	0.13	0.9	ENE	24.4	26.6	26.6	25.9	1011.0	0.00	0.0	0	0.00	0	0.0	0.00	0.0	0.000	0.021	26.9	71	21.2	28.9	13.03	1.1453	0.00	117	1	100.0	5
21/11/19	2:40 a	24.3	24.4	24.3	96	23.7	0.9	ENE	0.27	1.3	ENE	24.3	26.4	26.4	25.8	1011.1	0.00	0.0	0	0.00	0	0.0	0.00	0.0	0.000	0.021	26.9	71	21.2	28.9	13.03	1.1454	0.00	117	1	100.0	5
21/11/19	2:45 a	24.3	24.4	24.3	96	23.7	0.4	E	0.13	1.3	E	24.3	26.4	26.4	25.8	1011.1	0.00	0.0	0	0.00	0	0.0	0.00	0.0	0.000	0.021	26.9	71	21.2	28.9	13.03	1.1454	0.00	117	1	100.0	5
21/11/19	2:50 a	24.3	24.3	24.3	96	23.6	0.4	E	0.13	0.9	E	24.3	26.3	26.3	25.7	1011.1	0.00	0.0	0	0.00	0	0.0	0.00	0.0	0.000	0.021	26.9	71	21.2	28.9	13.03	1.1455	0.00	116	1	100.0	5
21/11/19	2:55 a	24.3	24.3	24.2	96	23.6	0.4	E	0.13	1.3	ENE	24.3	26.3	26.3	25.7	1011.3	0.00	0.0	0	0.00	0	0.0	0.00	0.0	0.000	0.021	26.9	71	21.2	28.9	13.03	1.1456	0.00	116	1	100.0	5
21/11/19	3:00 a	24.3	24.3	24.3	96	23.6	0.4	ENE	0.13	1.3	NE	24.3	26.3	26.3	25.7	1011.4	0.00	0.0	0	0.00	0	0.0	0.00	0.0	0.000	0.021	26.9	71	21.2	28.9	13.03	1.1458	0.00	112	1	98.2	5
21/11/19	3:05 a	24.3	24.3	24.2	96	23.6	0.4	ENE	0.13	1.3	E	24.3	26.3	26.3	25.7	1011.3	0.00	0.0	0	0.00	0	0.0	0.00	0.0	0.000	0.021	26.8	71	21.1	28.8	13.04	1.1460	0.00	115	1	100.0	5
21/11/19	3:10 a	24.2	24.3	24.2	96	23.5	0.9	E	0.27	1.3	E	24.2	26.3	26.3	25.7	1011.3	0.00	0.0	0	0.00	0	0.0	0.00	0.0	0.000	0.020	26.8	71	21.1	28.8	13.04	1.1460	0.00	117	1	100.0	5
21/11/19	3:15 a	24.3	24.3	24.2	96	23.6	0.0	E	0.00	0.9	E	24.3	26.3	26.3	25.7	1011.6	0.00	0.0	0	0.00	0	0.0	0.00	0.0	0.000	0.021	26.8	71	21.1	28.8	13.04	1.1463	0.00	117	1	100.0	5
21/11/19	3:20 a	24.2	24.3	24.2	96	23.5	0.0	E	0.00	1.3	E	24.2	26.3	26.3	25.7	1011.7	0.00	0.0	0	0.00	0	0.0	0.00	0.0	0.000	0.020	26.8	71	21.1	28.8	13.04	1.1464	0.00	117	1	100.0	5
21/11/19	3:25 a	24.3	24.3	24.2	96	23.6	0.4	E	0.13	0.9	E	24.3	26.3	26.3	25.7	1011.8	0.00	0.0	0	0.00	0	0.0	0.00	0.0	0.000	0.021	26.8	71	21.1	28.8	13.04	1.1465	0.00	117	1	100.0	5
21/11/19	3:30 a	24.3	24.3	24.3	96	23.6	0.0	E	0.00	0.9	E	24.3	26.3	26.3	25.7	1011.7	0.00	0.0	0	0.00	0	0.0	0.00	0.0	0.000	0.021	26.8	71	21.1	28.8	13.04	1.1464	0.00	115	1	100.0	5
21/11/19	3:35 a	24.3	24.3	24.2	96	23.7	0.4	E	0.13	0.9	E	24.3	26.4	26.4	25.8	1011.8	0.00	0.0	0	0.00	0	0.0	0.00	0.0	0.000	0.021	26.8	71	21.1	28.8	13.04	1.1465	0.00	114	1	100.0	5
21/11/19	3:40 a	24.3	24.3	24.3	96	23.7	0.4	E	0.13	1.3	E	24.3	26.4	26.4	25.8	1011.8	0.00	0.0	0	0.00	0	0.0	0.00	0.0	0.000	0.021	26.8	71	21.1	28.8	13.04	1.1466	0.00	116	1	100.0	5
21/11/19	3:45 a	24.3	24.3	24.3	96	23.7	0.4	E	0.13	0.9	E	24.3	26.4	26.4	25.8	1011.8	0.00	0.0	0	0.00	0	0.0	0.00	0.0	0.000	0.021	26.8	71	21.1	28.8	13.04	1.1466	0.00	117	1	100.0	5
21/11/19	3:50 a	24.3	24.3	24.3	96	23.7	0.4	E	0.13	0.9	E	24.3	26.4	26.4	25.8	1011.9	0.00	0.0	0	0.00	0	0.0	0.00	0.0	0.000	0.021	26.8	71	21.1	28.8	13.04	1.1467	0.00	117	1	100.0	5
21/11/19	3:55 a	24.3	24.3	24.3	96	23.7	0.0	E	0.00	0.9	E	24.3	26.4	26.4	25.8	1011.9	0.00	0.0	0	0.00	0	0.0	0.00	0.0	0.000	0.021	26.8	71	21.1	28.8	13.04	1.1466	0.00	117	1	100.0	5
21/11/19	4:00 a	24.3	24.3	24.2	96	23.6	0.4	E	0.13	1.3	ENE	24.3	26.3	26.3	25.7	1011.9	0.00	0.0	0	0.00	0	0.0	0.00	0.0	0.000	0.021	26.8	70	20.8	28.6	12.84	1.1474	0.00	118	1	100.0	5
21/11/19	4:05 a	24.2	24.3	24.2	96	23.5	0.4	ENE	0.13	1.3	ENE	24.2	26.2	26.2	25.6	1012.0	0.00	0.0	0	0.00	0	0.0	0.00	0.0	0.000	0.020	26.8	71	21.1	28.8	13.04	1.1467	0.00	114	1	100.0	5
21/11/19	4:10 a	24.2	24.2	24.2	97	23.7	0.4	ENE	0.13	1.3	ENE	24.2	26.2	26.2	25.6	1012.0	0.00	0.0	0	0.00	0	0.0	0.00	0.0	0.000	0.020	26.8	71	21.1	28.7	13.04	1.1471	0.00	114	1	100.0	5
21/11/19	4:15 a	24.2	24.2	24.2	97	23.7	0.4	ENE	0.13	1.3	ENE	24.2	26.2	26.2	25.6	1012.2	0.00	0.0	0	0.00	0	0.0	0.00	0.0	0.000	0.020	26.8	71	21.1	28.7	13.04	1.1473	0.00	115	1	100.0	5
21/11/19	4:20 a	24.2	24.2	24.1	97	23.7	0.9	ENE	0.27	1.3	ENE	24.2	26.2	26.2	25.6	1012.2	0.00	0.0	0	0.00	0	0.0	0.00	0.0	0.000	0.020	26.8	71	21.1	28.7	13.04	1.1473	0.00	117	1	100.0	5
21/11/19	4:25 a	24.2	24.2	24.2	97	23.7	0.9	ENE	0.27	1.8	E	24.2	26.3	26.3	25.7	1012.3	0.00	0.0	0	0.00	0	0.0	0.00	0.0	0.000	0.020	26.7	71	21.0	28.6	13.05	1.1477	0.00	115	1	100.0	5
21/11/19	4:30 a	24.2	24.2	24.2	96	23.5	0.4	ENE	0.13	1.3	ENE	24.2	26.3	26.3	25.7	1012.2	0.00	0.0	0	0.00	0	0.0	0.00	0.0	0.000	0.020	26.7	71	21.0	28.6	13.05	1.1476	0.00	116	1	100.0	5
21/11/19	4:35 a	24.3	24.3	24.2	96	23.6	0.4	E	0.13	1.8	E	24.3	26.3	26.3	25.7	1012.3	0.00	0.0	0	0.00	0	0.0	0.00	0.0	0.000	0.021	26.7	71	21.0	28.6	13.05	1.1477	0.00	117	1	100.0	5
21/11/19	4:40 a	24.3	24.3	24.3	96	23.6	0.4	E	0.13	1.3	E	24.3	26.3	26.3	25.7	1012.3	0.00	0.0	0	0.00	0	0.0	0.00	0.0	0.000	0.021	26.7	71	21.0	28.6	13.05	1.1477	0.00	114	1	100.0	5
21/11/19	4:45 a	24.3	24.3	24.3	96	23.6	0.4	E	0.13	0.9	E	24.3	26.3	26.3	25.7	1012.3	0.00	0.0	0	0.00	0	0.0	0.00	0.0	0.000	0.021	26.7	71	21.0	28.6	13.05	1.1477	0.00	114	1	100.0	5
21/11/19	4:50 a	24.3	24.3	24.3	96	23.7	0.4	E	0.13	0.9	E	24.3	26.4	26.4	25.8	1012.4	0.00	0.0	0	0.00	0	0.0	0.00	0.0	0.000	0.021	26.7	71	21.0	28.6	13.05	1.1478	0.00	117	1	100.0	5
21/11/19	4:55 a	24.3	24.3	24.3	96	23.7	0.0	E	0.00	0.4	E	24.3	26.4	26.4	25.8	1012.3	0.00	0.0	0	0.00	0	0.0	0.00	0.0	0.000	0.021	26.7	71	21.0	28.5	13.05	1.1481	0.00	117	1	100.0	5
21/11/19	5:00 a	24.3	24.3	24.3	96	23.6	0.0	E	0.00	0.9	E	24.3	26.3	26.3	25.7	1012.5	0.00	0.0	0	0.00	0	0.0	0.00	0.0	0.000	0.021	26.7	71	21.0	28.6	13.05	1.1480	0.00	117	1	100.0	5
21/11/19	5:05 a	24.2	24.3	24.2	96	23.5	0.9	NE	0.27	1.3	ENE	24.2	26.3	26.3	25.7	1012.6	0.00	0.0	0	0.00	0	0.0	0.00	0.0	0.000	0.020	26.7	71	21.0	28.6	13.05	1.1481	0.00	118	1	100.0	5
21/11/19	5:10 a	24.2	24.2	24.2	97	23.7	0.4	NE	0.13	1.3	NE	24.2	26.2	26.2	25.7	1012.6	0.00	0.0	6	0.04	7	0.0	0.00	0.0	0.000	0.020	26.7	71	21.0	28.5	13.05	1.1483	0.00	115	1	100.0	5
21/11/19	5:15 a	24.2	24.2	24.1	97	23.7	0.4	NNE	0.13	1.3	NNE	24.2	26.2	26.2	25.7	1012.7	0.00	0.0	10	0.07	11	0.0	0.00	0.0	0.000	0.020	26.7	71	21.0	28.5	13.05	1.1485	0.00	113	1	99.1	5
21/11/19	5:20 a	24.2	24.2	24.1	97	23.7	0.4	NNE	0.13	0.9	NNE	24.2	26.3	26.3	25.9	1012.6	0.00	0.0	14	0.10	18	0.0	0.00	0.0	0.000	0.020	26.7	71	21.0	28.5	13.05	1.1484	0.00	114	1	100.0	5
21/11/19	5:25 a	24.3	24.3	24.2	97	23.8	0.9	ENE	0.27	1.3	ENE	24.3	26.4	26.4	26.1	1012.7	0.00	0.0	20	0.14	23	0.0	0.00	0.0	0.000	0.021	26.7	71	21.0	28.5	13.05	1.1485	0.00	116	1	100.0	5
21/11/19	5:30 a	24.3	24.4	24.3	96	23.7	0.9	ENE	0.27	1.8	ENE	24.3	26.4	26.4	26.2	1012.9	0.00	0.0	32	0.23	35	0.0	0.00	0.0	0.000	0.021	26.7	71	21.0	28.5	13.05	1.1487	0.00	116	1	100.0	5
21/11/19	5:35 a	24.4	24.4	24.3	97	23.9	0.9	NE	0.27	1.3	NE	24.4	26.7	26.7	26.6	1012.8	0.00	0.0	34	0.24	37	0.0	0.00	0.0	0.000	0.021	26.7	71	21.0	28.6	13.05	1.1484	0.00	115	1	100.0	5
21/11/19	5:40 a	24.6	24.6	24.4	96	23.9	0.4	ENE	0.13	1.3	ENE	24.6	26.8	26.8	26.7	1012.7	0.00	0.0	37	0.27	39	0.0	0.00	0.0	0.000	0.022	26.7	71	21.0	28.6	13.05	1.1482	0.00	116	1	100.0	5
21/11/19	5:45 a	24.6	24.6	24.6	96	23.9	0.4	NE	0.13	1.3	NE	24.6	26.9	26.9	26.8	1012.8	0.00	0.0	40	0.29	42	0.0	0.00	0.0	0.000	0.022	26.7	71	21.0	28.6	13.05	1.1484	0.00	116	1	100.0	5
21/11/19	5:50 a	24.8	24.8	24.7	96	24.1	0.9	NE	0.27	1.8	NE	24.8	27.2	27.2	27.1	1012.9	0.00	0.0	40	0.29	40	0.0	0.00	0.0	0.000	0.022	26.7	71	21.0	28.6	13.05	1.1485	0.00	113	1	99.1	5
21/11/19	5:55 a	24.9	24.9	24.7	96	24.2	0.9	ENE	0.27	1.8	NNE	24.9	27.4	27.4	27.4	1012.9	0.00	0.0	45	0.32	46	0.0	0.00	0.0	0.000	0.023	26.7	72	21.3	28.7	13.25	1.1480	0.00	114	1	100.0	5
21/11/19	6:00 a	25.0	25.1	24.9	96	24.3	0.9	NE	0.27	1.8	NNE	25.0	27.6	27.6	27.7	1013.0	0.00	0.0	48	0.34	51	0.0	0.00	0.0	0.000	0.023	26.8	72	21.3	28.8	13.25	1.1478	0.03	115	1	100.0	5
21/11/19	6:05 a	25.3	25.3	25.1	95	24.4	1.3	ENE	0.40	2.7	E	25.3	28.1	28.1	28.2	1013.0	0.00	0.0	53	0.38	56	0.0	0.00	0.0	0.000	0.024	26.8	72	21.3	28.8	13.25	1.1478	0.00	116	1	100.0	5
21/11/19	6:10 a	25.5	25.5	25.3	94	24.5	0.9	E	0.27	1.8	E	25.5	28.4	28.4	28.7	1013.0	0.00	0.0	60	0.43	62	0.5	0.02	0.5	0.000	0.025	26.8	72	21.3	28.8	13.25	1.1478	0.00	117	1	100.0	5
21/11/19	6:15 a	25.7	25.7	25.4	94	24.7	0.9	NE	0.27	1.3	E	25.7	28.9	28.9	29.2	1013.0	0.00	0.0	61	0.44	63	0.6	0.02	0.6	0.000	0.026	26.8	72	21.3	28.8	13.25	1.1479	0.00	115	1	100.0	5
21/11/19	6:20 a	25.8	25.8	25.7	93	24.6	0.4	NE	0.13	0.9	NE	25.8	29.1	29.1	29.3	1013.1	0.00	0.0	62	0.44	63	0.7	0.03	0.7	0.000	0.026	26.8	72	21.4	28.9	13.25	1.1476	0.00	115	1	100.0	5
21/11/19	6:25 a	25.9	25.9	25.8	93	24.7	0.4	ENE	0.13	1.3	NE	25.9	29.3	29.3	29.6	1013.1	0.00	0.0	64	0.46	67	0.8	0.03	0.9	0.000	0.026	26.8	72	21.4	28.9	13.25	1.1477	0.00	114	1	100.0	5
21/11/19	6:30 a	26.2	26.2	26.0	92	24.8	0.4	ENE	0.13	1.3	ENE	26.2	29.7	29.7	29.9	1013.3	0.00	0.0	64	0.46	67	0.9	0.03	0.9	0.000	0.027	26.9	72	21.4	29.0	13.25	1.1475	0.00	116	1	100.0	5
21/11/19	6:35 a	26.5	26.5	26.2	92	25.1	0.4	ENE	0.13	0.9	ENE	26.5	30.5	30.5	30.9	1013.3	0.00	0.0	71	0.51	74	1.1	0.04	1.1	0.000	0.028	26.9	72	21.4	29.0	13.25	1.1475	0.00	117	1	100.0	5
21/11/19	6:40 a	26.8	26.8	26.5	91	25.2	0.0	ENE	0.00	0.9	ENE	26.8	31.2	31.2	31.7	1013.3	0.00	0.0	77	0.55	79	1.2	0.04	1.2	0.000	0.030	26.9	72	21.4	29.0	13.25	1.1476	0.00	116	1	100.0	5
21/11/19	6:45 a	27.3	27.3	26.8	89	25.3	0.0	ENE	0.00	0.9	ENE	27.3	32.0	32.0	32.6	1013.4	0.00	0.0	85	0.61	88	1.3	0.05	1.3	0.000	0.031	26.9	72	21.5	29.1	13.25	1.1474	0.00	117	1	100.0	5
21/11/19	6:50 a	27.7	27.7	27.3	88	25.5	0.4	ENE	0.13	0.9	ENE	27.7	32.9	32.9	33.9	1013.8	0.00	0.0	116	0.83	149	1.4	0.05	1.4	0.000	0.032	26.9	72	21.5	29.1	13.25	1.1478	0.00	116	1	100.0	5
21/11/19	6:55 a	27.8	27.9	27.7	87	25.5	0.4	NE	0.13	0.9	ENE	27.8	33.2	33.2	34.3	1013.9	0.00	0.0	128	0.92	149	1.2	0.04	1.3	0.000	0.033	26.9	72	21.5	29.1	13.25	1.1479	0.00	114	1	100.0	5
21/11/19	7:00 a	27.8	27.8	27.8	87	25.4	0.4	ENE	0.13	1.3	ENE	27.8	33.1	33.1	34.2	1013.9	0.00	0.0	127	0.91	130	1.3	0.05	1.3	0.000	0.033	27.0	72	21.5	29.2	13.25	1.1477	0.05	114	1	100.0	5
21/11/19	7:05 a	27.5	27.8	27.5	88	25.3	0.4	ENE	0.13	1.3	ENE	27.5	32.4	32.4	33.6	1013.9	0.00	0.0	127	0.91	130	1.3	0.05	1.3	0.000	0.032	27.1	72	21.6	29.3	13.25	1.1473	0.00	112	1	98.2	5
21/11/19	7:10 a	27.4	27.5	27.4	88	25.3	0.4	NNE	0.13	1.3	NE	27.4	32.3	32.3	33.6	1013.9	0.00	0.0	138	0.99	146	1.4	0.05	1.5	0.000	0.032	27.1	72	21.6	29.3	13.25	1.1474	0.00	116	1	100.0	5
21/11/19	7:15 a	27.3	27.4	27.3	88	25.2	0.0	NNE	0.00	0.9	NNE	27.3	32.0	32.0	34.9	1013.9	0.00	0.0	144	1.03	151	1.7	0.06	1.8	0.000	0.031	27.1	72	21.6	29.4	13.25	1.1470	0.00	113	1	99.1	5
21/11/19	7:20 a	27.6	27.6	27.3	87	25.2	0.0	NNE	0.00	0.4	NNE	27.6	32.4	32.4	37.6	1013.8	0.00	0.0	239	1.71	283	2.2	0.08	2.3	0.000	0.032	27.1	72	21.6	29.4	13.25	1.1469	0.00	113	1	99.1	5
21/11/19	7:25 a	28.1	28.1	27.6	85	25.3	0.0	NNE	0.00	0.9	NNE	28.1	33.4	33.4	37.2	1013.9	0.00	0.0	189	1.35	229	2.5	0.09	2.7	0.000	0.034	27.2	72	21.7	29.6	13.25	1.1467	0.00	110	1	96.5	5
21/11/19	7:30 a	28.5	28.5	28.1	84	25.5	0.4	NNE	0.13	1.3	NNE	28.5	34.4	34.4	37.0	1013.8	0.00	0.0	120	0.86	123	2.8	0.10	2.9	0.000	0.035	27.2	72	21.7	29.6	13.25	1.1463	0.00	111	1	97.4	5
21/11/19	7:35 a	28.6	28.6	28.5	84	25.6	0.4	NW	0.13	1.3	NNE	28.6	34.8	34.8	37.3	1014.1	0.00	0.0	119	0.85	120	3.0	0.11	3.1	0.000	0.036	27.2	72	21.7	29.6	13.25	1.1466	0.00	112	1	98.2	5
21/11/19	7:40 a	28.8	28.8	28.6	84	25.8	0.4	NE	0.13	1.3	NNW	28.8	35.2	35.2	37.7	1014.0	0.00	0.0	120	0.86	121	3.1	0.11	3.3	0.000	0.036	27.3	72	21.8	29.8	13.25	1.1459	0.00	117	1	100.0	5
21/11/19	7:45 a	29.0	29.1	28.8	83	25.8	0.0	NE	0.00	0.9	NE	29.0	35.6	35.6	38.2	1013.8	0.00	0.0	126	0.90	128	3.4	0.12	3.6	0.000	0.037	27.3	72	21.8	29.8	13.25	1.1457	0.00	113	1	99.1	5
21/11/19	7:50 a	29.2	29.2	29.0	83	26.0	0.4	NW	0.13	1.3	NE	29.2	36.3	36.3	39.4	1014.0	0.00	0.0	154	1.10	186	3.6	0.13	3.8	0.000	0.038	27.4	72	21.9	29.9	13.25	1.1456	0.00	117	1	100.0	5
21/11/19	7:55 a	29.8	29.8	29.2	80	26.0	0.4	ENE	0.13	1.3	N	29.8	37.3	37.3	41.6	1013.9	0.00	0.0	217	1.56	230	3.9	0.14	4.0	0.000	0.040	27.4	72	21.9	30.1	13.25	1.1451	0.00	112	1	98.2	5
21/11/19	8:00 a	29.6	29.8	29.6	80	25.8	0.4	ENE	0.13	0.9	ENE	29.6	36.6	36.6	41.8	1013.9	0.00	0.0	291	2.09	323	4.1	0.15	4.3	0.000	0.039	27.5	72	22.0	30.2	13.25	1.1449	0.10	113	1	99.1	5
21/11/19	8:05 a	29.5	29.7	29.4	81	25.9	0.9	ESE	0.27	1.8	ESE	29.5	36.6	36.6	41.9	1013.9	0.00	0.0	305	2.19	327	2.8	0.10	3.4	0.000	0.039	27.6	71	21.8	30.1	12.99	1.1449	0.00	110	1	96.5	5
21/11/19	8:10 a	29.4	29.5	29.4	81	25.8	0.9	SE	0.27	2.7	ESE	29.4	36.4	36.4	41.6	1014.0	0.00	0.0	286	2.05	302	2.6	0.09	2.8	0.000	0.039	27.6	71	21.9	30.2	12.98	1.1447	0.00	113	1	99.1	5
21/11/19	8:15 a	29.8	29.8	29.4	78	25.6	0.9	ENE	0.27	1.3	ESE	29.8	36.7	36.7	42.2	1014.0	0.00	0.0	321	2.30	345	4.3	0.15	4.8	0.000	0.040	27.7	71	21.9	30.3	12.98	1.1444	0.00	115	1	100.0	5
21/11/19	8:20 a	30.1	30.1	29.8	77	25.6	0.4	ENE	0.13	1.8	ENE	30.1	37.1	37.1	44.5	1013.9	0.00	0.0	481	3.45	663	5.0	0.18	5.3	0.000	0.041	27.7	72	22.2	30.4	13.25	1.1439	0.00	112	1	98.2	5
21/11/19	8:25 a	29.6	30.1	29.6	79	25.6	0.4	ENE	0.13	1.3	NE	29.6	36.4	36.4	42.2	1013.9	0.00	0.0	361	2.59	621	3.7	0.13	4.6	0.000	0.039	27.7	66	20.7	29.6	11.91	1.1465	0.00	114	1	100.0	5
21/11/19	8:30 a	30.1	30.1	29.7	78	25.8	2.2	E	0.67	4.9	ENE	30.1	37.5	37.5	42.9	1013.9	0.00	0.0	335	2.40	353	3.9	0.14	5.4	0.000	0.041	27.6	60	19.1	28.7	10.75	1.1496	0.00	115	1	100.0	5
21/11/19	8:35 a	30.6	30.6	30.1	76	25.9	3.1	E	0.94	4.9	NE	30.6	38.4	38.4	50.0	1013.8	0.00	0.0	819	5.87	824	6.0	0.21	6.3	0.000	0.043	27.3	55	17.5	27.9	9.85	1.1528	0.00	114	1	100.0	5
21/11/19	8:40 a	31.0	31.0	30.7	76	26.3	2.7	E	0.80	4.9	E	31.0	39.6	39.6	51.2	1014.0	0.00	0.0	825	5.91	830	6.5	0.23	6.6	0.000	0.044	27.1	52	16.4	27.3	9.44	1.1557	0.00	113	1	99.1	5
21/11/19	8:45 a	31.6	31.6	31.0	74	26.4	1.3	NE	0.40	3.6	ENE	31.6	40.6	40.6	51.4	1013.9	0.00	0.0	796	5.71	810	6.7	0.24	6.7	0.000	0.046	26.9	54	16.8	27.3	9.75	1.1556	0.00	111	1	97.4	5
21/11/19	8:50 a	31.7	31.7	31.6	74	26.5	2.2	ENE	0.67	4.5	NE	31.7	40.9	40.9	51.7	1013.9	0.00	0.0	820	5.88	840	6.8	0.24	6.9	0.000	0.046	26.8	57	17.5	27.3	10.15	1.1549	0.00	117	1	100.0	5
21/11/19	8:55 a	31.9	31.9	31.7	72	26.2	1.8	E	0.54	4.0	ENE	31.9	40.8	40.8	52.2	1013.8	0.00	0.0	883	6.33	902	7.2	0.26	7.3	0.000	0.047	26.7	52	16.0	26.9	9.45	1.1574	0.00	117	1	100.0	5
21/11/19	9:00 a	31.5	31.9	31.5	76	26.8	2.2	NE	0.67	4.0	NE	31.5	41.1	41.1	53.0	1013.6	0.00	0.0	950	6.81	991	7.4	0.26	7.6	0.000	0.046	26.5	49	14.9	26.5	8.96	1.1593	0.43	117	1	100.0	5
21/11/19	9:05 a	30.8	31.6	30.8	78	26.5	1.8	WNW	0.54	3.6	NNE	30.8	39.6	39.6	52.1	1013.5	0.00	0.0	1026	7.35	1056	7.3	0.26	7.8	0.000	0.043	26.3	50	15.1	26.4	9.16	1.1597	0.00	116	1	100.0	5
21/11/19	9:10 a	29.8	30.7	29.8	81	26.2	1.8	WNW	0.54	3.1	NW	29.8	37.6	37.6	43.0	1013.5	0.00	0.0	385	2.76	490	5.4	0.19	7.9	0.000	0.040	26.3	53	15.9	26.5	9.65	1.1588	0.00	116	1	100.0	5
21/11/19	9:15 a	30.4	30.4	29.8	81	26.8	1.8	NW	0.54	3.6	WNW	30.4	39.4	39.4	50.2	1013.4	0.00	0.0	941	6.74	956	7.6	0.27	8.2	0.000	0.042	26.2	49	14.7	26.2	8.97	1.1605	0.00	114	1	100.0	5
21/11/19	9:20 a	30.7	30.7	30.5	78	26.4	1.8	NW	0.54	3.6	NNW	30.7	39.3	39.3	43.8	1013.2	0.00	0.0	316	2.26	316	6.9	0.25	8.3	0.000	0.043	26.1	49	14.6	26.1	8.97	1.1608	0.00	109	1	95.6	5
21/11/19	9:25 a	30.3	30.7	30.3	78	26.1	1.3	NW	0.40	2.7	N	30.3	38.2	38.2	42.3	1013.2	0.00	0.0	298	2.14	309	4.6	0.16	5.0	0.000	0.042	26.1	52	15.4	26.2	9.47	1.1599	0.00	112	1	98.2	5
21/11/19	9:30 a	30.2	30.4	30.1	79	26.1	1.3	N	0.40	2.2	WNW	30.2	37.9	37.9	42.5	1013.2	0.00	0.0	335	2.40	359	4.2	0.15	4.3	0.000	0.041	26.0	48	14.1	25.9	8.87	1.1617	0.00	113	1	99.1	5
21/11/19	9:35 a	30.2	30.3	30.2	79	26.1	1.3	NW	0.40	4.0	NNE	30.2	37.9	37.9	41.8	1013.2	0.00	0.0	279	2.00	322	3.5	0.13	3.9	0.000	0.041	25.9	51	15.0	25.9	9.35	1.1611	0.00	115	1	100.0	5
21/11/19	9:40 a	29.7	30.1	29.7	81	26.1	1.3	NW	0.40	3.1	WNW	29.7	37.2	37.2	39.5	1013.1	0.00	0.0	172	1.23	197	2.2	0.08	2.6	0.000	0.040	25.8	50	14.6	25.8	9.18	1.1617	0.00	117	1	100.0	5
21/11/19	9:45 a	29.7	29.7	29.7	82	26.3	1.3	NNW	0.40	2.2	NNW	29.7	37.5	37.5	39.8	1013.1	0.00	0.0	178	1.28	204	2.8	0.10	3.3	0.000	0.040	25.8	49	14.3	25.7	8.98	1.1623	0.00	117	1	100.0	5
21/11/19	9:50 a	29.6	29.7	29.5	83	26.4	1.8	NW	0.54	4.0	NW	29.6	37.3	37.3	40.8	1013.1	0.00	0.0	265	1.90	364	4.0	0.14	4.7	0.000	0.039	25.7	52	15.1	25.8	9.48	1.1615	0.00	114	1	100.0	5
21/11/19	9:55 a	29.2	29.6	29.2	84	26.2	1.8	NW	0.54	4.0	NW	29.2	36.4	36.4	39.8	1013.0	0.00	0.0	259	1.86	287	4.0	0.14	4.7	0.000	0.038	25.7	48	13.9	25.6	8.88	1.1629	0.00	113	1	99.1	5
21/11/19	10:00 a	29.0	29.2	28.9	85	26.2	1.8	NW	0.54	4.0	WNW	29.0	36.1	36.1	39.1	1013.1	0.00	0.0	231	1.66	244	3.4	0.12	3.5	0.000	0.037	25.6	51	14.7	25.7	9.35	1.1624	0.28	114	1	100.0	5
21/11/19	10:05 a	29.1	29.1	28.9	85	26.3	1.8	NNW	0.54	4.0	NNW	29.1	36.3	36.3	39.2	1013.0	0.00	0.0	222	1.59	239	3.4	0.12	3.5	0.000	0.037	25.6	50	14.4	25.6	9.19	1.1627	0.00	116	1	100.0	5
21/11/19	10:10 a	29.0	29.1	29.0	86	26.4	1.8	NW	0.54	3.6	WNW	29.0	36.3	36.3	38.9	1013.0	0.00	0.0	202	1.45	225	3.9	0.14	4.6	0.000	0.037	25.6	50	14.4	25.6	9.19	1.1630	0.00	117	1	100.0	5
21/11/19	10:15 a	29.8	29.8	29.0	84	26.8	1.8	NW	0.54	3.6	NW	29.8	38.2	38.2	44.8	1012.8	0.00	0.0	782	5.61	802	7.7	0.28	8.5	0.000	0.040	25.6	50	14.4	25.6	9.19	1.1628	0.00	115	1	100.0	5
21/11/19	10:20 a	30.4	30.4	29.8	81	26.8	1.8	NW	0.54	4.0	WNW	30.4	39.4	39.4	46.3	1012.7	0.00	0.0	820	5.88	886	8.6	0.31	9.0	0.000	0.042	25.5	49	14.0	25.4	8.99	1.1633	0.00	117	1	100.0	5
21/11/19	10:25 a	30.7	30.7	30.4	80	26.9	2.7	NW	0.80	4.5	N	30.7	40.0	40.0	46.8	1012.6	0.00	0.0	824	5.91	851	8.2	0.29	8.8	0.000	0.043	25.6	51	14.7	25.6	9.35	1.1621	0.00	113	1	99.1	5
21/11/19	10:30 a	31.0	31.2	30.8	78	26.7	2.7	WNW	0.80	5.4	NW	31.0	40.2	40.2	47.1	1012.5	0.00	0.0	773	5.54	872	8.8	0.31	9.2	0.000	0.044	25.5	48	13.7	25.3	8.89	1.1634	0.00	113	1	99.1	5
21/11/19	10:35 a	30.7	30.9	30.6	79	26.6	2.7	NW	0.80	4.9	WNW	30.7	39.5	39.5	44.8	1012.5	0.00	0.0	450	3.23	594	6.2	0.22	9.0	0.000	0.043	25.5	52	14.9	25.6	9.49	1.1619	0.00	117	1	100.0	5
21/11/19	10:40 a	30.6	30.6	30.4	80	26.7	1.3	NW	0.40	4.5	NNW	30.6	39.4	39.4	43.2	1012.4	0.00	0.0	309	2.21	367	5.8	0.21	7.9	0.000	0.042	25.6	48	13.7	25.4	8.89	1.1630	0.00	116	1	100.0	5
21/11/19	10:45 a	30.2	30.5	30.1	82	26.8	2.7	NW	0.80	5.4	N	30.2	38.8	38.8	44.3	1012.4	0.00	0.0	475	3.40	998	6.8	0.24	9.9	0.000	0.041	25.4	51	14.6	25.4	9.35	1.1625	0.00	116	1	100.0	5
21/11/19	10:50 a	31.2	31.2	30.2	79	27.1	1.8	NNW	0.54	4.9	NNW	31.2	41.1	41.1	48.7	1012.2	0.00	0.0	987	7.07	1004	9.9	0.35	10.0	0.000	0.045	25.5	49	14.0	25.4	8.99	1.1626	0.00	115	1	100.0	5
21/11/19	10:55 a	30.9	31.3	30.9	79	26.9	2.7	NW	0.80	4.9	NW	30.9	40.4	40.4	47.4	1012.1	0.00	0.0	794	5.69	963	8.4	0.30	9.5	0.000	0.044	25.4	49	13.9	25.3	8.99	1.1629	0.00	114	1	100.0	5
21/11/19	11:00 a	30.7	31.0	30.7	79	26.6	2.2	NNW	0.67	4.5	NW	30.7	39.5	39.5	42.4	1011.9	0.00	0.0	238	1.71	276	5.5	0.20	7.2	0.000	0.043	25.4	51	14.6	25.4	9.35	1.1619	0.41	112	1	98.2	5
21/11/19	11:05 a	29.9	30.7	29.9	81	26.3	2.2	NW	0.67	4.9	NNW	29.9	37.9	37.9	41.1	1012.1	0.00	0.0	266	1.91	394	5.3	0.19	7.3	0.000	0.040	25.4	49	13.9	25.3	8.99	1.1628	0.00	113	1	99.1	5
21/11/19	11:10 a	30.0	30.0	29.8	82	26.6	2.2	NNW	0.67	4.9	N	30.0	38.3	38.3	44.3	1012.0	0.00	0.0	551	3.95	814	7.4	0.26	8.9	0.000	0.041	25.4	49	13.9	25.3	9.00	1.1630	0.00	117	1	100.0	5
21/11/19	11:15 a	30.8	30.8	30.0	79	26.8	2.7	NW	0.80	4.0	NW	30.8	40.0	40.0	46.9	1011.9	0.00	0.0	852	6.11	889	9.1	0.33	9.4	0.000	0.043	25.4	52	14.8	25.4	9.50	1.1617	0.00	117	1	100.0	5
21/11/19	11:20 a	31.2	31.3	30.8	77	26.7	2.7	NW	0.80	5.8	NW	31.2	40.6	40.6	46.9	1011.7	0.00	0.0	895	6.42	902	9.5	0.34	9.5	0.000	0.045	25.4	49	13.9	25.3	8.99	1.1624	0.00	116	1	100.0	5
21/11/19	11:25 a	31.3	31.4	31.2	78	27.0	2.2	NW	0.67	5.8	NW	31.3	41.3	41.3	48.0	1011.7	0.00	0.0	878	6.29	904	9.4	0.34	9.5	0.000	0.045	25.4	51	14.5	25.4	9.35	1.1619	0.00	116	1	100.0	5
21/11/19	11:30 a	31.3	31.4	31.2	78	27.0	2.7	NW	0.80	5.4	NW	31.3	41.3	41.3	48.0	1011.5	0.00	0.0	885	6.34	896	9.5	0.34	9.5	0.000	0.045	25.4	50	14.3	25.4	9.19	1.1618	0.00	115	1	100.0	5
21/11/19	11:35 a	31.2	31.4	31.2	77	26.7	2.2	NW	0.67	5.4	N	31.2	40.6	40.6	47.3	1011.4	0.00	0.0	887	6.36	891	9.5	0.34	9.5	0.000	0.045	25.4	49	13.9	25.3	9.00	1.1623	0.00	114	1	100.0	5
21/11/19	11:40 a	31.1	31.2	31.1	78	26.8	3.1	NW	0.94	5.4	NW	31.1	40.6	40.6	47.4	1011.5	0.00	0.0	864	6.19	875	9.3	0.33	9.3	0.000	0.044	25.4	51	14.5	25.4	9.35	1.1617	0.00	115	1	100.0	5
21/11/19	11:45 a	30.9	31.2	30.9	80	27.1	3.6	NW	1.07	6.3	NW	30.9	40.7	40.6	47.2	1011.4	0.00	0.0	863	6.19	868	9.1	0.33	9.2	0.000	0.044	25.4	48	13.6	25.2	8.90	1.1627	0.00	117	1	100.0	5
21/11/19	11:50 a	31.0	31.1	30.9	80	27.1	3.1	NNW	0.94	6.7	NNW	31.0	40.9	40.9	47.7	1011.3	0.00	0.0	871	6.24	877	9.1	0.33	9.1	0.000	0.044	25.4	52	14.8	25.4	9.50	1.1610	0.00	117	1	100.0	5
21/11/19	11:55 a	30.8	31.1	30.8	80	27.0	3.6	NNW	1.07	6.7	N	30.8	40.3	40.3	46.9	1011.2	0.00	0.0	871	6.24	879	9.0	0.32	9.0	0.000	0.043	25.4	49	13.9	25.3	9.00	1.1621	0.00	117	1	100.0	5
21/11/19	12:00 p	30.8	30.8	30.7	79	26.7	3.1	NW	0.94	6.7	WNW	30.8	39.8	39.8	46.8	1011.3	0.00	0.0	847	6.07	877	8.8	0.31	8.9	0.000	0.043	25.5	51	14.6	25.5	9.35	1.1609	0.56	117	1	100.0	5
21/11/19	12:05 p	30.9	30.9	30.7	79	26.9	3.1	NW	0.94	6.3	WNW	30.9	40.4	40.4	47.4	1011.0	0.00	0.0	828	5.93	835	8.6	0.31	8.7	0.000	0.044	25.6	52	15.0	25.7	9.49	1.1596	0.00	116	1	100.0	5
21/11/19	12:10 p	31.0	31.0	30.9	78	26.7	3.1	NW	0.94	6.7	NW	31.0	40.2	40.2	47.2	1011.1	0.00	0.0	813	5.83	821	8.4	0.30	8.5	0.000	0.044	25.8	53	15.5	25.9	9.65	1.1582	0.00	112	1	98.2	5
21/11/19	12:15 p	31.0	31.1	31.0	78	26.7	3.1	NNW	0.94	6.7	N	31.0	40.2	40.2	47.2	1011.0	0.00	0.0	801	5.74	803	8.2	0.29	8.3	0.000	0.044	26.0	54	16.0	26.2	9.77	1.1568	0.00	114	1	100.0	5
21/11/19	12:20 p	31.2	31.2	31.0	76	26.4	3.1	NNW	0.94	6.3	NNW	31.2	40.1	40.1	47.1	1010.9	0.00	0.0	797	5.71	803	8.1	0.29	8.1	0.000	0.045	26.2	56	16.7	26.6	10.08	1.1548	0.00	116	1	100.0	5
21/11/19	12:25 p	30.8	31.1	30.7	78	26.5	3.6	NNW	1.07	6.7	NNE	30.8	39.7	39.7	46.4	1010.8	0.00	0.0	786	5.63	789	7.8	0.28	7.9	0.000	0.043	26.4	58	17.5	26.9	10.37	1.1530	0.00	117	1	100.0	5
21/11/19	12:30 p	31.2	31.2	30.9	77	26.7	3.1	NNW	0.94	5.8	N	31.2	40.6	40.6	47.6	1010.8	0.00	0.0	779	5.58	788	7.6	0.27	7.8	0.000	0.045	26.6	59	17.9	27.2	10.55	1.1514	0.00	117	1	100.0	5
21/11/19	12:35 p	31.2	31.2	31.0	78	26.9	3.1	NNW	0.94	4.9	WNW	31.2	40.7	40.7	47.7	1010.6	0.00	0.0	751	5.38	786	7.1	0.25	7.4	0.000	0.045	26.8	60	18.4	27.6	10.75	1.1496	0.00	117	1	100.0	5
21/11/19	12:40 p	31.2	31.2	31.1	77	26.7	3.1	NNW	0.94	5.8	NNW	31.2	40.4	40.4	47.3	1010.6	0.00	0.0	747	5.35	765	7.0	0.25	7.3	0.000	0.045	27.0	62	19.1	28.1	11.14	1.1479	0.00	116	1	100.0	5
21/11/19	12:45 p	31.2	31.2	31.1	77	26.7	2.7	NNW	0.80	6.3	NNW	31.2	40.6	40.6	47.7	1010.5	0.00	0.0	745	5.34	759	7.1	0.25	7.2	0.000	0.045	27.1	63	19.5	28.3	11.33	1.1468	0.00	115	1	100.0	5
21/11/19	12:50 p	31.3	31.3	31.2	76	26.5	3.1	NNW	0.94	5.8	NNW	31.3	40.4	40.4	47.3	1010.4	0.00	0.0	741	5.31	744	6.9	0.25	7.0	0.000	0.045	27.2	59	18.5	28.1	10.55	1.1478	0.00	114	1	100.0	5
21/11/19	12:55 p	31.2	31.3	31.2	77	26.7	3.1	NNW	0.94	5.8	NNW	31.2	40.6	40.6	47.4	1010.2	0.00	0.0	730	5.23	731	6.7	0.24	6.8	0.000	0.045	27.1	54	17.0	27.6	9.75	1.1502	0.00	115	1	100.0	5
21/11/19	1:00 p	30.9	31.2	30.9	78	26.7	3.6	NW	1.07	6.3	NNW	30.9	40.1	40.0	46.6	1010.0	0.00	0.0	722	5.18	728	6.5	0.23	6.6	0.000	0.044	26.9	50	15.6	27.1	9.14	1.1524	0.56	117	1	100.0	5
21/11/19	1:05 p	30.9	30.9	30.9	78	26.6	3.1	NW	0.94	6.3	NW	30.9	39.9	39.9	46.7	1009.8	0.00	0.0	711	5.10	714	6.3	0.23	6.4	0.000	0.044	26.7	47	14.5	26.6	8.65	1.1546	0.00	117	1	100.0	5
21/11/19	1:10 p	30.8	30.8	30.7	80	26.9	2.7	NW	0.80	7.2	NNW	30.8	40.2	40.2	47.1	1009.8	0.00	0.0	699	5.01	701	6.1	0.22	6.1	0.000	0.043	26.6	51	15.6	26.7	9.35	1.1538	0.00	117	1	100.0	5
21/11/19	1:15 p	31.1	31.1	30.8	80	27.2	2.7	NW	0.80	5.4	NNW	31.1	41.1	41.1	47.9	1009.8	0.00	0.0	692	4.96	698	5.8	0.21	5.9	0.000	0.044	26.5	51	15.5	26.6	9.35	1.1540	0.00	116	1	100.0	5
21/11/19	1:20 p	31.2	31.3	31.1	79	27.1	2.7	NW	0.80	5.4	NW	31.2	41.3	41.3	48.2	1009.7	0.00	0.0	689	4.94	694	5.7	0.20	5.8	0.000	0.045	26.3	47	14.1	26.2	8.66	1.1564	0.00	114	1	100.0	5
21/11/19	1:25 p	31.0	31.2	31.0	79	26.9	3.1	NW	0.94	7.2	NNW	31.0	40.6	40.6	47.1	1009.7	0.00	0.0	657	4.71	668	5.4	0.19	5.5	0.000	0.044	26.2	44	13.0	25.8	8.17	1.1581	0.00	114	1	100.0	5
21/11/19	1:30 p	31.0	31.0	30.9	80	27.1	3.1	NNW	0.94	6.3	NNW	31.0	40.9	40.9	47.4	1009.7	0.00	0.0	645	4.62	656	5.2	0.19	5.3	0.000	0.044	26.1	49	14.6	26.1	8.97	1.1567	0.00	115	1	100.0	5
21/11/19	1:35 p	30.8	30.9	30.8	80	27.0	2.7	NW	0.80	6.7	NW	30.8	40.3	40.3	46.9	1009.6	0.00	0.0	625	4.48	631	4.9	0.17	5.0	0.000	0.043	26.0	47	13.8	25.8	8.67	1.1580	0.00	116	1	100.0	5
21/11/19	1:40 p	30.9	30.9	30.8	80	27.1	3.1	NW	0.94	7.2	NW	30.9	40.7	40.7	46.9	1009.5	0.00	0.0	606	4.34	610	4.7	0.17	4.8	0.000	0.044	26.0	50	14.8	26.0	9.17	1.1566	0.00	116	1	100.0	5
21/11/19	1:45 p	30.9	31.0	30.9	79	26.8	3.1	NNW	0.94	6.3	NNW	30.9	40.2	40.2	46.4	1009.5	0.00	0.0	597	4.28	603	4.5	0.16	4.6	0.000	0.044	25.9	47	13.8	25.7	8.68	1.1581	0.00	116	1	100.0	5
21/11/19	1:50 p	30.8	30.9	30.8	78	26.5	3.1	NNW	0.94	5.4	N	30.8	39.7	39.7	45.8	1009.3	0.00	0.0	584	4.19	592	4.2	0.15	4.3	0.000	0.043	25.8	45	13.0	25.5	8.38	1.1592	0.00	118	1	100.0	5
21/11/19	1:55 p	30.8	30.8	30.7	79	26.7	2.7	NNW	0.80	7.2	NNW	30.8	39.8	39.8	46.1	1009.4	0.00	0.0	568	4.07	575	4.0	0.14	4.1	0.000	0.043	25.8	50	14.6	25.8	9.18	1.1576	0.00	116	1	100.0	5
21/11/19	2:00 p	30.5	30.8	30.5	79	26.4	3.1	NNW	0.94	5.4	NNW	30.5	39.0	39.0	44.9	1009.4	0.00	0.0	544	3.90	554	3.8	0.14	3.9	0.000	0.042	25.7	46	13.2	25.4	8.48	1.1595	0.46	114	1	100.0	5
21/11/19	2:05 p	30.6	30.6	30.4	80	26.8	2.7	NNW	0.80	4.9	NE	30.6	39.6	39.6	45.6	1009.2	0.00	0.0	533	3.82	540	3.6	0.13	3.7	0.000	0.043	25.7	49	14.2	25.6	8.99	1.1584	0.00	114	1	100.0	5
21/11/19	2:10 p	30.6	30.8	30.6	79	26.6	3.1	NNW	0.94	6.7	NNW	30.6	39.3	39.3	45.1	1009.2	0.00	0.0	517	3.71	524	3.4	0.12	3.5	0.000	0.043	25.7	47	13.5	25.4	8.69	1.1591	0.00	117	1	100.0	5
21/11/19	2:15 p	30.6	30.7	30.6	80	26.7	2.7	NNW	0.80	5.4	NNE	30.6	39.4	39.4	45.2	1009.2	0.00	0.0	503	3.61	508	3.2	0.11	3.3	0.000	0.042	25.7	47	13.5	25.4	8.69	1.1591	0.00	116	1	100.0	5
21/11/19	2:20 p	30.6	30.7	30.6	79	26.6	3.1	N	0.94	6.7	NNE	30.6	39.3	39.3	44.9	1009.1	0.00	0.0	486	3.48	492	3.0	0.11	3.1	0.000	0.043	25.7	49	14.2	25.6	8.99	1.1583	0.00	117	1	100.0	5
21/11/19	2:25 p	30.3	30.6	30.3	80	26.5	3.6	N	1.07	6.7	N	30.3	38.8	38.7	43.9	1009.2	0.00	0.0	471	3.38	480	2.8	0.10	2.9	0.000	0.042	25.6	46	13.1	25.2	8.49	1.1600	0.00	117	1	100.0	5
21/11/19	2:30 p	30.4	30.6	30.3	80	26.6	3.1	N	0.94	7.2	N	30.4	39.1	39.1	44.4	1009.2	0.00	0.0	452	3.24	459	2.6	0.09	2.7	0.000	0.042	25.6	49	14.1	25.5	8.99	1.1589	0.00	116	1	100.0	5
21/11/19	2:35 p	30.3	30.4	30.3	81	26.7	3.1	NW	0.94	6.3	WNW	30.3	39.1	39.1	44.3	1009.1	0.00	0.0	438	3.14	441	2.4	0.09	2.5	0.000	0.042	25.6	47	13.4	25.3	8.69	1.1596	0.00	112	1	98.2	5
21/11/19	2:40 p	30.4	30.4	30.3	81	26.8	2.7	NNW	0.80	5.8	NW	30.4	39.4	39.4	44.7	1009.1	0.00	0.0	419	3.00	429	2.2	0.08	2.3	0.000	0.042	25.5	45	12.7	25.1	8.39	1.1606	0.00	115	1	100.0	5
21/11/19	2:45 p	30.4	30.6	30.4	80	26.6	3.1	NW	0.94	7.6	NNE	30.4	39.1	39.1	44.1	1009.2	0.00	0.0	404	2.90	410	2.1	0.07	2.1	0.000	0.042	25.4	49	13.9	25.3	8.99	1.1594	0.00	116	1	100.0	5
21/11/19	2:50 p	30.3	30.4	30.2	81	26.7	3.1	NNW	0.94	7.2	NNW	30.3	38.9	38.9	43.7	1009.2	0.00	0.0	384	2.75	392	1.9	0.07	1.9	0.000	0.041	25.4	47	13.3	25.2	8.69	1.1603	0.00	116	1	100.0	5
21/11/19	2:55 p	30.2	30.3	30.2	81	26.5	3.1	NNW	0.94	7.2	NW	30.2	38.6	38.6	43.2	1009.2	0.00	0.0	363	2.60	369	1.7	0.06	1.8	0.000	0.041	25.4	47	13.3	25.2	8.70	1.1605	0.00	117	1	100.0	5
21/11/19	3:00 p	30.2	30.3	30.1	81	26.6	3.1	N	0.94	5.8	N	30.2	38.7	38.7	43.2	1009.2	0.00	0.0	346	2.48	355	1.5	0.05	1.6	0.000	0.041	25.4	49	13.9	25.3	8.99	1.1594	0.33	117	1	100.0	5
21/11/19	3:05 p	30.1	30.2	30.1	82	26.7	3.1	NNW	0.94	6.3	WNW	30.1	38.7	38.7	42.9	1009.2	0.00	0.0	323	2.32	332	1.4	0.05	1.4	0.000	0.041	25.4	46	12.9	25.1	8.50	1.1609	0.00	116	1	100.0	5
21/11/19	3:10 p	29.8	30.1	29.8	83	26.6	4.0	NNW	1.21	6.7	NNW	29.5	37.9	37.7	41.4	1009.1	0.00	0.0	300	2.15	311	1.3	0.05	1.3	0.000	0.040	25.4	52	14.8	25.4	9.50	1.1585	0.00	113	1	99.1	5
21/11/19	3:15 p	29.8	29.8	29.7	83	26.6	3.1	NNW	0.94	6.3	NW	29.8	37.9	37.9	41.8	1009.1	0.00	0.0	282	2.02	288	1.1	0.04	1.1	0.000	0.040	25.4	53	15.2	25.6	9.65	1.1579	0.00	114	1	100.0	5
21/11/19	3:20 p	29.9	30.0	29.8	83	26.7	3.1	NNW	0.94	8.9	NNW	29.9	38.3	38.3	42.1	1009.1	0.00	0.0	270	1.94	276	1.0	0.04	1.0	0.000	0.040	25.3	49	13.8	25.2	9.00	1.1600	0.00	116	1	100.0	5
21/11/19	3:25 p	29.7	29.8	29.7	83	26.5	3.6	NW	1.07	6.7	NW	29.6	37.8	37.7	41.1	1009.2	0.00	0.0	253	1.81	260	0.9	0.03	0.9	0.000	0.040	25.3	51	14.5	25.3	9.35	1.1593	0.00	116	1	100.0	5
21/11/19	3:30 p	29.7	29.8	29.7	83	26.5	3.1	NNW	0.94	7.6	N	29.7	37.8	37.8	41.1	1009.2	0.00	0.0	229	1.64	241	0.8	0.03	0.8	0.000	0.040	25.3	51	14.4	25.3	9.35	1.1596	0.00	117	1	100.0	5
21/11/19	3:35 p	29.5	29.8	29.5	84	26.5	3.1	NNW	0.94	6.7	NNE	29.5	37.4	37.4	40.4	1009.2	0.00	0.0	209	1.50	216	0.7	0.03	0.7	0.000	0.039	25.3	48	13.5	25.1	8.90	1.1607	0.00	116	1	100.0	5
21/11/19	3:40 p	29.3	29.5	29.3	83	26.1	4.0	NNW	1.21	8.5	NNW	28.9	36.4	36.1	38.6	1009.2	0.00	0.0	184	1.32	202	0.6	0.02	0.6	0.000	0.038	25.3	52	14.7	25.3	9.50	1.1592	0.00	117	1	100.0	5
21/11/19	3:45 p	29.3	29.3	29.3	84	26.3	3.1	NNW	0.94	7.2	NNE	29.3	36.8	36.8	39.7	1009.2	0.00	0.0	190	1.36	192	0.4	0.01	0.5	0.000	0.038	25.3	50	14.1	25.2	9.20	1.1599	0.00	113	1	99.1	5
21/11/19	3:50 p	29.4	29.4	29.3	83	26.3	3.1	NNW	0.94	5.8	NNW	29.4	36.9	36.9	40.2	1009.2	0.00	0.0	213	1.53	232	0.0	0.00	0.0	0.000	0.039	25.2	48	13.4	25.0	8.90	1.1613	0.00	115	1	100.0	5
21/11/19	3:55 p	29.5	29.6	29.4	83	26.3	2.7	NNW	0.80	5.8	N	29.5	37.1	37.1	40.7	1009.2	0.00	0.0	224	1.61	232	0.0	0.00	0.0	0.000	0.039	25.2	52	14.6	25.2	9.50	1.1597	0.00	115	1	100.0	5
21/11/19	4:00 p	29.3	29.5	29.3	84	26.3	2.7	NNW	0.80	7.2	NNW	29.3	36.8	36.8	39.7	1009.3	0.00	0.0	171	1.23	202	0.0	0.00	0.0	0.000	0.038	25.2	50	14.0	25.1	9.20	1.1606	0.18	116	1	100.0	5
21/11/19	4:05 p	29.2	29.3	29.2	84	26.2	2.2	NNW	0.67	4.9	NW	29.2	36.6	36.6	38.4	1009.4	0.00	0.0	113	0.81	132	0.0	0.00	0.0	0.000	0.038	25.1	51	14.3	25.1	9.35	1.1606	0.00	117	1	100.0	5
21/11/19	4:10 p	29.1	29.2	29.1	84	26.1	2.7	NW	0.80	5.4	N	29.1	36.1	36.1	37.2	1009.4	0.00	0.0	76	0.54	90	0.0	0.00	0.0	0.000	0.037	25.1	52	14.6	25.1	9.51	1.1602	0.00	116	1	100.0	5
21/11/19	4:15 p	28.9	29.1	28.9	84	25.9	2.2	NNW	0.67	6.3	N	28.9	35.6	35.6	36.2	1009.3	0.00	0.0	49	0.35	62	0.0	0.00	0.0	0.000	0.037	25.1	50	14.0	25.1	9.21	1.1609	0.00	116	1	100.0	5
21/11/19	4:20 p	28.8	28.9	28.7	85	26.0	3.1	NNW	0.94	6.3	NNE	28.8	35.4	35.4	35.6	1009.3	0.00	0.0	26	0.19	35	0.0	0.00	0.0	0.000	0.036	25.1	52	14.6	25.1	9.51	1.1601	0.00	114	1	100.0	5
21/11/19	4:25 p	28.7	28.7	28.6	86	26.1	2.7	NNW	0.80	4.9	N	28.7	35.3	35.3	35.3	1009.4	0.00	0.0	18	0.13	19	0.0	0.00	0.0	0.000	0.036	25.1	48	13.3	24.9	8.91	1.1620	0.00	113	1	99.1	5
21/11/19	4:30 p	28.6	28.7	28.6	86	26.0	2.2	NNW	0.67	4.9	N	28.6	35.2	35.2	35.2	1009.4	0.00	0.0	21	0.15	26	0.0	0.00	0.0	0.000	0.036	25.0	51	14.2	25.0	9.35	1.1611	0.00	116	1	100.0	5
21/11/19	4:35 p	28.6	28.6	28.6	86	26.0	2.7	NNW	0.80	5.4	NNW	28.6	35.0	35.0	34.9	1009.4	0.00	0.0	13	0.09	19	0.0	0.00	0.0	0.000	0.035	25.0	50	13.9	24.9	9.21	1.1616	0.00	116	1	100.0	5
21/11/19	4:40 p	28.5	28.6	28.5	87	26.1	2.2	NNW	0.67	6.3	E	28.5	35.1	35.1	34.9	1009.5	0.00	0.0	9	0.06	9	0.0	0.00	0.0	0.000	0.035	25.1	52	14.5	25.1	9.51	1.1606	0.00	113	1	99.1	5
21/11/19	4:45 p	28.4	28.5	28.4	87	26.1	1.8	NW	0.54	4.5	N	28.4	34.9	34.9	34.7	1009.5	0.00	0.0	7	0.05	9	0.0	0.00	0.0	0.000	0.035	25.2	53	14.9	25.2	9.65	1.1597	0.00	115	1	100.0	5
21/11/19	4:50 p	28.4	28.4	28.4	87	26.0	2.2	NNW	0.67	4.0	NNW	28.4	34.7	34.7	34.3	1009.7	0.00	0.0	0	0.00	0	0.0	0.00	0.0	0.000	0.035	25.3	50	14.1	25.2	9.20	1.1605	0.00	114	1	100.0	5
21/11/19	4:55 p	28.4	28.5	28.4	86	25.9	2.7	NNE	0.80	5.4	N	28.4	34.7	34.7	34.3	1009.9	0.00	0.0	0	0.00	0	0.0	0.00	0.0	0.000	0.035	25.3	54	15.4	25.4	9.80	1.1589	0.00	114	1	100.0	5
21/11/19	5:00 p	28.5	28.5	28.4	86	25.9	1.8	NNE	0.54	4.5	NNW	28.5	34.8	34.8	34.4	1009.9	0.00	0.0	0	0.00	0	0.0	0.00	0.0	0.000	0.035	25.4	50	14.2	25.4	9.20	1.1602	0.05	113	1	99.1	5
21/11/19	5:05 p	28.5	28.5	28.4	86	25.9	1.8	NNE	0.54	4.5	N	28.5	34.8	34.8	34.4	1010.0	0.00	0.0	0	0.00	0	0.0	0.00	0.0	0.000	0.035	25.4	50	14.2	25.4	9.20	1.1603	0.00	115	1	100.0	5
21/11/19	5:10 p	28.4	28.5	28.4	85	25.7	2.7	NNE	0.80	5.4	NNE	28.4	34.5	34.5	34.1	1010.1	0.00	0.0	0	0.00	0	0.0	0.00	0.0	0.000	0.035	25.4	53	15.2	25.6	9.65	1.1590	0.00	112	1	98.2	5
21/11/19	5:15 p	28.4	28.5	28.4	85	25.6	1.8	NNE	0.54	4.9	NE	28.4	34.3	34.3	33.9	1010.1	0.00	0.0	0	0.00	0	0.0	0.00	0.0	0.000	0.035	25.4	50	14.3	25.4	9.19	1.1601	0.00	115	1	100.0	5
21/11/19	5:20 p	28.4	28.4	28.3	86	25.8	1.3	NNE	0.40	3.1	N	28.4	34.5	34.5	34.1	1010.1	0.00	0.0	0	0.00	0	0.0	0.00	0.0	0.000	0.035	25.4	53	15.2	25.6	9.65	1.1590	0.00	117	1	100.0	5
21/11/19	5:25 p	28.2	28.3	28.2	86	25.7	1.3	NNE	0.40	2.2	NNE	28.2	34.1	34.1	33.7	1010.2	0.00	0.0	0	0.00	0	0.0	0.00	0.0	0.000	0.034	25.4	51	14.6	25.4	9.35	1.1599	0.00	116	1	100.0	5
21/11/19	5:30 p	28.2	28.2	28.2	87	25.8	1.3	NNE	0.40	3.6	N	28.2	34.1	34.1	33.7	1010.3	0.00	0.0	0	0.00	0	0.0	0.00	0.0	0.000	0.034	25.4	51	14.6	25.4	9.35	1.1600	0.00	114	1	100.0	5
21/11/19	5:35 p	28.1	28.2	28.1	87	25.7	1.3	NNE	0.40	3.1	NNE	28.1	33.9	33.9	33.4	1010.4	0.00	0.0	0	0.00	0	0.0	0.00	0.0	0.000	0.034	25.5	51	14.6	25.5	9.35	1.1598	0.00	115	1	100.0	5
21/11/19	5:40 p	28.2	28.2	28.1	87	25.9	1.3	NE	0.40	2.2	NNE	28.2	34.2	34.2	33.7	1010.5	0.00	0.0	0	0.00	0	0.0	0.00	0.0	0.000	0.034	25.5	51	14.6	25.5	9.35	1.1600	0.00	117	1	100.0	5
21/11/19	5:45 p	28.2	28.2	28.2	87	25.8	0.9	NNE	0.27	2.2	NNE	28.2	34.1	34.1	33.6	1010.5	0.00	0.0	0	0.00	0	0.0	0.00	0.0	0.000	0.034	25.5	51	14.6	25.5	9.35	1.1599	0.00	117	1	100.0	5
21/11/19	5:50 p	28.0	28.2	28.0	87	25.6	0.9	NE	0.27	1.3	NNE	28.0	33.6	33.6	33.1	1010.6	0.00	0.0	0	0.00	0	0.0	0.00	0.0	0.000	0.034	25.5	49	14.0	25.4	8.99	1.1608	0.00	117	1	100.0	5
21/11/19	5:55 p	27.9	28.1	27.9	87	25.6	1.3	NE	0.40	2.2	NE	27.9	33.5	33.5	33.0	1010.7	0.00	0.0	0	0.00	0	0.0	0.00	0.0	0.000	0.033	25.5	52	14.9	25.6	9.49	1.1598	0.00	117	1	100.0	5
21/11/19	6:00 p	27.8	27.9	27.8	88	25.7	1.3	NNE	0.40	2.7	NE	27.8	33.3	33.3	32.8	1010.6	0.00	0.0	0	0.00	0	0.0	0.00	0.0	0.000	0.033	25.5	48	13.7	25.3	8.89	1.1612	0.03	115	1	100.0	5
21/11/19	6:05 p	27.8	27.9	27.8	88	25.6	0.9	NE	0.27	1.8	NE	27.8	33.2	33.2	32.7	1010.7	0.00	0.0	0	0.00	0	0.0	0.00	0.0	0.000	0.033	25.4	51	14.6	25.4	9.35	1.1605	0.00	114	1	100.0	5
21/11/19	6:10 p	27.7	27.8	27.7	88	25.5	0.9	ENE	0.27	1.8	NE	27.7	32.9	32.9	32.3	1010.8	0.00	0.0	0	0.00	0	0.0	0.00	0.0	0.000	0.032	25.5	50	14.3	25.5	9.19	1.1607	0.00	116	1	100.0	5
21/11/19	6:15 p	27.6	27.7	27.6	89	25.6	0.9	ENE	0.27	1.3	ENE	27.6	32.9	32.9	32.4	1011.0	0.00	0.0	0	0.00	0	0.0	0.00	0.0	0.000	0.032	25.4	49	13.9	25.3	8.99	1.1616	0.00	116	1	100.0	5
21/11/19	6:20 p	27.4	27.6	27.4	90	25.7	0.9	ENE	0.27	1.8	ENE	27.4	32.6	32.6	32.1	1011.0	0.00	0.0	0	0.00	0	0.0	0.00	0.0	0.000	0.032	25.4	49	13.9	25.3	8.99	1.1616	0.00	116	1	100.0	5
21/11/19	6:25 p	27.3	27.4	27.3	90	25.5	0.9	ENE	0.27	1.8	ENE	27.3	32.3	32.3	31.7	1011.2	0.00	0.0	0	0.00	0	0.0	0.00	0.0	0.000	0.031	25.6	51	14.7	25.6	9.35	1.1605	0.00	114	1	100.0	5
21/11/19	6:30 p	27.2	27.3	27.2	90	25.4	0.9	ENE	0.27	1.8	E	27.2	31.9	31.9	31.4	1011.2	0.00	0.0	0	0.00	0	0.0	0.00	0.0	0.000	0.031	25.7	52	15.1	25.8	9.48	1.1593	0.00	115	1	100.0	5
21/11/19	6:35 p	27.2	27.2	27.2	90	25.4	0.9	ENE	0.27	1.8	E	27.2	31.9	31.9	31.4	1011.4	0.00	0.0	0	0.00	0	0.0	0.00	0.0	0.000	0.031	25.9	53	15.6	26.1	9.65	1.1582	0.00	116	1	100.0	5
21/11/19	6:40 p	27.2	27.2	27.1	91	25.6	0.4	ENE	0.13	1.3	ENE	27.2	32.0	32.0	31.5	1011.4	0.00	0.0	0	0.00	0	0.0	0.00	0.0	0.000	0.031	26.1	54	16.1	26.3	9.77	1.1568	0.00	112	1	98.2	5
21/11/19	6:45 p	27.1	27.2	27.1	91	25.5	0.4	ENE	0.13	0.9	ENE	27.1	31.8	31.8	31.3	1011.6	0.00	0.0	0	0.00	0	0.0	0.00	0.0	0.000	0.030	26.2	56	16.7	26.6	10.08	1.1556	0.00	115	1	100.0	5
21/11/19	6:50 p	27.1	27.1	27.1	91	25.5	0.4	ENE	0.13	0.9	ENE	27.1	31.8	31.8	31.3	1011.6	0.00	0.0	0	0.00	0	0.0	0.00	0.0	0.000	0.030	26.3	57	17.1	26.8	10.17	1.1547	0.00	116	1	100.0	5
21/11/19	6:55 p	27.1	27.1	27.1	91	25.5	0.9	ENE	0.27	1.3	ENE	27.1	31.8	31.8	31.3	1011.8	0.00	0.0	0	0.00	0	0.0	0.00	0.0	0.000	0.030	26.3	57	17.1	26.8	10.17	1.1549	0.00	117	1	100.0	5
21/11/19	7:00 p	27.2	27.2	27.1	91	25.6	0.9	E	0.27	1.8	E	27.2	32.0	32.0	31.5	1011.9	0.00	0.0	0	0.00	0	0.0	0.00	0.0	0.000	0.031	26.3	58	17.4	26.8	10.37	1.1546	0.03	117	1	100.0	5
21/11/19	7:05 p	27.1	27.2	27.1	91	25.5	0.4	E	0.13	1.3	E	27.1	31.8	31.8	31.3	1012.0	0.00	0.0	0	0.00	0	0.0	0.00	0.0	0.000	0.030	26.4	58	17.5	26.9	10.37	1.1544	0.00	116	1	100.0	5
21/11/19	7:10 p	27.1	27.1	27.1	91	25.5	0.4	E	0.13	1.3	E	27.1	31.7	31.7	31.2	1012.1	0.00	0.0	0	0.00	0	0.0	0.00	0.0	0.000	0.030	26.4	59	17.7	26.9	10.57	1.1541	0.00	115	1	100.0	5
21/11/19	7:15 p	27.0	27.1	27.0	91	25.4	0.9	E	0.27	1.3	E	27.0	31.6	31.6	31.0	1012.2	0.00	0.0	0	0.00	0	0.0	0.00	0.0	0.000	0.030	26.4	59	17.8	27.0	10.57	1.1539	0.00	113	1	99.1	5
21/11/19	7:20 p	27.0	27.1	26.9	91	25.4	0.4	E	0.13	1.3	E	27.0	31.6	31.6	31.0	1012.2	0.00	0.0	0	0.00	0	0.0	0.00	0.0	0.000	0.030	26.4	60	18.1	27.1	10.77	1.1535	0.00	117	1	100.0	5
21/11/19	7:25 p	26.9	27.0	26.9	91	25.3	0.9	NE	0.27	2.2	NE	26.9	31.4	31.4	30.9	1012.3	0.00	0.0	0	0.00	0	0.0	0.00	0.0	0.000	0.030	26.5	61	18.4	27.2	10.96	1.1530	0.00	117	1	100.0	5
21/11/19	7:30 p	27.1	27.1	26.9	90	25.3	1.3	NE	0.40	3.1	NE	27.1	31.5	31.5	30.9	1012.4	0.00	0.0	0	0.00	0	0.0	0.00	0.0	0.000	0.030	26.6	61	18.4	27.3	10.95	1.1528	0.00	117	1	100.0	5
21/11/19	7:35 p	27.2	27.2	27.1	90	25.4	1.3	NE	0.40	2.2	NNE	27.2	31.8	31.8	31.3	1012.3	0.00	0.0	0	0.00	0	0.0	0.00	0.0	0.000	0.031	26.6	62	18.7	27.4	11.15	1.1523	0.00	117	1	100.0	5
21/11/19	7:40 p	27.2	27.2	27.2	90	25.4	0.9	ENE	0.27	2.7	NE	27.2	31.8	31.8	31.3	1012.5	0.00	0.0	0	0.00	0	0.0	0.00	0.0	0.000	0.031	26.6	62	18.7	27.5	11.15	1.1522	0.00	116	1	100.0	5
21/11/19	7:45 p	27.1	27.2	27.1	90	25.3	0.9	ENE	0.27	1.3	ENE	27.1	31.7	31.7	31.1	1012.5	0.00	0.0	0	0.00	0	0.0	0.00	0.0	0.000	0.030	26.7	63	19.0	27.7	11.35	1.1515	0.00	114	1	100.0	5
21/11/19	7:50 p	27.1	27.1	27.1	90	25.3	0.4	ENE	0.13	1.3	ENE	27.1	31.5	31.5	30.9	1012.6	0.00	0.0	0	0.00	0	0.0	0.00	0.0	0.000	0.030	26.7	63	19.0	27.7	11.35	1.1516	0.00	115	1	100.0	5
21/11/19	7:55 p	26.9	27.1	26.9	91	25.3	0.4	ENE	0.13	1.3	ENE	26.9	31.3	31.3	30.7	1012.6	0.00	0.0	0	0.00	0	0.0	0.00	0.0	0.000	0.030	26.7	64	19.3	27.8	11.55	1.1509	0.00	117	1	100.0	5
21/11/19	8:00 p	26.7	26.9	26.7	91	25.1	0.4	ENE	0.13	1.3	ENE	26.7	30.7	30.7	30.2	1012.5	0.00	0.0	0	0.00	0	0.0	0.00	0.0	0.000	0.029	26.7	64	19.3	27.8	11.55	1.1508	0.03	117	1	100.0	5
21/11/19	8:05 p	26.6	26.7	26.6	92	25.2	0.4	ENE	0.13	1.3	ENE	26.6	30.8	30.8	30.2	1012.6	0.00	0.0	0	0.00	0	0.0	0.00	0.0	0.000	0.029	26.8	65	19.6	28.1	11.75	1.1502	0.00	117	1	100.0	5
21/11/19	8:10 p	26.6	26.6	26.6	91	25.0	0.4	NE	0.13	0.9	NE	26.6	30.6	30.6	30.1	1012.6	0.00	0.0	0	0.00	0	0.0	0.00	0.0	0.000	0.029	26.8	65	19.6	28.1	11.75	1.1503	0.00	117	1	100.0	5
21/11/19	8:15 p	26.6	26.6	26.5	92	25.1	0.4	NE	0.13	0.9	NE	26.6	30.6	30.6	30.1	1012.6	0.00	0.0	0	0.00	0	0.0	0.00	0.0	0.000	0.029	26.8	66	19.9	28.2	11.94	1.1496	0.00	116	1	100.0	5
21/11/19	8:20 p	26.5	26.6	26.5	92	25.1	0.9	NE	0.27	1.8	NE	26.5	30.5	30.5	29.9	1012.6	0.00	0.0	0	0.00	0	0.0	0.00	0.0	0.000	0.028	26.8	67	20.2	28.3	12.14	1.1491	0.00	114	1	100.0	5
21/11/19	8:25 p	26.4	26.5	26.4	92	25.0	0.9	NE	0.27	1.8	NE	26.4	30.3	30.3	29.8	1012.5	0.00	0.0	0	0.00	0	0.0	0.00	0.0	0.000	0.028	26.9	67	20.2	28.4	12.14	1.1487	0.00	116	1	100.0	5
21/11/19	8:30 p	26.4	26.4	26.4	92	25.0	0.4	NE	0.13	1.3	NE	26.4	30.3	30.3	29.8	1012.6	0.00	0.0	0	0.00	0	0.0	0.00	0.0	0.000	0.028	26.9	68	20.5	28.6	12.34	1.1484	0.00	117	1	100.0	5
21/11/19	8:35 p	26.5	26.5	26.4	92	25.1	0.9	E	0.27	1.3	NE	26.5	30.5	30.5	29.9	1012.8	0.00	0.0	0	0.00	0	0.0	0.00	0.0	0.000	0.028	26.9	68	20.5	28.6	12.34	1.1486	0.00	117	1	100.0	5
21/11/19	8:40 p	26.6	26.6	26.5	91	25.0	0.9	E	0.27	1.3	E	26.6	30.4	30.4	29.9	1012.8	0.00	0.0	0	0.00	0	0.0	0.00	0.0	0.000	0.029	26.9	69	20.8	28.8	12.53	1.1480	0.00	117	1	100.0	5
21/11/19	8:45 p	26.5	26.6	26.5	91	24.9	0.9	E	0.27	1.3	E	26.5	30.3	30.3	29.8	1013.0	0.00	0.0	0	0.00	0	0.0	0.00	0.0	0.000	0.028	26.9	69	20.8	28.8	12.53	1.1482	0.00	117	1	100.0	5
21/11/19	8:50 p	26.6	26.6	26.5	91	25.0	0.4	E	0.13	1.3	E	26.6	30.4	30.4	29.9	1013.0	0.00	0.0	0	0.00	0	0.0	0.00	0.0	0.000	0.029	26.9	69	20.8	28.8	12.53	1.1482	0.00	113	1	99.1	5
21/11/19	8:55 p	26.5	26.6	26.4	91	24.9	0.4	E	0.13	1.8	E	26.5	30.3	30.3	29.8	1013.1	0.00	0.0	0	0.00	0	0.0	0.00	0.0	0.000	0.028	27.0	69	20.8	28.9	12.53	1.1480	0.00	114	1	100.0	5
21/11/19	9:00 p	26.4	26.5	26.4	92	25.0	0.9	NE	0.27	1.8	ENE	26.4	30.2	30.2	29.7	1013.1	0.00	0.0	0	0.00	0	0.0	0.00	0.0	0.000	0.028	27.0	70	21.1	29.0	12.81	1.1476	0.00	117	1	100.0	5
21/11/19	9:05 p	26.4	26.4	26.4	91	24.9	1.3	NE	0.40	1.8	NNE	26.4	30.2	30.2	29.7	1013.0	0.00	0.0	0	0.00	0	0.0	0.00	0.0	0.000	0.028	27.0	70	21.1	29.0	12.81	1.1475	0.00	117	1	100.0	5
21/11/19	9:10 p	26.4	26.4	26.4	92	25.0	0.9	NE	0.27	1.8	NE	26.4	30.3	30.3	29.8	1013.1	0.00	0.0	0	0.00	0	0.0	0.00	0.0	0.000	0.028	27.0	70	21.1	29.0	12.81	1.1476	0.00	117	1	100.0	5
21/11/19	9:15 p	26.3	26.4	26.3	92	24.9	0.9	NE	0.27	1.8	NE	26.3	30.1	30.1	29.5	1013.0	0.00	0.0	0	0.00	0	0.0	0.00	0.0	0.000	0.028	27.0	70	21.1	29.0	12.81	1.1475	0.00	117	1	100.0	5
21/11/19	9:20 p	26.2	26.3	26.2	92	24.8	0.4	NE	0.13	1.8	NE	26.2	29.8	29.8	29.3	1013.0	0.00	0.0	0	0.00	0	0.0	0.00	0.0	0.000	0.027	27.0	71	21.3	29.1	13.03	1.1470	0.00	116	1	100.0	5
21/11/19	9:25 p	26.1	26.2	26.1	93	24.8	0.4	NE	0.13	0.9	NE	26.1	29.6	29.6	29.0	1012.9	0.00	0.0	0	0.00	0	0.0	0.00	0.0	0.000	0.027	27.0	71	21.3	29.1	13.03	1.1469	0.00	116	1	100.0	5
21/11/19	9:30 p	26.1	26.1	26.0	93	24.8	0.4	NE	0.13	0.9	NE	26.1	29.6	29.6	29.0	1012.8	0.00	0.0	0	0.00	0	0.0	0.00	0.0	0.000	0.027	27.0	70	21.1	29.0	12.81	1.1472	0.00	114	1	100.0	5
21/11/19	9:35 p	25.9	26.1	25.9	93	24.7	0.4	NE	0.13	0.9	NE	25.9	29.3	29.3	28.7	1012.8	0.00	0.0	0	0.00	0	0.0	0.00	0.0	0.000	0.026	27.1	71	21.3	29.2	13.02	1.1465	0.00	115	1	100.0	5
21/11/19	9:40 p	25.9	25.9	25.9	94	24.8	0.4	NE	0.13	0.9	NE	25.9	29.3	29.3	28.7	1012.8	0.00	0.0	0	0.00	0	0.0	0.00	0.0	0.000	0.026	27.1	71	21.3	29.2	13.02	1.1465	0.00	117	1	100.0	5
21/11/19	9:45 p	25.9	25.9	25.8	94	24.8	0.9	NE	0.27	1.3	NE	25.9	29.3	29.3	28.7	1012.7	0.00	0.0	0	0.00	0	0.0	0.00	0.0	0.000	0.026	27.1	71	21.3	29.2	13.02	1.1463	0.00	117	1	100.0	5
21/11/19	9:50 p	25.8	25.9	25.8	94	24.8	0.9	E	0.27	1.3	ENE	25.8	29.2	29.2	28.6	1012.6	0.00	0.0	0	0.00	0	0.0	0.00	0.0	0.000	0.026	27.1	71	21.3	29.2	13.02	1.1463	0.00	116	1	100.0	5
21/11/19	9:55 p	25.8	25.9	25.8	94	24.8	0.4	E	0.13	1.3	E	25.8	29.2	29.2	28.6	1012.7	0.00	0.0	0	0.00	0	0.0	0.00	0.0	0.000	0.026	27.1	71	21.3	29.2	13.02	1.1463	0.00	117	1	100.0	5
21/11/19	10:00 p	25.9	25.9	25.8	94	24.8	0.4	E	0.13	0.9	E	25.9	29.3	29.3	28.7	1012.7	0.00	0.0	0	0.00	0	0.0	0.00	0.0	0.000	0.026	27.1	71	21.3	29.2	13.02	1.1463	0.00	114	1	100.0	5
21/11/19	10:05 p	25.8	25.9	25.8	94	24.8	0.4	E	0.13	1.3	E	25.8	29.2	29.2	28.6	1012.6	0.00	0.0	0	0.00	0	0.0	0.00	0.0	0.000	0.026	27.1	71	21.4	29.3	13.02	1.1459	0.00	115	1	100.0	5
21/11/19	10:10 p	25.9	25.9	25.8	94	24.8	0.4	E	0.13	1.3	ENE	25.9	29.3	29.3	28.7	1012.8	0.00	0.0	0	0.00	0	0.0	0.00	0.0	0.000	0.026	27.1	71	21.3	29.2	13.02	1.1465	0.00	117	1	100.0	5
21/11/19	10:15 p	25.8	25.9	25.8	94	24.8	0.4	ENE	0.13	1.3	ENE	25.8	29.2	29.2	28.6	1012.8	0.00	0.0	0	0.00	0	0.0	0.00	0.0	0.000	0.026	27.1	71	21.4	29.3	13.02	1.1461	0.00	116	1	100.0	5
21/11/19	10:20 p	25.8	25.9	25.8	94	24.7	0.0	ENE	0.00	0.4	ENE	25.8	29.1	29.1	28.5	1012.7	0.00	0.0	0	0.00	0	0.0	0.00	0.0	0.000	0.026	27.1	72	21.6	29.4	13.25	1.1456	0.00	115	1	100.0	5
21/11/19	10:25 p	25.8	25.8	25.8	94	24.8	0.4	ENE	0.13	1.3	ENE	25.8	29.2	29.2	28.6	1012.7	0.00	0.0	0	0.00	0	0.0	0.00	0.0	0.000	0.026	27.1	72	21.6	29.4	13.25	1.1456	0.00	116	1	100.0	5
21/11/19	10:30 p	25.8	25.8	25.8	94	24.7	0.9	E	0.27	1.3	E	25.8	29.1	29.1	28.5	1012.8	0.00	0.0	0	0.00	0	0.0	0.00	0.0	0.000	0.026	27.1	72	21.6	29.4	13.25	1.1457	0.00	112	1	98.2	5
21/11/19	10:35 p	25.7	25.8	25.7	94	24.7	0.4	E	0.13	1.3	E	25.7	28.9	28.9	28.4	1012.8	0.00	0.0	0	0.00	0	0.0	0.00	0.0	0.000	0.026	27.1	72	21.6	29.4	13.25	1.1457	0.00	115	1	100.0	5
21/11/19	10:40 p	25.7	25.7	25.7	94	24.7	0.4	ENE	0.13	1.8	NE	25.7	28.9	28.9	28.4	1012.8	0.00	0.0	0	0.00	0	0.0	0.00	0.0	0.000	0.026	27.1	72	21.6	29.4	13.25	1.1457	0.00	115	1	100.0	5
21/11/19	10:45 p	25.8	25.8	25.7	94	24.7	0.4	ENE	0.13	1.3	NE	25.8	29.1	29.1	28.5	1012.7	0.00	0.0	0	0.00	0	0.0	0.00	0.0	0.000	0.026	27.1	72	21.6	29.4	13.25	1.1456	0.00	117	1	100.0	5
21/11/19	10:50 p	25.7	25.8	25.7	94	24.6	0.4	NE	0.13	1.3	NE	25.7	28.8	28.8	28.2	1012.6	0.00	0.0	0	0.00	0	0.0	0.00	0.0	0.000	0.025	27.1	72	21.6	29.4	13.25	1.1455	0.00	117	1	100.0	5
21/11/19	10:55 p	25.6	25.7	25.6	95	24.8	0.9	ENE	0.27	1.8	NE	25.6	28.8	28.8	28.2	1012.6	0.00	0.0	0	0.00	0	0.0	0.00	0.0	0.000	0.025	27.1	72	21.6	29.4	13.25	1.1456	0.00	117	1	100.0	5
21/11/19	11:00 p	25.7	25.7	25.6	95	24.8	0.4	ENE	0.13	1.3	ENE	25.7	28.9	28.9	28.4	1012.6	0.00	0.0	0	0.00	0	0.0	0.00	0.0	0.000	0.025	27.1	72	21.6	29.4	13.25	1.1456	0.00	116	1	100.0	5
21/11/19	11:05 p	25.6	25.7	25.6	95	24.7	0.4	ENE	0.13	0.9	ENE	25.6	28.7	28.7	28.1	1012.7	0.00	0.0	0	0.00	0	0.0	0.00	0.0	0.000	0.025	27.1	72	21.6	29.4	13.25	1.1456	0.00	114	1	100.0	5
21/11/19	11:10 p	25.6	25.6	25.5	95	24.7	0.4	ENE	0.13	0.9	ENE	25.6	28.7	28.7	28.1	1012.7	0.00	0.0	0	0.00	0	0.0	0.00	0.0	0.000	0.025	27.1	73	21.9	29.6	13.63	1.1452	0.00	114	1	100.0	5
21/11/19	11:15 p	25.6	25.6	25.5	95	24.7	0.9	E	0.27	1.8	E	25.6	28.7	28.7	28.1	1012.7	0.00	0.0	0	0.00	0	0.0	0.00	0.0	0.000	0.025	27.1	73	21.9	29.6	13.63	1.1452	0.00	114	1	100.0	5
21/11/19	11:20 p	25.6	25.6	25.5	95	24.7	0.9	E	0.27	1.8	E	25.6	28.7	28.7	28.1	1012.5	0.00	0.0	0	0.00	0	0.0	0.00	0.0	0.000	0.025	27.1	73	21.9	29.6	13.63	1.1450	0.00	115	1	100.0	5
21/11/19	11:25 p	25.6	25.6	25.5	95	24.7	0.9	E	0.27	1.3	E	25.6	28.7	28.7	28.1	1012.5	0.00	0.0	0	0.00	0	0.0	0.00	0.0	0.000	0.025	27.1	73	21.9	29.6	13.63	1.1449	0.00	116	1	100.0	5
21/11/19	11:30 p	25.6	25.6	25.6	95	24.7	0.4	E	0.13	1.3	E	25.6	28.7	28.7	28.1	1012.4	0.00	0.0	0	0.00	0	0.0	0.00	0.0	0.000	0.025	27.1	73	21.9	29.6	13.63	1.1449	0.00	115	1	100.0	5
21/11/19	11:35 p	25.5	25.6	25.5	95	24.6	0.4	E	0.13	0.9	E	25.5	28.6	28.6	28.0	1012.4	0.00	0.0	0	0.00	0	0.0	0.00	0.0	0.000	0.025	27.1	73	21.9	29.6	13.63	1.1449	0.00	115	1	100.0	5
21/11/19	11:40 p	25.4	25.5	25.4	95	24.6	0.9	E	0.27	1.3	E	25.4	28.4	28.4	27.9	1012.3	0.00	0.0	0	0.00	0	0.0	0.00	0.0	0.000	0.025	27.1	73	21.8	29.4	13.64	1.1451	0.00	111	1	97.4	5
21/11/19	11:45 p	25.5	25.5	25.4	95	24.6	0.9	E	0.27	1.8	E	25.5	28.6	28.6	28.0	1012.2	0.00	0.0	0	0.00	0	0.0	0.00	0.0	0.000	0.025	27.1	73	21.9	29.6	13.63	1.1446	0.00	111	1	97.4	5
21/11/19	11:50 p	25.4	25.5	25.4	95	24.6	0.9	E	0.27	1.3	E	25.4	28.4	28.4	27.9	1012.2	0.00	0.0	0	0.00	0	0.0	0.00	0.0	0.000	0.025	27.1	73	21.9	29.6	13.63	1.1447	0.00	114	1	100.0	5
21/11/19	11:55 p	25.4	25.5	25.4	95	24.6	0.4	E	0.13	0.9	E	25.4	28.4	28.4	27.9	1012.2	0.00	0.0	0	0.00	0	0.0	0.00	0.0	0.000	0.025	27.1	73	21.8	29.4	13.64	1.1449	0.00	114	1	100.0	5
