		Temp	Hi	Low	Out	Dew	Wind	Wind	Wind	Hi	Hi	Wind	Heat	THW	THSW			Rain	Solar	Solar	Hi Solar	UV 	UV 	Hi 	Heat	Cool	In 	In	In 	In 	In 	In Air		Wind	Wind	ISS 	Arc.
Date	Time	Out	Temp	Temp	Hum	Pt.	Speed	Dir	Run	Speed	Dir	Chill	Index	Index	Index	Bar  	Rain	Rate	Rad.	Energy	Rad. 	Index	Dose	UV 	D-D 	D-D 	Temp	Hum	Dew	Heat	EMC	Density	ET 	Samp	Tx 	Recept	Int.
12/08/19	12:00 a	25.9	25.9	25.7	96	25.2	0.4	NE	0.13	0.9	NE	25.9	29.6	29.6	29.0	1011.0	0.00	1.8	0	0.00	0	0.0	0.00	0.0	0.000	0.026	28.9	73	23.6	33.2	13.57	1.1332	0.00	117	1	100.0	5
12/08/19	12:05 a	25.6	25.9	25.6	93	24.4	0.4	SW	0.13	1.3	S	25.6	28.6	28.6	27.9	1010.7	0.00	1.0	0	0.00	0	0.0	0.00	0.0	0.000	0.025	28.8	73	23.5	33.1	13.57	1.1332	0.00	116	1	100.0	5
12/08/19	12:10 a	25.5	25.6	25.5	94	24.5	0.4	SW	0.13	0.9	SW	25.5	28.4	28.4	27.9	1010.5	0.00	0.0	0	0.00	0	0.0	0.00	0.0	0.000	0.025	28.8	73	23.5	33.1	13.57	1.1330	0.00	113	1	99.1	5
12/08/19	12:15 a	25.6	25.6	25.4	95	24.7	0.4	SSW	0.13	1.3	SW	25.6	28.7	28.7	28.1	1010.4	0.00	0.0	0	0.00	0	0.0	0.00	0.0	0.000	0.025	28.8	72	23.2	32.8	13.25	1.1336	0.00	112	1	98.2	5
12/08/19	12:20 a	25.7	25.7	25.6	96	25.0	0.9	SSW	0.27	1.8	SSE	25.7	29.1	29.1	28.5	1010.7	0.00	0.0	0	0.00	0	0.0	0.00	0.0	0.000	0.025	28.8	72	23.2	32.8	13.25	1.1340	0.00	117	1	100.0	5
12/08/19	12:25 a	25.7	25.7	25.6	96	25.0	0.4	ESE	0.13	1.3	SE	25.7	29.2	29.2	28.6	1010.6	0.00	0.0	0	0.00	0	0.0	0.00	0.0	0.000	0.026	28.8	72	23.2	32.8	13.25	1.1338	0.00	117	1	100.0	5
12/08/19	12:30 a	25.8	25.8	25.7	97	25.3	0.9	SE	0.27	1.8	SSE	25.8	29.4	29.4	28.9	1010.5	0.00	0.0	0	0.00	0	0.0	0.00	0.0	0.000	0.026	28.7	72	23.2	32.7	13.25	1.1341	0.00	116	1	100.0	5
12/08/19	12:35 a	25.7	25.8	25.7	96	25.0	0.4	SE	0.13	2.2	SSE	25.7	29.2	29.2	28.6	1010.5	0.00	0.0	0	0.00	0	0.0	0.00	0.0	0.000	0.026	28.7	72	23.2	32.7	13.25	1.1340	0.00	116	1	100.0	5
12/08/19	12:40 a	25.7	25.7	25.7	97	25.2	0.4	SE	0.13	1.3	SE	25.7	29.2	29.2	28.6	1010.2	0.00	0.0	0	0.00	0	0.0	0.00	0.0	0.000	0.025	28.8	72	23.2	32.8	13.25	1.1334	0.00	118	1	100.0	5
12/08/19	12:45 a	25.6	25.7	25.6	96	24.9	0.9	S	0.27	1.8	SSE	25.6	28.9	28.9	28.4	1010.1	0.00	0.0	0	0.00	0	0.0	0.00	0.0	0.000	0.025	28.7	72	23.2	32.7	13.25	1.1335	0.00	114	1	100.0	5
12/08/19	12:50 a	25.6	25.6	25.5	97	25.0	0.9	SE	0.27	1.8	ESE	25.6	28.9	28.9	28.3	1010.2	0.00	0.0	0	0.00	0	0.0	0.00	0.0	0.000	0.025	28.7	72	23.2	32.7	13.25	1.1337	0.00	114	1	100.0	5
12/08/19	12:55 a	25.7	25.7	25.6	97	25.2	1.8	E	0.54	2.7	ESE	25.7	29.2	29.2	28.6	1010.4	0.00	0.0	0	0.00	0	0.0	0.00	0.0	0.000	0.025	28.7	72	23.2	32.7	13.25	1.1339	0.00	115	1	100.0	5
12/08/19	1:00 a	25.6	25.7	25.6	97	25.1	0.9	ESE	0.27	2.7	ESE	25.6	29.1	29.1	28.5	1010.1	0.00	0.0	0	0.00	0	0.0	0.00	0.0	0.000	0.025	28.7	72	23.2	32.7	13.25	1.1336	0.00	115	1	100.0	5
12/08/19	1:05 a	25.6	25.6	25.6	97	25.1	0.4	ESE	0.13	1.3	ESE	25.6	29.1	29.1	28.5	1009.8	0.00	0.0	0	0.00	0	0.0	0.00	0.0	0.000	0.025	28.7	72	23.1	32.6	13.25	1.1335	0.00	117	1	100.0	5
12/08/19	1:10 a	25.6	25.6	25.6	97	25.1	0.9	ESE	0.27	1.8	SE	25.6	29.1	29.1	28.5	1009.9	0.00	0.0	0	0.00	0	0.0	0.00	0.0	0.000	0.025	28.7	72	23.1	32.6	13.25	1.1336	0.00	117	1	100.0	5
12/08/19	1:15 a	25.7	25.7	25.6	97	25.2	0.9	ESE	0.27	1.8	ESE	25.7	29.2	29.2	28.6	1010.0	0.00	0.0	0	0.00	0	0.0	0.00	0.0	0.000	0.025	28.7	72	23.1	32.6	13.25	1.1337	0.00	116	1	100.0	5
12/08/19	1:20 a	25.6	25.7	25.6	96	24.9	0.9	SE	0.27	1.3	SE	25.6	28.9	28.9	28.4	1009.9	0.00	0.0	0	0.00	0	0.0	0.00	0.0	0.000	0.025	28.7	72	23.1	32.6	13.25	1.1337	0.00	115	1	100.0	5
12/08/19	1:25 a	25.7	25.7	25.6	97	25.2	0.9	ESE	0.27	1.3	ESE	25.7	29.2	29.2	28.6	1009.9	0.00	0.0	0	0.00	0	0.0	0.00	0.0	0.000	0.025	28.6	72	23.1	32.4	13.25	1.1340	0.00	114	1	100.0	5
12/08/19	1:30 a	25.7	25.7	25.7	97	25.2	0.9	E	0.27	1.8	E	25.7	29.3	29.3	28.8	1009.6	0.00	0.0	0	0.00	0	0.0	0.00	0.0	0.000	0.026	28.6	72	23.1	32.4	13.25	1.1336	0.00	116	1	100.0	5
12/08/19	1:35 a	25.7	25.7	25.7	96	25.0	0.9	ESE	0.27	1.8	ESE	25.7	29.2	29.2	28.6	1009.6	0.00	0.0	0	0.00	0	0.0	0.00	0.0	0.000	0.026	28.6	72	23.1	32.4	13.25	1.1336	0.00	115	1	100.0	5
12/08/19	1:40 a	25.8	25.8	25.7	97	25.3	0.9	ENE	0.27	2.7	ESE	25.8	29.4	29.4	28.9	1009.6	0.00	0.0	0	0.00	0	0.0	0.00	0.0	0.000	0.026	28.6	72	23.1	32.4	13.25	1.1336	0.00	116	1	100.0	5
12/08/19	1:45 a	25.8	25.8	25.7	96	25.1	0.4	E	0.13	1.3	E	25.8	29.3	29.3	28.8	1009.5	0.00	0.0	0	0.00	0	0.0	0.00	0.0	0.000	0.026	28.6	72	23.0	32.3	13.25	1.1338	0.00	117	1	100.0	5
12/08/19	1:50 a	25.8	25.8	25.7	96	25.1	0.0	E	0.00	0.9	E	25.8	29.3	29.3	28.8	1009.3	0.00	0.0	0	0.00	0	0.0	0.00	0.0	0.000	0.026	28.6	72	23.1	32.4	13.25	1.1333	0.00	114	1	100.0	5
12/08/19	1:55 a	25.8	25.8	25.7	97	25.3	0.0	E	0.00	0.9	E	25.8	29.4	29.4	28.9	1009.4	0.00	0.0	0	0.00	0	0.0	0.00	0.0	0.000	0.026	28.6	72	23.0	32.3	13.25	1.1337	0.00	111	1	97.4	5
12/08/19	2:00 a	25.8	25.8	25.8	96	25.1	0.0	E	0.00	0.9	E	25.8	29.3	29.3	28.8	1009.2	0.00	0.0	0	0.00	0	0.0	0.00	0.0	0.000	0.026	28.6	72	23.0	32.3	13.25	1.1335	0.00	110	1	96.5	5
12/08/19	2:05 a	25.7	25.8	25.7	96	25.0	0.4	E	0.13	0.9	E	25.7	29.2	29.2	28.6	1009.3	0.00	0.0	0	0.00	0	0.0	0.00	0.0	0.000	0.026	28.6	72	23.0	32.3	13.25	1.1336	0.00	114	1	100.0	5
12/08/19	2:10 a	25.8	25.8	25.7	97	25.3	0.4	E	0.13	0.9	E	25.8	29.4	29.4	28.9	1009.4	0.00	0.0	0	0.00	0	0.0	0.00	0.0	0.000	0.026	28.6	72	23.0	32.3	13.25	1.1337	0.00	117	1	100.0	5
12/08/19	2:15 a	25.8	25.8	25.8	96	25.1	0.0	ESE	0.00	0.9	ESE	25.8	29.3	29.3	28.8	1009.2	0.00	0.0	0	0.00	0	0.0	0.00	0.0	0.000	0.026	28.6	72	23.0	32.3	13.25	1.1335	0.00	116	1	100.0	5
12/08/19	2:20 a	25.8	25.8	25.8	96	25.1	0.0	---	0.00	0.0	---	25.8	29.3	29.3	28.8	1009.4	0.00	0.0	0	0.00	0	0.0	0.00	0.0	0.000	0.026	28.6	72	23.0	32.3	13.25	1.1337	0.00	114	1	100.0	5
12/08/19	2:25 a	25.8	25.8	25.8	96	25.1	0.0	ESE	0.00	0.9	ESE	25.8	29.4	29.4	28.9	1009.2	0.00	0.0	0	0.00	0	0.0	0.00	0.0	0.000	0.026	28.6	72	23.0	32.3	13.25	1.1335	0.00	109	1	95.6	5
12/08/19	2:30 a	25.8	25.8	25.8	97	25.3	0.4	ESE	0.13	0.9	ESE	25.8	29.6	29.6	29.0	1009.1	0.00	0.0	0	0.00	0	0.0	0.00	0.0	0.000	0.026	28.5	72	23.0	32.2	13.25	1.1337	0.00	111	1	97.4	5
12/08/19	2:35 a	25.9	25.9	25.8	97	25.4	0.0	ENE	0.00	0.4	ENE	25.9	29.7	29.7	29.2	1009.0	0.00	0.0	0	0.00	0	0.0	0.00	0.0	0.000	0.026	28.5	72	23.0	32.2	13.25	1.1336	0.00	108	1	94.7	5
12/08/19	2:40 a	25.8	25.9	25.8	97	25.3	0.0	ENE	0.00	0.4	ENE	25.8	29.6	29.6	29.0	1009.0	0.00	0.0	0	0.00	0	0.0	0.00	0.0	0.000	0.026	28.5	72	23.0	32.2	13.25	1.1336	0.00	109	1	95.6	5
12/08/19	2:45 a	25.8	25.8	25.8	97	25.3	0.0	---	0.00	0.0	---	25.8	29.6	29.6	29.0	1009.1	0.00	0.0	0	0.00	0	0.0	0.00	0.0	0.000	0.026	28.5	72	23.0	32.2	13.25	1.1337	0.00	111	1	97.4	5
12/08/19	2:50 a	25.8	25.8	25.7	97	25.3	0.0	---	0.00	0.0	---	25.8	29.4	29.4	28.9	1009.0	0.00	0.0	0	0.00	0	0.0	0.00	0.0	0.000	0.026	28.4	72	22.9	32.1	13.25	1.1339	0.00	110	1	96.5	5
12/08/19	2:55 a	25.9	25.9	25.8	97	25.4	0.0	---	0.00	0.0	---	25.9	29.7	29.7	29.2	1009.0	0.00	0.0	0	0.00	0	0.0	0.00	0.0	0.000	0.026	28.4	72	22.9	32.1	13.25	1.1339	0.00	107	1	93.9	5
12/08/19	3:00 a	25.9	25.9	25.8	97	25.4	0.0	ENE	0.00	0.9	ENE	25.9	29.7	29.7	29.2	1008.8	0.00	0.0	0	0.00	0	0.0	0.00	0.0	0.000	0.026	28.4	72	22.9	32.1	13.25	1.1337	0.00	107	1	93.9	5
12/08/19	3:05 a	25.8	25.9	25.8	97	25.3	0.0	ENE	0.00	0.9	ENE	25.8	29.6	29.6	29.0	1008.6	0.00	0.0	0	0.00	0	0.0	0.00	0.0	0.000	0.026	28.4	72	22.9	32.1	13.25	1.1334	0.00	106	1	93.0	5
12/08/19	3:10 a	25.8	25.9	25.8	98	25.5	0.4	ENE	0.13	0.9	ENE	25.8	29.7	29.7	29.2	1008.7	0.00	0.0	0	0.00	0	0.0	0.00	0.0	0.000	0.026	28.4	72	22.9	32.1	13.25	1.1335	0.00	110	1	96.5	5
12/08/19	3:15 a	25.8	25.8	25.8	97	25.3	0.4	ENE	0.13	0.9	ENE	25.8	29.4	29.4	28.9	1008.7	0.00	0.0	0	0.00	0	0.0	0.00	0.0	0.000	0.026	28.4	72	22.9	32.1	13.25	1.1336	0.00	107	1	93.9	5
12/08/19	3:20 a	25.8	25.8	25.8	97	25.3	0.0	SSE	0.00	0.9	SSE	25.8	29.4	29.4	28.9	1008.8	0.00	0.0	0	0.00	0	0.0	0.00	0.0	0.000	0.026	28.4	72	22.9	32.1	13.25	1.1337	0.00	108	1	94.7	5
12/08/19	3:25 a	25.8	25.8	25.8	97	25.3	0.0	SSE	0.00	0.9	SSE	25.8	29.6	29.6	29.0	1008.7	0.00	0.0	0	0.00	0	0.0	0.00	0.0	0.000	0.026	28.4	73	23.1	32.1	13.59	1.1334	0.00	110	1	96.5	5
12/08/19	3:30 a	25.9	25.9	25.8	97	25.4	0.4	SSE	0.13	0.9	SSE	25.9	29.7	29.7	29.2	1008.7	0.00	0.0	0	0.00	0	0.0	0.00	0.0	0.000	0.026	28.4	73	23.1	32.2	13.59	1.1331	0.00	110	1	96.5	5
12/08/19	3:35 a	25.9	25.9	25.9	97	25.4	0.9	ESE	0.27	1.3	SE	25.9	29.7	29.7	29.2	1008.9	0.00	0.0	0	0.00	0	0.0	0.00	0.0	0.000	0.026	28.4	73	23.1	32.1	13.59	1.1336	0.00	114	1	100.0	5
12/08/19	3:40 a	25.9	25.9	25.9	97	25.4	0.9	ESE	0.27	1.8	ESE	25.9	29.8	29.8	29.3	1009.0	0.00	0.0	0	0.00	0	0.0	0.00	0.0	0.000	0.026	28.4	73	23.1	32.2	13.59	1.1334	0.00	112	1	98.2	5
12/08/19	3:45 a	25.9	26.0	25.9	97	25.4	1.3	ESE	0.40	1.8	ESE	25.9	29.8	29.8	29.3	1009.1	0.00	0.0	0	0.00	0	0.0	0.00	0.0	0.000	0.026	28.4	73	23.1	32.1	13.59	1.1339	0.00	115	1	100.0	5
12/08/19	3:50 a	25.9	26.0	25.9	97	25.4	1.3	E	0.40	3.1	E	25.9	29.8	29.8	29.3	1009.5	0.00	0.0	0	0.00	0	0.0	0.00	0.0	0.000	0.026	28.4	73	23.1	32.1	13.59	1.1343	0.00	117	1	100.0	5
12/08/19	3:55 a	26.0	26.0	25.9	97	25.5	1.3	ESE	0.40	3.1	E	26.0	29.9	29.9	29.4	1009.6	0.00	0.0	0	0.00	0	0.0	0.00	0.0	0.000	0.027	28.4	73	23.1	32.1	13.59	1.1345	0.00	118	1	100.0	5
12/08/19	4:00 a	26.1	26.1	26.0	96	25.4	1.3	SSE	0.40	3.1	ESE	26.1	29.9	29.9	29.4	1009.6	0.00	0.0	0	0.00	0	0.0	0.00	0.0	0.000	0.027	28.4	73	23.1	32.1	13.59	1.1344	0.00	117	1	100.0	5
12/08/19	4:05 a	26.1	26.1	26.0	96	25.4	0.9	SE	0.27	3.1	ESE	26.1	29.9	29.9	29.4	1009.7	0.00	0.0	0	0.00	0	0.0	0.00	0.0	0.000	0.027	28.4	73	23.1	32.1	13.59	1.1345	0.00	115	1	100.0	5
12/08/19	4:10 a	26.1	26.1	26.0	96	25.4	0.9	ESE	0.27	2.2	SSE	26.1	29.9	29.9	29.4	1009.6	0.00	0.0	0	0.00	0	0.0	0.00	0.0	0.000	0.027	28.4	73	23.1	32.1	13.59	1.1345	0.00	115	1	100.0	5
12/08/19	4:15 a	26.1	26.1	26.0	96	25.4	0.0	S	0.00	0.9	S	26.1	29.9	29.9	29.4	1009.5	0.00	0.0	0	0.00	0	0.0	0.00	0.0	0.000	0.027	28.4	73	23.1	32.1	13.59	1.1343	0.00	110	1	96.5	5
12/08/19	4:20 a	26.1	26.1	26.0	96	25.4	0.0	S	0.00	0.4	S	26.1	29.9	29.9	29.4	1009.4	0.00	0.0	0	0.00	0	0.0	0.00	0.0	0.000	0.027	28.3	73	23.0	32.0	13.59	1.1345	0.00	112	1	98.2	5
12/08/19	4:25 a	26.0	26.1	26.0	96	25.3	0.0	---	0.00	0.0	---	26.0	29.8	29.8	29.3	1009.4	0.00	0.0	0	0.00	0	0.0	0.00	0.0	0.000	0.027	28.3	73	23.0	32.0	13.59	1.1345	0.00	113	1	99.1	5
12/08/19	4:30 a	26.1	26.1	26.0	97	25.5	0.0	S	0.00	0.4	S	26.1	30.1	30.1	29.6	1009.5	0.00	0.0	0	0.00	0	0.0	0.00	0.0	0.000	0.027	28.3	73	23.0	32.0	13.59	1.1346	0.00	110	1	96.5	5
12/08/19	4:35 a	26.1	26.1	26.1	96	25.4	0.0	---	0.00	0.0	---	26.1	30.1	30.1	29.6	1009.6	0.00	0.0	0	0.00	0	0.0	0.00	0.0	0.000	0.027	28.3	73	23.0	32.0	13.59	1.1347	0.00	113	1	99.1	5
12/08/19	4:40 a	26.1	26.1	26.1	96	25.4	0.0	S	0.00	0.9	S	26.1	29.9	29.9	29.4	1009.6	0.00	0.0	0	0.00	0	0.0	0.00	0.0	0.000	0.027	28.3	73	23.0	32.0	13.59	1.1347	0.00	109	1	95.6	5
12/08/19	4:45 a	26.1	26.1	26.0	96	25.4	0.4	S	0.13	0.9	S	26.1	29.9	29.9	29.4	1009.7	0.00	0.0	0	0.00	0	0.0	0.00	0.0	0.000	0.027	28.3	73	23.0	32.0	13.59	1.1349	0.00	107	1	93.9	5
12/08/19	4:50 a	26.0	26.1	26.0	97	25.5	0.0	S	0.00	0.4	S	26.0	29.9	29.9	29.4	1009.7	0.00	0.0	0	0.00	0	0.0	0.00	0.0	0.000	0.027	28.3	73	23.0	32.0	13.59	1.1349	0.00	106	1	93.0	5
12/08/19	4:55 a	26.1	26.1	26.0	97	25.5	0.0	---	0.00	0.0	---	26.1	30.1	30.1	29.6	1009.6	0.00	0.0	0	0.00	0	0.0	0.00	0.0	0.000	0.027	28.3	73	23.0	32.0	13.59	1.1348	0.00	111	1	97.4	5
12/08/19	5:00 a	26.1	26.1	26.1	97	25.5	0.4	S	0.13	1.3	S	26.1	30.1	30.1	29.6	1009.7	0.00	0.0	0	0.00	0	0.0	0.00	0.0	0.000	0.027	28.3	73	23.0	32.0	13.59	1.1348	0.00	113	1	99.1	5
12/08/19	5:05 a	26.1	26.1	26.0	97	25.5	0.9	ESE	0.27	1.3	ESE	26.1	30.1	30.1	29.6	1009.7	0.00	0.0	0	0.00	0	0.0	0.00	0.0	0.000	0.027	28.3	73	23.0	32.0	13.59	1.1348	0.00	115	1	100.0	5
12/08/19	5:10 a	26.1	26.1	26.0	97	25.5	0.9	ESE	0.27	1.3	ESE	26.1	30.1	30.1	29.6	1009.7	0.00	0.0	0	0.00	0	0.0	0.00	0.0	0.000	0.027	28.3	73	23.0	31.9	13.59	1.1352	0.00	116	1	100.0	5
12/08/19	5:15 a	26.1	26.1	26.1	97	25.5	0.9	ESE	0.27	1.8	SSE	26.1	30.1	30.1	29.6	1009.7	0.00	0.0	0	0.00	0	0.0	0.00	0.0	0.000	0.027	28.3	73	23.0	31.9	13.59	1.1352	0.00	113	1	99.1	5
12/08/19	5:20 a	26.1	26.1	26.1	97	25.6	0.9	SE	0.27	1.8	SSE	26.1	30.2	30.2	29.7	1009.8	0.00	0.0	0	0.00	0	0.0	0.00	0.0	0.000	0.027	28.3	73	23.0	31.9	13.59	1.1353	0.00	111	1	97.4	5
12/08/19	5:25 a	26.1	26.1	26.1	97	25.5	0.9	SE	0.27	1.8	SSE	26.1	30.1	30.1	29.6	1009.7	0.00	0.0	0	0.00	0	0.0	0.00	0.0	0.000	0.027	28.3	73	23.0	31.9	13.59	1.1352	0.00	109	1	95.6	5
12/08/19	5:30 a	26.1	26.1	26.0	96	25.4	1.3	S	0.40	2.2	SSE	26.1	29.9	29.9	29.4	1009.5	0.00	0.0	0	0.00	0	0.0	0.00	0.0	0.000	0.027	28.3	73	23.0	31.9	13.59	1.1349	0.00	114	1	100.0	5
12/08/19	5:35 a	26.1	26.1	26.0	97	25.5	0.9	SSE	0.27	1.8	S	26.1	30.1	30.1	29.6	1009.4	0.00	0.0	0	0.00	0	0.0	0.00	0.0	0.000	0.027	28.3	73	23.0	31.9	13.59	1.1349	0.00	112	1	98.2	5
12/08/19	5:40 a	26.0	26.1	26.0	97	25.5	0.9	SE	0.27	1.3	SE	26.0	29.9	29.9	29.4	1009.5	0.00	0.0	0	0.00	0	0.0	0.00	0.0	0.000	0.027	28.3	73	23.0	31.9	13.59	1.1350	0.00	115	1	100.0	5
12/08/19	5:45 a	26.0	26.1	26.0	97	25.5	0.0	ESE	0.00	0.9	ESE	26.0	29.9	29.9	29.4	1009.5	0.00	0.0	0	0.00	0	0.0	0.00	0.0	0.000	0.027	28.2	73	22.9	31.8	13.59	1.1352	0.00	111	1	97.4	5
12/08/19	5:50 a	26.0	26.1	26.0	97	25.5	0.4	ESE	0.13	0.9	ESE	26.0	29.9	29.9	29.4	1009.5	0.00	0.0	0	0.00	0	0.0	0.00	0.0	0.000	0.027	28.3	73	23.0	31.9	13.59	1.1349	0.00	110	1	96.5	5
12/08/19	5:55 a	25.9	26.0	25.9	97	25.4	0.4	SE	0.13	0.9	SE	25.9	29.8	29.8	29.3	1009.5	0.00	0.0	0	0.00	0	0.0	0.00	0.0	0.000	0.026	28.2	73	22.9	31.8	13.59	1.1352	0.00	111	1	97.4	5
12/08/19	6:00 a	25.9	26.0	25.9	97	25.4	0.4	SE	0.13	0.9	SE	25.9	29.8	29.8	29.3	1009.3	0.00	0.0	0	0.00	0	0.0	0.00	0.0	0.000	0.026	28.2	73	22.9	31.8	13.59	1.1350	0.00	112	1	98.2	5
12/08/19	6:05 a	25.9	26.0	25.9	97	25.4	0.9	S	0.27	2.2	SSW	25.9	29.8	29.8	29.3	1009.2	0.00	0.0	0	0.00	0	0.0	0.00	0.0	0.000	0.026	28.2	73	22.9	31.8	13.59	1.1350	0.00	114	1	100.0	5
12/08/19	6:10 a	25.9	25.9	25.9	97	25.4	0.4	S	0.13	1.3	SSW	25.9	29.8	29.8	29.3	1009.4	0.00	0.0	0	0.00	0	0.0	0.00	0.0	0.000	0.026	28.3	73	23.0	31.9	13.59	1.1349	0.00	117	1	100.0	5
12/08/19	6:15 a	25.9	25.9	25.9	97	25.4	0.4	SE	0.13	1.8	S	25.9	29.7	29.7	29.2	1009.6	0.00	0.0	3	0.02	5	0.0	0.00	0.0	0.000	0.026	28.3	74	23.2	32.1	13.89	1.1346	0.00	115	1	100.0	5
12/08/19	6:20 a	25.9	25.9	25.9	97	25.4	0.9	ESE	0.27	1.3	ESE	25.9	29.8	29.8	29.4	1009.8	0.00	0.0	8	0.06	11	0.0	0.00	0.0	0.000	0.026	28.3	74	23.3	32.2	13.89	1.1345	0.00	113	1	99.1	5
12/08/19	6:25 a	25.9	26.0	25.9	97	25.4	0.4	ESE	0.13	1.3	ESE	25.9	29.8	29.8	29.4	1010.0	0.00	0.0	13	0.09	16	0.0	0.00	0.0	0.000	0.026	28.2	65	21.0	30.4	11.69	1.1393	0.00	114	1	100.0	5
12/08/19	6:30 a	26.0	26.0	25.9	97	25.5	1.3	ESE	0.40	1.8	ESE	26.0	29.9	29.9	29.7	1010.1	0.00	0.0	18	0.13	18	0.0	0.00	0.0	0.000	0.027	27.9	58	18.9	29.1	10.35	1.1440	0.00	109	1	95.6	5
12/08/19	6:35 a	26.0	26.1	26.0	97	25.5	0.4	ESE	0.13	1.3	ESE	26.0	29.9	29.9	29.7	1010.1	0.00	0.0	24	0.17	30	0.0	0.00	0.0	0.000	0.027	27.6	54	17.4	28.1	9.75	1.1478	0.00	112	1	98.2	5
12/08/19	6:40 a	26.1	26.1	26.0	97	25.5	0.0	SE	0.00	0.4	SE	26.1	30.1	30.1	30.1	1009.9	0.00	0.0	35	0.25	39	0.0	0.00	0.0	0.000	0.027	27.3	55	17.5	27.9	9.85	1.1483	0.00	115	1	100.0	5
12/08/19	6:45 a	26.1	26.1	26.0	97	25.5	0.0	SE	0.00	0.9	SE	26.1	30.1	30.1	30.1	1009.8	0.00	0.0	42	0.30	46	0.0	0.00	0.0	0.000	0.027	27.2	58	18.2	27.9	10.35	1.1478	0.00	116	1	100.0	5
12/08/19	6:50 a	26.2	26.2	26.1	97	25.7	0.4	SE	0.13	0.9	SE	26.2	30.4	30.4	30.6	1009.8	0.00	0.0	51	0.37	54	0.0	0.00	0.0	0.000	0.027	27.1	58	18.1	27.8	10.35	1.1483	0.00	113	1	99.1	5
12/08/19	6:55 a	26.2	26.2	26.2	96	25.5	0.9	SE	0.27	1.8	S	26.2	30.4	30.4	30.7	1009.7	0.00	0.0	60	0.43	63	0.0	0.00	0.0	0.000	0.027	26.9	57	17.7	27.5	10.16	1.1495	0.00	113	1	99.1	5
12/08/19	7:00 a	26.3	26.3	26.2	96	25.6	0.9	S	0.27	2.2	S	26.3	30.7	30.7	31.1	1009.8	0.00	0.0	69	0.49	72	0.0	0.00	0.0	0.000	0.028	26.8	57	17.5	27.3	10.15	1.1502	0.03	114	1	100.0	5
12/08/19	7:05 a	26.4	26.4	26.3	95	25.6	0.9	S	0.27	1.8	SSW	26.4	30.8	30.8	31.3	1009.9	0.00	0.0	70	0.50	74	0.0	0.00	0.0	0.000	0.028	26.7	55	16.9	27.1	9.85	1.1517	0.00	113	1	99.1	5
12/08/19	7:10 a	26.5	26.6	26.4	95	25.6	0.4	SSW	0.13	0.9	SSW	26.5	30.9	30.9	31.6	1010.1	0.00	0.0	86	0.62	90	0.0	0.00	0.0	0.000	0.028	26.6	56	17.1	27.1	10.05	1.1519	0.00	112	1	98.2	5
12/08/19	7:15 a	26.6	26.6	26.6	95	25.7	0.4	SSW	0.13	1.3	SSW	26.6	31.2	31.2	31.8	1010.3	0.00	0.0	82	0.59	84	0.0	0.00	0.0	0.000	0.029	26.6	57	17.3	27.1	10.16	1.1520	0.00	114	1	100.0	5
12/08/19	7:20 a	26.7	26.7	26.6	94	25.6	0.4	SSW	0.13	1.3	SSW	26.7	31.2	31.2	31.8	1010.2	0.00	0.0	85	0.61	93	0.2	0.01	0.5	0.000	0.029	26.6	57	17.3	27.1	10.16	1.1518	0.00	116	1	100.0	5
12/08/19	7:25 a	26.8	26.8	26.7	95	25.9	0.0	SSE	0.00	0.9	SSE	26.8	31.7	31.7	32.6	1010.2	0.00	0.0	104	0.75	114	0.6	0.02	0.6	0.000	0.029	26.4	56	17.0	26.8	10.07	1.1529	0.00	110	1	96.5	5
12/08/19	7:30 a	27.0	27.0	26.8	94	26.0	0.4	SSE	0.13	0.9	SSE	27.0	32.1	32.1	33.4	1010.3	0.00	0.0	138	0.99	155	0.6	0.02	0.6	0.000	0.030	26.4	54	16.3	26.7	9.76	1.1540	0.00	109	1	95.6	5
12/08/19	7:35 a	27.0	27.1	26.9	94	26.0	0.4	SW	0.13	0.9	SSW	27.0	32.1	32.1	34.9	1010.4	0.00	0.0	137	0.98	151	0.5	0.02	0.6	0.000	0.030	26.4	56	16.9	26.8	10.07	1.1533	0.00	107	1	93.9	5
12/08/19	7:40 a	27.1	27.1	27.0	92	25.7	0.0	SW	0.00	0.4	SW	27.1	32.1	32.1	34.5	1010.5	0.00	0.0	127	0.91	130	0.6	0.02	0.6	0.000	0.030	26.3	56	16.9	26.7	10.07	1.1537	0.00	106	1	93.0	5
12/08/19	7:45 a	27.2	27.2	27.1	92	25.8	0.4	SSW	0.13	1.8	SSW	27.2	32.3	32.3	34.9	1010.6	0.00	0.0	123	0.88	141	0.7	0.03	0.7	0.000	0.031	26.3	55	16.6	26.7	9.87	1.1543	0.00	107	1	93.9	5
12/08/19	7:50 a	27.4	27.4	27.2	91	25.8	0.4	SSW	0.13	0.9	SSW	27.4	32.8	32.8	36.0	1010.6	0.00	0.0	157	1.13	162	0.9	0.03	0.9	0.000	0.032	26.3	54	16.3	26.6	9.76	1.1547	0.00	111	1	97.4	5
12/08/19	7:55 a	27.6	27.6	27.4	90	25.8	0.4	S	0.13	1.8	S	27.6	32.9	32.9	37.2	1010.8	0.00	0.0	220	1.58	301	1.1	0.04	1.2	0.000	0.032	26.3	57	17.1	26.7	10.18	1.1540	0.00	111	1	97.4	5
12/08/19	8:00 a	27.9	27.9	27.6	89	25.9	0.4	SSW	0.13	1.3	SSW	27.9	33.7	33.7	39.2	1010.7	0.00	0.0	281	2.01	338	1.3	0.05	1.4	0.000	0.033	26.3	56	16.8	26.6	10.08	1.1543	0.10	110	1	96.5	5
12/08/19	8:05 a	28.0	28.0	27.9	88	25.8	0.9	SSW	0.27	2.2	SSW	28.0	33.8	33.8	39.2	1010.9	0.00	0.0	281	2.01	341	1.5	0.05	1.6	0.000	0.034	26.3	55	16.5	26.6	9.88	1.1549	0.00	113	1	99.1	5
12/08/19	8:10 a	28.3	28.3	28.0	88	26.1	0.4	SSE	0.13	1.8	SSE	28.3	34.6	34.6	42.1	1011.0	0.00	0.0	386	2.77	431	1.7	0.06	1.8	0.000	0.035	26.2	55	16.5	26.5	9.88	1.1553	0.00	115	1	100.0	5
12/08/19	8:15 a	28.6	28.6	28.3	87	26.2	0.9	WSW	0.27	2.2	SSW	28.6	35.4	35.4	43.6	1011.0	0.00	0.0	431	3.09	438	1.8	0.06	1.8	0.000	0.036	26.2	57	17.0	26.6	10.18	1.1545	0.00	113	1	99.1	5
12/08/19	8:20 a	28.7	28.8	28.6	85	25.9	1.3	SSW	0.40	3.1	SSW	28.7	35.3	35.3	42.7	1010.8	0.00	0.0	408	2.92	418	1.9	0.07	1.9	0.000	0.036	26.2	56	16.7	26.6	10.08	1.1547	0.00	116	1	100.0	5
12/08/19	8:25 a	28.8	28.8	28.7	84	25.8	1.3	SSW	0.40	4.5	SSE	28.8	35.2	35.2	42.8	1010.9	0.00	0.0	431	3.09	450	2.0	0.07	2.0	0.000	0.036	26.2	56	16.7	26.6	10.08	1.1548	0.00	117	1	100.0	5
12/08/19	8:30 a	28.8	28.8	28.8	85	26.0	1.8	SSW	0.54	4.0	SSW	28.8	35.4	35.4	43.2	1010.9	0.00	0.0	457	3.28	471	2.0	0.07	2.1	0.000	0.036	26.2	55	16.5	26.5	9.88	1.1552	0.00	117	1	100.0	5
12/08/19	8:35 a	28.8	28.9	28.8	85	26.1	1.3	WSW	0.40	3.1	SSE	28.8	35.6	35.6	42.7	1010.9	0.00	0.0	437	3.13	459	2.2	0.08	2.2	0.000	0.036	26.2	56	16.7	26.5	10.09	1.1551	0.00	113	1	99.1	5
12/08/19	8:40 a	28.9	28.9	28.8	85	26.2	0.9	SSW	0.27	3.6	SW	28.9	35.9	35.9	43.7	1010.9	0.00	0.0	488	3.50	501	2.3	0.08	2.3	0.000	0.037	26.2	56	16.7	26.5	10.09	1.1550	0.00	113	1	99.1	5
12/08/19	8:45 a	29.3	29.3	29.0	84	26.3	0.9	SSW	0.27	2.2	S	29.3	36.8	36.8	44.9	1010.9	0.00	0.0	527	3.78	540	2.4	0.09	2.4	0.000	0.038	26.2	55	16.4	26.4	9.89	1.1555	0.00	105	1	92.1	5
12/08/19	8:50 a	29.3	29.4	29.3	83	26.1	1.3	S	0.40	3.6	SSE	29.3	36.6	36.6	44.8	1011.0	0.00	0.0	547	3.92	557	2.5	0.09	2.6	0.000	0.038	26.2	54	16.1	26.4	9.77	1.1560	0.00	109	1	95.6	5
12/08/19	8:55 a	29.4	29.4	29.3	83	26.2	1.3	WSW	0.40	3.1	WSW	29.4	36.8	36.8	45.0	1011.1	0.00	0.0	572	4.10	582	2.6	0.09	2.7	0.000	0.038	26.1	55	16.4	26.4	9.89	1.1560	0.00	105	1	92.1	5
12/08/19	9:00 a	29.6	29.6	29.4	82	26.2	2.2	S	0.67	4.5	S	29.6	37.0	37.0	45.5	1011.1	0.00	0.0	605	4.34	629	2.8	0.10	2.8	0.000	0.039	26.1	56	16.6	26.4	10.09	1.1556	0.30	105	1	92.1	5
12/08/19	9:05 a	29.4	29.6	29.4	83	26.3	1.8	SSW	0.54	5.4	WSW	29.4	36.9	36.9	43.3	1011.0	0.00	0.0	460	3.30	601	2.9	0.10	2.9	0.000	0.039	26.1	55	16.4	26.4	9.89	1.1559	0.00	105	1	92.1	5
12/08/19	9:10 a	29.2	29.4	29.2	84	26.2	1.3	SSW	0.40	4.5	SSW	29.2	36.6	36.6	42.1	1011.0	0.00	0.0	365	2.62	424	2.9	0.10	3.0	0.000	0.038	26.1	54	16.1	26.3	9.77	1.1563	0.00	113	1	99.1	5
12/08/19	9:15 a	29.4	29.4	29.2	84	26.5	1.3	SW	0.40	3.6	SW	29.4	37.2	37.2	44.1	1011.1	0.00	0.0	550	3.94	591	3.2	0.11	3.3	0.000	0.039	26.1	55	16.4	26.4	9.89	1.1560	0.00	115	1	100.0	5
12/08/19	9:20 a	29.6	29.6	29.4	83	26.4	0.9	SSW	0.27	2.7	SSW	29.6	37.3	37.3	44.3	1011.1	0.00	0.0	576	4.13	624	3.4	0.12	3.5	0.000	0.039	26.1	56	16.6	26.4	10.09	1.1556	0.00	112	1	98.2	5
12/08/19	9:25 a	29.5	29.6	29.4	82	26.1	1.8	SSW	0.54	4.0	W	29.5	36.8	36.8	43.4	1011.2	0.00	0.0	537	3.85	650	3.7	0.13	3.8	0.000	0.039	26.1	56	16.6	26.4	10.09	1.1557	0.00	113	1	99.1	5
12/08/19	9:30 a	29.4	29.4	29.4	83	26.2	1.8	SSW	0.54	4.0	WSW	29.4	36.8	36.8	41.7	1011.2	0.00	0.0	335	2.40	355	4.1	0.15	4.3	0.000	0.038	26.2	55	16.4	26.4	9.89	1.1558	0.00	110	1	96.5	5
12/08/19	9:35 a	29.4	29.4	29.3	84	26.4	1.3	SSW	0.40	3.1	SW	29.4	37.0	37.0	42.8	1011.2	0.00	0.0	427	3.06	455	4.3	0.15	4.4	0.000	0.038	26.2	55	16.4	26.4	9.89	1.1558	0.00	106	1	93.0	5
12/08/19	9:40 a	29.5	29.5	29.4	83	26.3	1.3	S	0.40	3.1	W	29.5	37.1	37.1	42.4	1011.2	0.00	0.0	388	2.78	438	3.9	0.14	4.3	0.000	0.039	26.2	56	16.7	26.5	10.09	1.1554	0.00	107	1	93.9	5
12/08/19	9:45 a	29.1	29.5	29.1	84	26.1	1.3	SW	0.40	3.1	S	29.1	36.2	36.2	40.4	1011.1	0.00	0.0	298	2.14	315	3.3	0.12	3.4	0.000	0.037	26.2	56	16.7	26.5	10.09	1.1553	0.00	111	1	97.4	5
12/08/19	9:50 a	29.0	29.2	29.0	84	26.0	1.3	SSW	0.40	2.7	SSW	29.0	35.9	35.9	40.3	1011.1	0.00	0.0	326	2.34	367	3.5	0.13	3.8	0.000	0.037	26.1	56	16.6	26.4	10.09	1.1556	0.00	113	1	99.1	5
12/08/19	9:55 a	29.2	29.2	29.0	85	26.4	1.3	WSW	0.40	3.6	WSW	29.2	36.6	36.6	41.4	1011.2	0.00	0.0	364	2.61	371	4.0	0.14	4.0	0.000	0.038	26.2	55	16.4	26.4	9.89	1.1558	0.00	109	1	95.6	5
12/08/19	10:00 a	29.3	29.3	29.2	85	26.5	1.3	SSW	0.40	2.7	SW	29.3	36.9	36.9	41.4	1011.1	0.00	0.0	337	2.42	355	3.9	0.14	4.0	0.000	0.038	26.2	54	16.1	26.4	9.77	1.1561	0.28	104	1	91.2	5
12/08/19	10:05 a	29.1	29.3	29.1	85	26.3	1.3	SSW	0.40	2.7	SW	29.1	36.4	36.4	40.9	1011.3	0.00	0.0	338	2.42	353	4.0	0.14	4.2	0.000	0.037	26.2	56	16.7	26.5	10.09	1.1555	0.00	105	1	92.1	5
12/08/19	10:10 a	29.3	29.3	29.1	85	26.5	0.4	WSW	0.13	1.8	WSW	29.3	37.1	37.1	41.8	1011.3	0.00	0.0	364	2.61	374	4.3	0.15	4.3	0.000	0.038	26.2	57	17.0	26.6	10.19	1.1551	0.00	111	1	97.4	5
12/08/19	10:15 a	29.4	29.4	29.3	85	26.7	1.3	WSW	0.40	2.7	SSE	29.4	37.4	37.4	42.6	1011.2	0.00	0.0	413	2.96	473	5.0	0.18	5.7	0.000	0.039	26.2	56	16.7	26.5	10.09	1.1555	0.00	111	1	97.4	5
12/08/19	10:20 a	29.8	29.8	29.4	83	26.6	1.3	WSW	0.40	3.1	WSW	29.8	38.1	38.1	43.9	1011.3	0.00	0.0	492	3.53	538	5.7	0.20	5.8	0.000	0.040	26.2	54	16.1	26.4	9.77	1.1563	0.00	116	1	100.0	5
12/08/19	10:25 a	29.9	29.9	29.8	83	26.7	1.8	SSW	0.54	4.0	WSW	29.9	38.3	38.3	44.0	1011.4	0.00	0.0	480	3.44	496	5.7	0.20	5.8	0.000	0.040	26.2	56	16.7	26.6	10.08	1.1554	0.00	117	1	100.0	5
12/08/19	10:30 a	29.7	29.9	29.7	83	26.5	1.3	SSW	0.40	3.6	WSW	29.7	37.8	37.8	42.5	1011.5	0.00	0.0	384	2.75	411	5.3	0.19	5.7	0.000	0.040	26.2	57	17.0	26.6	10.18	1.1551	0.00	112	1	98.2	5
12/08/19	10:35 a	29.7	29.8	29.7	83	26.5	1.3	SSW	0.40	2.7	SSW	29.7	37.8	37.8	42.6	1011.3	0.00	0.0	399	2.86	427	5.3	0.19	5.4	0.000	0.040	26.2	55	16.5	26.5	9.88	1.1557	0.00	108	1	94.7	5
12/08/19	10:40 a	29.8	29.8	29.7	83	26.6	1.3	SW	0.40	3.1	SSW	29.8	38.1	38.1	43.3	1011.3	0.00	0.0	439	3.15	455	5.7	0.20	5.7	0.000	0.040	26.3	54	16.2	26.6	9.76	1.1558	0.00	109	1	95.6	5
12/08/19	10:45 a	29.9	29.9	29.8	83	26.7	1.3	SSW	0.40	3.1	WSW	29.9	38.3	38.3	43.5	1011.4	0.00	0.0	441	3.16	461	5.6	0.20	5.7	0.000	0.040	26.3	56	16.8	26.6	10.08	1.1551	0.00	109	1	95.6	5
12/08/19	10:50 a	30.1	30.1	29.8	82	26.7	1.8	SSW	0.54	3.6	SSE	30.1	38.7	38.7	44.1	1011.3	0.00	0.0	465	3.33	494	5.8	0.21	5.9	0.000	0.041	26.3	56	16.9	26.7	10.07	1.1547	0.00	108	1	94.7	5
12/08/19	10:55 a	30.3	30.3	30.1	82	26.9	1.3	SSW	0.40	3.1	S	30.3	39.4	39.4	45.2	1011.3	0.00	0.0	515	3.69	555	6.3	0.23	6.5	0.000	0.042	26.3	54	16.3	26.6	9.76	1.1555	0.00	110	1	96.5	5
12/08/19	11:00 a	30.5	30.5	30.3	83	27.3	1.3	SSW	0.40	3.6	WSW	30.5	40.3	40.3	46.3	1011.1	0.00	0.0	534	3.83	540	8.4	0.30	10.5	0.000	0.042	26.4	54	16.3	26.7	9.76	1.1550	0.33	104	1	91.2	5
12/08/19	11:05 a	30.6	30.7	30.5	82	27.1	1.3	SSW	0.40	3.1	SW	30.6	40.1	40.1	45.8	1011.2	0.00	0.0	503	3.61	589	7.1	0.25	8.4	0.000	0.042	26.4	55	16.6	26.7	9.87	1.1547	0.00	109	1	95.6	5
12/08/19	11:10 a	30.6	30.6	30.4	82	27.1	1.3	SSW	0.40	3.1	W	30.6	40.1	40.1	46.3	1011.2	0.00	0.0	562	4.03	624	7.0	0.25	7.4	0.000	0.042	26.4	54	16.3	26.7	9.76	1.1551	0.00	105	1	92.1	5
12/08/19	11:15 a	30.7	30.7	30.6	81	27.1	1.8	SSW	0.54	4.0	W	30.7	40.3	40.3	46.0	1011.0	0.00	0.0	506	3.63	547	8.1	0.29	10.5	0.000	0.043	26.4	53	16.0	26.6	9.65	1.1553	0.00	110	1	96.5	5
12/08/19	11:20 a	30.7	30.9	30.7	80	26.8	1.8	SW	0.54	4.0	SSW	30.7	39.8	39.8	44.7	1010.9	0.00	0.0	417	2.99	417	8.9	0.32	11.1	0.000	0.043	26.4	54	16.4	26.7	9.76	1.1545	0.00	105	1	92.1	5
12/08/19	11:25 a	31.0	31.0	30.7	79	26.9	2.2	SSW	0.67	4.5	S	31.0	40.6	40.6	46.9	1010.8	0.00	0.0	909	6.52	935	10.8	0.39	10.9	0.000	0.044	26.4	55	16.7	26.8	9.87	1.1539	0.00	110	1	96.5	5
12/08/19	11:30 a	31.1	31.1	31.0	79	27.0	2.2	SSW	0.67	4.0	WSW	31.1	40.9	40.9	47.2	1010.8	0.00	0.0	914	6.55	932	11.0	0.39	11.1	0.000	0.044	26.4	55	16.7	26.8	9.87	1.1540	0.00	109	1	95.6	5
12/08/19	11:35 a	31.3	31.3	31.2	79	27.2	1.8	SW	0.54	4.0	W	31.3	41.4	41.4	47.9	1010.7	0.00	0.0	940	6.74	954	11.2	0.40	11.3	0.000	0.045	26.4	53	16.1	26.7	9.65	1.1546	0.00	116	1	100.0	5
12/08/19	11:40 a	31.6	31.6	31.3	77	27.1	1.8	SW	0.54	4.9	W	31.6	41.8	41.8	48.5	1010.7	0.00	0.0	903	6.47	921	11.2	0.40	11.4	0.000	0.046	26.4	53	16.1	26.7	9.65	1.1547	0.00	116	1	100.0	5
12/08/19	11:45 a	31.5	31.6	31.5	76	26.8	2.2	SSW	0.67	4.9	WNW	31.5	41.1	41.1	47.3	1010.6	0.00	0.0	936	6.71	954	11.2	0.40	11.4	0.000	0.046	26.4	55	16.7	26.8	9.87	1.1537	0.00	115	1	100.0	5
12/08/19	11:50 a	31.7	31.7	31.5	77	27.2	1.8	SSW	0.54	3.1	SSW	31.7	42.2	42.2	48.5	1010.6	0.00	0.0	958	6.87	963	10.8	0.39	11.5	0.000	0.046	26.4	52	15.8	26.6	9.46	1.1549	0.00	111	1	97.4	5
12/08/19	11:55 a	31.9	32.0	31.7	77	27.4	1.3	SSW	0.40	3.6	SSW	31.9	42.9	42.9	49.2	1010.5	0.00	0.0	961	6.89	976	11.7	0.42	11.8	0.000	0.047	26.4	53	16.1	26.7	9.65	1.1544	0.00	114	1	100.0	5
12/08/19	12:00 p	32.1	32.2	31.9	75	27.1	1.8	SSW	0.54	3.6	S	32.1	42.7	42.7	48.8	1010.4	0.00	0.0	961	6.89	965	9.8	0.35	11.7	0.000	0.048	26.4	56	17.0	26.8	10.07	1.1530	0.56	104	1	91.2	5
12/08/19	12:05 p	31.9	32.1	31.9	76	27.1	2.7	SW	0.80	4.9	SSE	31.9	42.3	42.3	48.5	1010.3	0.00	0.0	972	6.97	1000	11.6	0.41	12.0	0.000	0.047	26.5	53	16.1	26.7	9.65	1.1539	0.00	108	1	94.7	5
12/08/19	12:10 p	32.0	32.1	31.9	77	27.5	1.8	SW	0.54	4.5	SSE	32.0	43.1	43.1	50.1	1010.3	0.00	0.0	927	6.64	979	10.1	0.36	11.9	0.000	0.047	26.6	55	16.8	26.9	9.86	1.1527	0.00	109	1	95.6	5
12/08/19	12:15 p	32.0	32.2	32.0	76	27.2	1.8	SW	0.54	4.0	WSW	32.0	42.7	42.7	48.8	1010.0	0.00	0.0	973	6.97	976	11.2	0.40	11.9	0.000	0.047	26.6	53	16.2	26.8	9.65	1.1532	0.00	107	1	93.9	5
12/08/19	12:20 p	32.4	32.4	32.0	75	27.4	1.3	SSW	0.40	3.6	WSW	32.4	43.8	43.8	49.9	1009.9	0.00	0.0	988	7.08	998	11.9	0.42	12.0	0.000	0.049	26.5	53	16.1	26.7	9.65	1.1534	0.00	109	1	95.6	5
12/08/19	12:25 p	32.4	32.4	32.1	76	27.6	1.8	SSW	0.54	4.5	SSW	32.4	44.0	44.0	50.1	1009.8	0.00	0.0	991	7.10	1013	12.0	0.43	12.1	0.000	0.049	26.6	54	16.5	26.9	9.75	1.1525	0.00	111	1	97.4	5
12/08/19	12:30 p	32.3	32.7	32.3	74	27.0	1.3	SSW	0.40	2.7	SSW	32.3	42.8	42.8	48.9	1009.5	0.00	0.0	1006	7.21	1016	11.9	0.42	12.0	0.000	0.048	26.6	53	16.2	26.8	9.65	1.1527	0.00	110	1	96.5	5
12/08/19	12:35 p	32.3	32.3	32.3	75	27.3	1.8	SW	0.54	4.0	WSW	32.3	43.4	43.4	50.0	1009.4	0.00	0.0	966	6.92	991	11.3	0.40	11.6	0.000	0.049	26.5	54	16.4	26.8	9.76	1.1524	0.00	114	1	100.0	5
12/08/19	12:40 p	32.6	32.6	32.3	74	27.3	1.3	WSW	0.40	3.1	WSW	32.6	43.7	43.7	50.8	1009.2	0.00	0.0	922	6.61	956	11.1	0.40	11.4	0.000	0.049	26.5	54	16.4	26.8	9.76	1.1522	0.00	108	1	94.7	5
12/08/19	12:45 p	32.4	32.6	32.4	74	27.2	1.8	SSW	0.54	4.0	S	32.4	43.3	43.3	50.6	1009.1	0.00	0.0	890	6.38	916	10.7	0.38	10.8	0.000	0.049	26.5	52	15.8	26.7	9.46	1.1529	0.00	113	1	99.1	5
12/08/19	12:50 p	32.5	32.5	32.4	75	27.5	1.3	SSW	0.40	3.1	S	32.5	43.9	43.9	51.0	1009.0	0.00	0.0	934	6.69	949	9.8	0.35	10.8	0.000	0.049	26.6	53	16.2	26.8	9.65	1.1521	0.00	115	1	100.0	5
12/08/19	12:55 p	32.5	32.6	32.4	73	27.0	1.8	WSW	0.54	3.6	W	32.5	43.2	43.2	50.5	1009.0	0.00	0.0	844	6.05	895	9.8	0.35	10.2	0.000	0.049	26.6	54	16.5	26.9	9.75	1.1516	0.00	113	1	99.1	5
12/08/19	1:00 p	32.6	32.6	32.4	74	27.3	0.9	SW	0.27	2.7	S	32.6	43.7	43.7	51.1	1008.8	0.00	0.0	815	5.84	817	9.1	0.33	9.6	0.000	0.049	26.6	52	15.9	26.8	9.45	1.1523	0.66	110	1	96.5	5
12/08/19	1:05 p	32.8	32.8	32.5	74	27.5	1.3	SSE	0.40	3.1	SW	32.8	44.4	44.4	51.6	1008.6	0.00	0.0	714	5.12	770	9.1	0.33	9.4	0.000	0.050	26.6	53	16.2	26.8	9.65	1.1516	0.00	112	1	98.2	5
12/08/19	1:10 p	32.7	32.8	32.6	74	27.4	1.3	W	0.40	3.6	W	32.7	44.1	44.1	51.4	1008.6	0.00	0.0	866	6.21	870	9.3	0.33	10.1	0.000	0.050	26.5	51	15.5	26.6	9.35	1.1527	0.00	110	1	96.5	5
12/08/19	1:15 p	32.7	32.7	32.6	74	27.5	1.3	S	0.40	2.7	W	32.7	44.3	44.3	51.6	1008.6	0.00	0.0	813	5.83	868	9.4	0.34	9.9	0.000	0.050	26.5	53	16.1	26.7	9.65	1.1519	0.00	113	1	99.1	5
12/08/19	1:20 p	32.6	32.7	32.6	73	27.1	1.3	W	0.40	2.7	SSW	32.6	43.5	43.5	50.8	1008.5	0.00	0.0	794	5.69	865	9.3	0.33	9.7	0.000	0.050	26.5	52	15.8	26.7	9.46	1.1522	0.00	110	1	96.5	5
12/08/19	1:25 p	32.6	32.6	32.6	73	27.1	1.3	SW	0.40	2.7	SW	32.6	43.5	43.5	50.7	1008.5	0.00	0.0	749	5.37	860	9.2	0.33	9.7	0.000	0.050	26.6	52	15.9	26.8	9.45	1.1516	0.00	112	1	98.2	5
12/08/19	1:30 p	32.6	32.6	32.6	74	27.4	1.3	SSW	0.40	2.7	SSW	32.6	43.9	43.9	51.2	1008.5	0.00	0.0	823	5.90	828	8.9	0.32	9.4	0.000	0.050	26.6	53	16.2	26.9	9.65	1.1512	0.00	113	1	99.1	5
12/08/19	1:35 p	32.9	32.9	32.6	74	27.7	0.9	SSW	0.27	4.5	SSE	32.9	45.1	45.1	52.3	1008.4	0.00	0.0	776	5.56	798	8.8	0.31	9.0	0.000	0.051	26.6	52	15.9	26.8	9.45	1.1515	0.00	106	1	93.0	5
12/08/19	1:40 p	32.8	33.1	32.8	73	27.4	0.9	WSW	0.27	2.7	W	32.8	44.2	44.2	51.5	1008.3	0.00	0.0	767	5.50	793	8.6	0.31	8.8	0.000	0.050	26.7	52	16.0	26.9	9.45	1.1509	0.00	108	1	94.7	5
12/08/19	1:45 p	33.2	33.2	32.8	72	27.4	0.9	SSW	0.27	3.1	SSW	33.2	44.9	44.9	52.2	1008.3	0.00	0.0	850	6.09	905	9.1	0.33	9.3	0.000	0.052	26.7	53	16.3	26.9	9.65	1.1506	0.00	114	1	100.0	5
12/08/19	1:50 p	32.9	33.2	32.9	71	27.0	1.3	SSW	0.40	3.1	SSE	32.9	43.7	43.7	50.0	1008.3	0.00	0.0	582	4.17	603	7.4	0.26	9.1	0.000	0.051	26.7	51	15.7	26.9	9.35	1.1512	0.00	110	1	96.5	5
12/08/19	1:55 p	32.6	32.9	32.6	73	27.1	0.9	SW	0.27	2.7	SSE	32.6	43.5	43.5	49.6	1008.2	0.00	0.0	555	3.98	802	6.8	0.24	8.1	0.000	0.050	26.7	52	16.0	26.9	9.45	1.1507	0.00	116	1	100.0	5
12/08/19	2:00 p	33.1	33.1	32.6	72	27.3	0.9	WSW	0.27	1.8	SSE	33.1	44.6	44.6	51.8	1008.1	0.00	0.0	819	5.87	837	8.4	0.30	8.5	0.000	0.051	26.7	50	15.4	26.8	9.15	1.1514	0.53	109	1	95.6	5
12/08/19	2:05 p	33.3	33.3	33.1	72	27.6	0.9	WSW	0.27	1.8	WNW	33.3	45.4	45.4	52.7	1008.0	0.00	0.0	855	6.13	905	8.4	0.30	8.5	0.000	0.052	26.8	52	16.1	27.0	9.45	1.1502	0.00	117	1	100.0	5
12/08/19	2:10 p	32.8	33.3	32.8	73	27.4	0.9	WSW	0.27	2.7	W	32.8	44.2	44.2	51.4	1008.0	0.00	0.0	749	5.37	909	6.9	0.25	8.4	0.000	0.050	26.7	51	15.7	26.9	9.35	1.1508	0.00	114	1	100.0	5
12/08/19	2:15 p	32.8	32.9	32.8	73	27.3	1.3	SW	0.40	4.5	WSW	32.8	44.1	44.1	49.6	1007.8	0.00	0.0	485	3.48	543	6.4	0.23	7.6	0.000	0.050	26.7	51	15.7	26.8	9.35	1.1509	0.00	114	1	100.0	5
12/08/19	2:20 p	32.8	32.8	32.7	73	27.3	1.3	SW	0.40	4.0	WNW	32.8	44.1	44.1	50.9	1007.7	0.00	0.0	684	4.90	707	6.8	0.24	7.1	0.000	0.050	26.7	50	15.4	26.8	9.15	1.1512	0.00	110	1	96.5	5
12/08/19	2:25 p	32.7	32.8	32.7	75	27.7	1.8	W	0.54	4.0	W	32.7	44.7	44.7	51.7	1007.7	0.00	0.0	693	4.97	708	7.0	0.25	7.1	0.000	0.050	26.7	52	16.0	26.9	9.45	1.1503	0.00	110	1	96.5	5
12/08/19	2:30 p	33.1	33.1	32.8	73	27.6	1.8	W	0.54	4.0	WSW	33.1	44.9	44.9	51.9	1007.7	0.00	0.0	692	4.96	715	6.8	0.24	7.0	0.000	0.051	26.7	49	15.1	26.7	8.95	1.1516	0.00	107	1	93.9	5
12/08/19	2:35 p	32.9	33.1	32.9	74	27.7	1.8	W	0.54	3.6	WNW	32.9	45.1	45.1	51.6	1007.8	0.00	0.0	624	4.47	679	6.3	0.23	6.6	0.000	0.051	26.7	51	15.7	26.8	9.35	1.1509	0.00	115	1	100.0	5
12/08/19	2:40 p	32.9	32.9	32.8	74	27.7	1.3	W	0.40	4.0	WSW	32.9	45.1	45.1	51.9	1007.7	0.00	0.0	689	4.94	714	6.4	0.23	6.6	0.000	0.051	26.7	51	15.7	26.8	9.35	1.1508	0.00	113	1	99.1	5
12/08/19	2:45 p	32.9	33.1	32.9	74	27.6	1.8	WNW	0.54	3.6	W	32.9	44.8	44.8	51.7	1007.7	0.00	0.0	669	4.80	684	6.2	0.22	6.3	0.000	0.051	26.7	50	15.4	26.8	9.15	1.1509	0.00	116	1	100.0	5
12/08/19	2:50 p	33.1	33.1	32.9	74	27.9	1.3	W	0.40	3.6	WSW	33.1	45.6	45.6	52.2	1007.7	0.00	0.0	627	4.49	645	5.7	0.20	6.0	0.000	0.051	26.7	54	16.6	27.1	9.75	1.1493	0.00	110	1	96.5	5
12/08/19	2:55 p	32.9	33.2	32.9	70	26.7	1.8	WNW	0.54	3.1	WNW	32.9	43.3	43.3	49.6	1007.6	0.00	0.0	589	4.22	606	5.4	0.19	5.5	0.000	0.051	26.8	52	16.1	27.1	9.44	1.1495	0.00	115	1	100.0	5
12/08/19	3:00 p	33.1	33.1	32.8	69	26.6	1.8	NW	0.54	4.0	NW	33.1	43.2	43.2	49.6	1007.4	0.00	0.0	591	4.24	640	5.1	0.18	5.4	0.000	0.051	26.7	48	14.8	26.7	8.85	1.1514	0.48	113	1	99.1	5
12/08/19	3:05 p	32.8	33.0	32.8	70	26.6	1.8	W	0.54	3.6	W	32.8	42.8	42.8	48.6	1007.3	0.00	0.0	517	3.71	534	4.8	0.17	4.8	0.000	0.050	26.7	51	15.7	26.8	9.35	1.1504	0.00	107	1	93.9	5
12/08/19	3:10 p	32.6	32.7	32.5	68	25.9	1.8	W	0.54	3.1	WSW	32.6	41.3	41.3	46.9	1007.3	0.00	0.0	492	3.53	513	4.5	0.16	4.6	0.000	0.049	26.7	49	15.1	26.7	8.95	1.1511	0.00	110	1	96.5	5
12/08/19	3:15 p	32.9	32.9	32.6	67	26.0	1.3	NW	0.40	2.7	NNW	32.9	42.1	42.1	48.1	1007.3	0.00	0.0	533	3.82	540	4.5	0.16	4.5	0.000	0.051	26.6	51	15.6	26.8	9.35	1.1506	0.00	113	1	99.1	5
12/08/19	3:20 p	32.9	32.9	32.9	68	26.3	1.8	WNW	0.54	3.6	NW	32.9	42.5	42.5	48.3	1007.3	0.00	0.0	513	3.68	526	4.3	0.15	4.4	0.000	0.051	26.6	49	15.0	26.6	8.95	1.1514	0.00	111	1	97.4	5
12/08/19	3:25 p	32.9	33.1	32.9	69	26.5	1.3	WNW	0.40	3.1	W	32.9	42.9	42.9	49.2	1007.3	0.00	0.0	578	4.14	615	4.4	0.16	4.5	0.000	0.051	26.6	49	15.0	26.6	8.95	1.1514	0.00	115	1	100.0	5
12/08/19	3:30 p	33.1	33.2	32.9	67	26.2	1.3	NW	0.40	3.1	WNW	33.1	42.6	42.6	49.0	1007.4	0.00	0.0	579	4.15	613	4.2	0.15	4.4	0.000	0.051	26.7	50	15.4	26.8	9.15	1.1508	0.00	117	1	100.0	5
12/08/19	3:35 p	33.1	33.2	33.1	68	26.4	0.9	NW	0.27	3.1	WNW	33.1	43.0	43.0	49.2	1007.2	0.00	0.0	550	3.94	571	4.0	0.14	4.0	0.000	0.051	26.7	50	15.4	26.8	9.15	1.1506	0.00	114	1	100.0	5
12/08/19	3:40 p	33.2	33.2	33.1	68	26.5	0.9	NNW	0.27	2.2	NNW	33.2	43.3	43.3	49.3	1007.1	0.00	0.0	518	3.71	540	3.7	0.13	3.8	0.000	0.052	26.7	48	14.7	26.6	8.85	1.1513	0.00	111	1	97.4	5
12/08/19	3:45 p	33.3	33.3	33.2	68	26.6	0.9	NNE	0.27	1.8	N	33.3	43.7	43.7	49.1	1007.1	0.00	0.0	449	3.22	480	3.4	0.12	3.5	0.000	0.052	26.6	50	15.3	26.7	9.15	1.1508	0.00	106	1	93.0	5
12/08/19	3:50 p	33.2	33.3	33.2	70	27.0	0.9	NNW	0.27	2.2	NNW	33.2	44.2	44.2	49.6	1007.2	0.00	0.0	436	3.13	464	3.1	0.11	3.1	0.000	0.052	26.7	49	15.1	26.7	8.95	1.1510	0.00	108	1	94.7	5
12/08/19	3:55 p	33.1	33.2	33.0	69	26.6	0.9	NNE	0.27	1.3	NNE	33.1	43.2	43.2	48.5	1007.5	0.00	0.0	424	3.04	475	3.0	0.11	3.1	0.000	0.051	26.7	50	15.4	26.8	9.15	1.1506	0.00	111	1	97.4	5
12/08/19	4:00 p	33.0	33.1	33.0	68	26.3	1.3	NNE	0.40	2.2	NNE	33.0	42.7	42.7	47.7	1007.1	0.00	0.0	395	2.83	406	2.7	0.10	2.8	0.000	0.051	26.8	51	15.8	26.9	9.35	1.1496	0.38	103	1	90.4	5
12/08/19	4:05 p	33.0	33.1	32.9	68	26.3	1.3	N	0.40	2.2	N	33.0	42.7	42.7	47.8	1007.1	0.00	0.0	401	2.87	429	2.6	0.09	2.6	0.000	0.051	26.8	48	14.8	26.7	8.85	1.1508	0.00	108	1	94.7	5
12/08/19	4:10 p	33.2	33.2	33.0	69	26.7	0.9	N	0.27	2.2	NNE	33.2	43.6	43.6	48.6	1007.1	0.00	0.0	376	2.70	387	2.4	0.09	2.4	0.000	0.052	26.8	49	15.2	26.8	8.95	1.1503	0.00	115	1	100.0	5
12/08/19	4:15 p	33.1	33.2	33.1	69	26.6	1.3	NNE	0.40	2.2	NNE	33.1	43.2	43.2	48.0	1007.2	0.00	0.0	353	2.53	364	2.2	0.08	2.2	0.000	0.051	26.8	50	15.5	26.9	9.14	1.1498	0.00	112	1	98.2	5
12/08/19	4:20 p	32.8	33.1	32.8	69	26.4	1.3	NNW	0.40	2.7	NNW	32.8	42.6	42.6	46.9	1007.2	0.00	0.0	312	2.24	322	2.0	0.07	2.1	0.000	0.050	26.8	49	15.2	26.8	8.95	1.1505	0.00	113	1	99.1	5
12/08/19	4:25 p	32.6	32.8	32.6	70	26.4	1.3	N	0.40	2.2	NNW	32.6	42.3	42.3	46.6	1007.1	0.00	0.0	301	2.16	302	1.8	0.06	1.8	0.000	0.050	26.8	48	14.8	26.7	8.85	1.1508	0.00	110	1	96.5	5
12/08/19	4:30 p	32.4	32.7	32.4	72	26.7	1.3	NNW	0.40	2.7	N	32.4	42.4	42.4	46.7	1007.1	0.00	0.0	296	2.12	302	1.6	0.06	1.7	0.000	0.049	26.8	50	15.5	26.9	9.14	1.1497	0.00	109	1	95.6	5
12/08/19	4:35 p	32.4	32.4	32.3	72	26.7	0.9	N	0.27	1.8	NNW	32.4	42.4	42.4	46.2	1007.1	0.00	0.0	256	1.83	267	1.5	0.05	1.5	0.000	0.049	26.8	49	15.2	26.9	8.94	1.1501	0.00	107	1	93.9	5
12/08/19	4:40 p	32.4	32.4	32.3	73	26.9	0.9	NW	0.27	1.8	NW	32.4	42.8	42.8	46.1	1007.1	0.00	0.0	217	1.56	234	1.3	0.05	1.3	0.000	0.049	26.8	46	14.2	26.6	8.45	1.1516	0.00	112	1	98.2	5
12/08/19	4:45 p	32.2	32.4	32.2	73	26.7	1.3	N	0.40	1.8	N	32.2	42.1	42.1	45.2	1007.2	0.00	0.0	202	1.45	209	1.2	0.04	1.2	0.000	0.048	26.8	48	14.8	26.7	8.85	1.1509	0.00	109	1	95.6	5
12/08/19	4:50 p	32.1	32.2	32.0	73	26.6	1.3	NNW	0.40	2.2	NNW	32.1	41.7	41.7	44.9	1007.1	0.00	0.0	202	1.45	206	1.1	0.04	1.1	0.000	0.048	26.7	49	15.1	26.8	8.95	1.1507	0.00	116	1	100.0	5
12/08/19	4:55 p	31.9	32.1	31.9	75	27.0	1.3	N	0.40	3.6	NNW	31.9	42.1	42.1	45.2	1007.0	0.00	0.0	190	1.36	195	1.0	0.04	1.0	0.000	0.047	26.7	49	15.1	26.7	8.95	1.1509	0.00	107	1	93.9	5
12/08/19	5:00 p	31.8	32.0	31.8	75	26.8	1.3	NNW	0.40	3.6	NNE	31.8	41.8	41.8	44.7	1007.0	0.00	0.0	179	1.28	185	0.9	0.03	0.9	0.000	0.047	26.7	47	14.4	26.5	8.65	1.1516	0.20	114	1	100.0	5
12/08/19	5:05 p	31.7	31.8	31.7	76	27.0	2.2	NNE	0.67	5.4	N	31.7	41.8	41.8	45.0	1007.1	0.00	0.0	192	1.38	195	0.8	0.03	0.8	0.000	0.046	26.7	48	14.7	26.6	8.85	1.1513	0.00	105	1	92.1	5
12/08/19	5:10 p	31.6	31.8	31.6	77	27.0	2.2	N	0.67	4.5	NNE	31.6	41.6	41.6	44.6	1007.1	0.00	0.0	172	1.23	188	0.7	0.03	0.7	0.000	0.046	26.6	50	15.3	26.7	9.15	1.1508	0.00	106	1	93.0	5
12/08/19	5:15 p	31.3	31.6	31.3	79	27.3	1.8	NNE	0.54	4.0	NNE	31.3	41.6	41.6	43.9	1007.1	0.00	0.0	130	0.93	151	0.6	0.02	0.6	0.000	0.045	26.6	49	15.0	26.6	8.95	1.1512	0.00	110	1	96.5	5
12/08/19	5:20 p	31.2	31.3	31.2	80	27.4	1.8	NNW	0.54	2.7	NNW	31.2	41.6	41.6	43.3	1007.1	0.00	0.0	100	0.72	107	0.3	0.01	0.5	0.000	0.045	26.6	48	14.7	26.6	8.85	1.1516	0.00	102	1	89.5	5
12/08/19	5:25 p	30.9	31.2	30.9	81	27.3	1.8	N	0.54	4.0	NNW	30.9	41.1	41.1	42.6	1007.0	0.00	0.0	88	0.63	91	0.0	0.00	0.0	0.000	0.044	26.6	50	15.3	26.7	9.15	1.1507	0.00	109	1	95.6	5
12/08/19	5:30 p	30.8	30.9	30.8	83	27.6	1.3	NNW	0.40	3.6	NNE	30.8	41.2	41.2	42.6	1007.0	0.00	0.0	78	0.56	81	0.0	0.00	0.0	0.000	0.043	26.6	49	15.0	26.6	8.95	1.1513	0.00	112	1	98.2	5
12/08/19	5:35 p	30.7	30.8	30.6	84	27.7	1.8	NNE	0.54	3.6	N	30.7	41.2	41.2	42.3	1006.9	0.00	0.0	68	0.49	74	0.0	0.00	0.0	0.000	0.043	26.6	48	14.6	26.5	8.85	1.1517	0.00	113	1	99.1	5
12/08/19	5:40 p	30.4	30.6	30.4	85	27.6	1.8	NNE	0.54	4.9	NNE	30.4	40.7	40.7	41.6	1006.8	0.00	0.0	54	0.39	60	0.0	0.00	0.0	0.000	0.042	26.6	50	15.3	26.7	9.15	1.1508	0.00	111	1	97.4	5
12/08/19	5:45 p	30.3	30.4	30.3	85	27.5	1.3	N	0.40	3.6	NNE	30.3	40.3	40.3	41.1	1006.9	0.00	0.0	46	0.33	47	0.0	0.00	0.0	0.000	0.042	26.5	51	15.5	26.6	9.35	1.1507	0.00	111	1	97.4	5
12/08/19	5:50 p	30.2	30.3	30.2	86	27.6	2.2	NNW	0.67	4.9	NNW	30.2	40.1	40.1	40.7	1006.8	0.00	0.0	39	0.28	42	0.0	0.00	0.0	0.000	0.041	26.5	50	15.2	26.6	9.16	1.1510	0.00	115	1	100.0	5
12/08/19	5:55 p	30.0	30.2	30.0	87	27.6	2.2	NNW	0.67	4.9	NW	30.0	39.8	39.8	40.3	1006.7	0.00	0.0	33	0.24	35	0.0	0.00	0.0	0.000	0.041	26.4	49	14.9	26.4	8.96	1.1516	0.00	112	1	98.2	5
12/08/19	6:00 p	29.9	30.0	29.9	87	27.5	1.8	N	0.54	4.0	NNE	29.9	39.4	39.4	39.8	1006.8	0.00	0.0	28	0.20	30	0.0	0.00	0.0	0.000	0.040	26.4	51	15.5	26.6	9.35	1.1509	0.08	115	1	100.0	5
12/08/19	6:05 p	29.8	29.9	29.8	87	27.4	1.8	NNW	0.54	4.0	N	29.8	39.1	39.1	39.4	1006.8	0.00	0.0	23	0.16	25	0.0	0.00	0.0	0.000	0.040	26.4	50	15.1	26.4	9.16	1.1516	0.00	117	1	100.0	5
12/08/19	6:10 p	29.7	29.8	29.7	87	27.3	2.7	NNW	0.80	5.8	NE	29.7	38.7	38.7	38.8	1006.9	0.00	0.0	17	0.12	19	0.0	0.00	0.0	0.000	0.039	26.4	49	14.9	26.4	8.96	1.1518	0.00	117	1	100.0	5
12/08/19	6:15 p	29.6	29.7	29.6	87	27.2	2.2	N	0.67	4.5	N	29.6	38.6	38.6	38.5	1006.9	0.00	0.0	11	0.08	14	0.0	0.00	0.0	0.000	0.039	26.4	51	15.5	26.6	9.35	1.1510	0.00	112	1	98.2	5
12/08/19	6:20 p	29.5	29.6	29.5	88	27.3	2.2	N	0.67	4.5	N	29.5	38.4	38.4	38.2	1007.0	0.00	0.0	4	0.03	7	0.0	0.00	0.0	0.000	0.039	26.4	51	15.4	26.5	9.35	1.1514	0.00	109	1	95.6	5
12/08/19	6:25 p	29.4	29.5	29.4	88	27.2	2.2	NNE	0.67	4.0	NE	29.4	38.1	38.1	37.7	1007.2	0.00	0.0	0	0.00	0	0.0	0.00	0.0	0.000	0.038	26.4	53	16.0	26.6	9.65	1.1508	0.00	111	1	97.4	5
12/08/19	6:30 p	29.3	29.4	29.3	88	27.1	1.8	NNE	0.54	4.9	NNE	29.3	37.9	37.9	37.5	1007.3	0.00	0.0	0	0.00	0	0.0	0.00	0.0	0.000	0.038	26.3	52	15.7	26.5	9.46	1.1516	0.00	113	1	99.1	5
12/08/19	6:35 p	29.2	29.3	29.2	88	27.0	0.9	N	0.27	1.8	NNE	29.2	37.5	37.5	37.1	1007.3	0.00	0.0	0	0.00	0	0.0	0.00	0.0	0.000	0.038	26.3	54	16.2	26.6	9.76	1.1511	0.00	112	1	98.2	5
12/08/19	6:40 p	29.2	29.2	29.2	88	27.0	1.3	NNE	0.40	3.1	NE	29.2	37.3	37.3	36.9	1007.4	0.00	0.0	0	0.00	0	0.0	0.00	0.0	0.000	0.038	26.3	55	16.5	26.6	9.88	1.1508	0.00	114	1	100.0	5
12/08/19	6:45 p	29.2	29.2	29.1	88	27.0	1.3	NNE	0.40	3.1	N	29.2	37.3	37.3	36.9	1007.4	0.00	0.0	0	0.00	0	0.0	0.00	0.0	0.000	0.038	26.3	54	16.2	26.6	9.76	1.1512	0.00	115	1	100.0	5
12/08/19	6:50 p	29.1	29.2	29.1	88	26.9	1.3	NNE	0.40	2.2	NE	29.1	37.2	37.2	36.7	1007.6	0.00	0.0	0	0.00	0	0.0	0.00	0.0	0.000	0.037	26.2	56	16.7	26.6	10.08	1.1509	0.00	111	1	97.4	5
12/08/19	6:55 p	29.1	29.1	29.1	88	26.9	1.3	NNE	0.40	3.6	NNW	29.1	37.2	37.2	36.7	1007.6	0.00	0.0	0	0.00	0	0.0	0.00	0.0	0.000	0.037	26.3	57	17.1	26.7	10.18	1.1503	0.00	110	1	96.5	5
12/08/19	7:00 p	29.1	29.1	29.1	89	27.1	1.3	NNE	0.40	2.2	NNE	29.1	37.2	37.2	36.8	1007.8	0.00	0.0	0	0.00	0	0.0	0.00	0.0	0.000	0.037	26.4	57	17.2	26.9	10.17	1.1496	0.03	114	1	100.0	5
12/08/19	7:05 p	29.0	29.1	29.0	89	27.0	1.3	NNE	0.40	2.7	NE	29.0	37.1	37.1	36.6	1008.1	0.00	0.0	0	0.00	0	0.0	0.00	0.0	0.000	0.037	26.6	58	17.6	27.1	10.36	1.1490	0.00	117	1	100.0	5
12/08/19	7:10 p	28.9	29.0	28.9	89	26.9	1.3	NNE	0.40	3.1	NNE	28.9	36.8	36.8	36.4	1008.4	0.00	0.0	0	0.00	0	0.0	0.00	0.0	0.000	0.037	26.7	58	17.7	27.2	10.35	1.1487	0.00	115	1	100.0	5
12/08/19	7:15 p	28.9	28.9	28.8	90	27.1	1.3	NNE	0.40	2.2	NNE	28.9	36.9	36.9	36.4	1008.5	0.00	0.0	0	0.00	0	0.0	0.00	0.0	0.000	0.037	26.8	58	17.9	27.4	10.35	1.1480	0.00	116	1	100.0	5
12/08/19	7:20 p	28.8	28.9	28.8	90	27.0	0.9	NNE	0.27	1.8	NNE	28.8	36.7	36.7	36.3	1008.5	0.00	0.0	0	0.00	0	0.0	0.00	0.0	0.000	0.036	26.9	59	18.3	27.7	10.55	1.1470	0.00	117	1	100.0	5
12/08/19	7:25 p	28.8	28.9	28.8	90	27.0	1.3	NNE	0.40	3.1	NNE	28.8	36.7	36.7	36.3	1008.6	0.00	0.0	0	0.00	0	0.0	0.00	0.0	0.000	0.036	27.1	59	18.4	27.8	10.55	1.1465	0.00	113	1	99.1	5
12/08/19	7:30 p	28.8	28.8	28.8	90	27.0	1.8	NNE	0.54	2.7	N	28.8	36.6	36.6	36.1	1008.6	0.00	0.0	0	0.00	0	0.0	0.00	0.0	0.000	0.036	27.1	59	18.4	27.9	10.55	1.1463	0.00	113	1	99.1	5
12/08/19	7:35 p	28.7	28.8	28.7	90	26.9	1.3	NNE	0.40	2.2	N	28.7	36.2	36.2	35.7	1008.6	0.00	0.0	0	0.00	0	0.0	0.00	0.0	0.000	0.036	27.3	60	18.8	28.2	10.75	1.1450	0.00	115	1	100.0	5
12/08/19	7:40 p	28.6	28.7	28.6	90	26.8	1.3	NNE	0.40	2.7	NNW	28.6	36.0	36.0	35.6	1008.8	0.00	0.0	0	0.00	0	0.0	0.00	0.0	0.000	0.036	27.3	60	18.9	28.3	10.75	1.1449	0.00	116	1	100.0	5
12/08/19	7:45 p	28.6	28.7	28.6	90	26.8	1.3	NNE	0.40	3.1	N	28.6	36.0	36.0	35.6	1008.9	0.00	0.0	0	0.00	0	0.0	0.00	0.0	0.000	0.036	27.4	60	19.0	28.5	10.75	1.1445	0.00	115	1	100.0	5
12/08/19	7:50 p	28.6	28.6	28.6	90	26.8	1.8	NE	0.54	3.6	NNE	28.6	36.0	36.0	35.6	1009.0	0.00	0.0	0	0.00	0	0.0	0.00	0.0	0.000	0.036	27.5	61	19.3	28.7	10.95	1.1439	0.00	114	1	100.0	5
12/08/19	7:55 p	28.6	28.7	28.6	90	26.8	1.8	NE	0.54	3.6	NNE	28.6	36.0	36.0	35.6	1009.0	0.00	0.0	0	0.00	0	0.0	0.00	0.0	0.000	0.036	27.6	61	19.4	28.9	10.95	1.1433	0.00	109	1	95.6	5
12/08/19	8:00 p	28.6	28.6	28.6	90	26.8	2.2	NE	0.67	4.0	NE	28.6	36.0	36.0	35.6	1009.1	0.00	0.0	0	0.00	0	0.0	0.00	0.0	0.000	0.036	27.7	61	19.5	28.9	10.95	1.1430	0.03	105	1	92.1	5
12/08/19	8:05 p	28.7	28.7	28.6	90	26.9	1.8	NE	0.54	4.0	NNE	28.7	36.2	36.2	35.7	1009.2	0.00	0.0	0	0.00	0	0.0	0.00	0.0	0.000	0.036	27.7	61	19.5	29.1	10.95	1.1429	0.00	109	1	95.6	5
12/08/19	8:10 p	28.6	28.7	28.6	90	26.8	1.3	NE	0.40	3.6	NNE	28.6	36.0	36.0	35.6	1009.5	0.00	0.0	0	0.00	0	0.0	0.00	0.0	0.000	0.036	27.8	62	19.8	29.3	11.11	1.1425	0.00	112	1	98.2	5
12/08/19	8:15 p	28.6	28.7	28.6	90	26.8	1.3	NE	0.40	3.1	NNE	28.6	36.0	36.0	35.6	1009.2	0.00	0.0	0	0.00	0	0.0	0.00	0.0	0.000	0.036	27.8	62	19.9	29.3	11.11	1.1418	0.00	114	1	100.0	5
12/08/19	8:20 p	28.6	28.6	28.6	90	26.8	1.3	NE	0.40	2.7	NNE	28.6	35.8	35.8	35.4	1009.4	0.00	0.0	0	0.00	0	0.0	0.00	0.0	0.000	0.035	27.8	62	19.9	29.3	11.11	1.1421	0.00	114	1	100.0	5
12/08/19	8:25 p	28.5	28.6	28.5	90	26.7	0.9	NE	0.27	2.2	NNE	28.5	35.7	35.7	35.2	1009.4	0.00	0.0	0	0.00	0	0.0	0.00	0.0	0.000	0.035	27.9	62	19.9	29.4	11.11	1.1418	0.00	115	1	100.0	5
12/08/19	8:30 p	28.4	28.5	28.4	90	26.6	0.9	NE	0.27	1.8	NE	28.4	35.3	35.3	34.8	1009.4	0.00	0.0	0	0.00	0	0.0	0.00	0.0	0.000	0.035	27.9	62	20.0	29.6	11.10	1.1415	0.00	115	1	100.0	5
12/08/19	8:35 p	28.4	28.4	28.3	91	26.8	0.9	NE	0.27	2.2	NE	28.4	35.6	35.6	35.1	1009.4	0.00	0.0	0	0.00	0	0.0	0.00	0.0	0.000	0.035	27.9	62	20.0	29.6	11.10	1.1415	0.00	114	1	100.0	5
12/08/19	8:40 p	28.3	28.4	28.3	91	26.7	0.9	NNE	0.27	1.8	NE	28.3	35.2	35.2	34.7	1009.3	0.00	0.0	0	0.00	0	0.0	0.00	0.0	0.000	0.035	28.0	63	20.3	29.8	11.30	1.1406	0.00	114	1	100.0	5
12/08/19	8:45 p	28.3	28.3	28.2	91	26.7	0.9	NE	0.27	1.8	NE	28.3	35.2	35.2	34.7	1009.6	0.00	0.0	0	0.00	0	0.0	0.00	0.0	0.000	0.035	28.0	63	20.3	29.8	11.30	1.1410	0.00	116	1	100.0	5
12/08/19	8:50 p	28.2	28.3	28.2	91	26.6	0.4	NE	0.13	1.3	ENE	28.2	35.0	35.0	34.5	1009.8	0.00	0.0	0	0.00	0	0.0	0.00	0.0	0.000	0.034	28.1	63	20.4	30.0	11.30	1.1406	0.00	117	1	100.0	5
12/08/19	8:55 p	28.3	28.3	28.2	90	26.5	0.9	ENE	0.27	1.8	NE	28.3	35.1	35.1	34.6	1010.0	0.00	0.0	0	0.00	0	0.0	0.00	0.0	0.000	0.035	28.1	63	20.4	30.0	11.30	1.1408	0.00	116	1	100.0	5
12/08/19	9:00 p	28.4	28.4	28.3	90	26.6	0.4	ENE	0.13	0.9	ENE	28.4	35.3	35.3	34.8	1010.1	0.00	0.0	0	0.00	0	0.0	0.00	0.0	0.000	0.035	28.1	63	20.4	30.0	11.30	1.1410	0.03	115	1	100.0	5
12/08/19	9:05 p	28.3	28.3	28.3	90	26.5	0.4	ENE	0.13	0.9	ENE	28.3	34.9	34.9	34.4	1010.2	0.00	0.0	0	0.00	0	0.0	0.00	0.0	0.000	0.035	28.1	63	20.4	30.0	11.30	1.1410	0.00	116	1	100.0	5
12/08/19	9:10 p	28.3	28.3	28.2	90	26.5	0.9	NE	0.27	1.3	ENE	28.3	34.9	34.9	34.4	1010.0	0.00	0.0	0	0.00	0	0.0	0.00	0.0	0.000	0.035	28.2	64	20.7	30.2	11.50	1.1401	0.00	111	1	97.4	5
12/08/19	9:15 p	28.2	28.3	28.2	90	26.4	0.4	NE	0.13	0.9	NE	28.2	34.6	34.6	34.1	1009.9	0.00	0.0	0	0.00	0	0.0	0.00	0.0	0.000	0.034	28.2	64	20.7	30.2	11.50	1.1400	0.00	113	1	99.1	5
12/08/19	9:20 p	28.1	28.2	28.1	91	26.4	0.9	NE	0.27	1.3	NE	28.1	34.6	34.6	34.1	1009.8	0.00	0.0	0	0.00	0	0.0	0.00	0.0	0.000	0.034	28.2	64	20.8	30.3	11.49	1.1396	0.00	117	1	100.0	5
12/08/19	9:25 p	28.1	28.1	28.1	91	26.4	0.9	NNE	0.27	2.2	NE	28.1	34.6	34.6	34.1	1009.9	0.00	0.0	0	0.00	0	0.0	0.00	0.0	0.000	0.034	28.2	64	20.8	30.3	11.49	1.1397	0.00	116	1	100.0	5
12/08/19	9:30 p	28.1	28.1	28.1	91	26.5	0.9	NE	0.27	1.8	NNE	28.1	34.7	34.7	34.2	1010.2	0.00	0.0	0	0.00	0	0.0	0.00	0.0	0.000	0.034	28.3	64	20.8	30.4	11.49	1.1398	0.00	113	1	99.1	5
12/08/19	9:35 p	28.1	28.1	28.1	92	26.7	0.9	NE	0.27	1.8	NE	28.1	34.9	34.9	34.5	1010.2	0.00	0.0	0	0.00	0	0.0	0.00	0.0	0.000	0.034	28.2	64	20.8	30.3	11.49	1.1400	0.00	114	1	100.0	5
12/08/19	9:40 p	28.1	28.1	28.1	92	26.6	1.3	NE	0.40	2.2	NE	28.1	34.8	34.8	34.3	1010.2	0.00	0.0	0	0.00	0	0.0	0.00	0.0	0.000	0.034	28.3	64	20.8	30.4	11.49	1.1397	0.00	113	1	99.1	5
12/08/19	9:45 p	28.1	28.1	28.0	92	26.6	1.3	NE	0.40	2.2	NE	28.1	34.8	34.8	34.3	1010.1	0.00	0.0	0	0.00	0	0.0	0.00	0.0	0.000	0.034	28.3	64	20.8	30.4	11.49	1.1397	0.00	112	1	98.2	5
12/08/19	9:50 p	28.1	28.1	28.0	92	26.6	0.9	NNE	0.27	1.3	NNE	28.1	34.8	34.8	34.3	1010.3	0.00	0.0	0	0.00	0	0.0	0.00	0.0	0.000	0.034	28.3	64	20.9	30.5	11.49	1.1396	0.00	114	1	100.0	5
12/08/19	9:55 p	28.0	28.1	27.9	92	26.6	1.3	NE	0.40	1.8	NE	28.0	34.6	34.6	34.1	1010.3	0.00	0.0	0	0.00	0	0.0	0.00	0.0	0.000	0.034	28.3	64	20.9	30.5	11.49	1.1396	0.00	113	1	99.1	5
12/08/19	10:00 p	27.9	28.0	27.9	93	26.7	0.9	NNE	0.27	1.8	NE	27.9	34.7	34.7	34.2	1010.2	0.00	0.0	0	0.00	0	0.0	0.00	0.0	0.000	0.033	28.3	65	21.1	30.7	11.69	1.1390	0.03	115	1	100.0	5
12/08/19	10:05 p	27.9	27.9	27.9	93	26.7	1.3	NNE	0.40	1.8	NE	27.9	34.7	34.7	34.2	1010.3	0.00	0.0	0	0.00	0	0.0	0.00	0.0	0.000	0.033	28.3	65	21.1	30.7	11.69	1.1391	0.00	114	1	100.0	5
12/08/19	10:10 p	28.0	28.0	27.9	93	26.8	0.9	NE	0.27	2.2	NE	28.0	34.8	34.8	34.4	1010.3	0.00	0.0	0	0.00	0	0.0	0.00	0.0	0.000	0.034	28.4	65	21.2	30.8	11.69	1.1388	0.00	114	1	100.0	5
12/08/19	10:15 p	28.0	28.0	27.9	93	26.8	0.9	NE	0.27	1.8	NE	28.0	34.8	34.8	34.4	1010.5	0.00	0.0	0	0.00	0	0.0	0.00	0.0	0.000	0.034	28.4	65	21.2	30.8	11.69	1.1390	0.00	107	1	93.9	5
12/08/19	10:20 p	28.0	28.0	27.9	93	26.8	0.4	NE	0.13	1.3	NE	28.0	34.8	34.8	34.4	1010.5	0.00	0.0	0	0.00	0	0.0	0.00	0.0	0.000	0.034	28.4	65	21.2	30.8	11.69	1.1391	0.00	108	1	94.7	5
12/08/19	10:25 p	27.9	28.0	27.9	93	26.7	0.9	ENE	0.27	1.3	NE	27.9	34.7	34.7	34.2	1010.5	0.00	0.0	0	0.00	0	0.0	0.00	0.0	0.000	0.033	28.4	65	21.2	30.8	11.69	1.1391	0.00	113	1	99.1	5
12/08/19	10:30 p	27.9	27.9	27.9	93	26.7	0.9	ENE	0.27	1.8	E	27.9	34.7	34.7	34.2	1010.6	0.00	0.0	0	0.00	0	0.0	0.00	0.0	0.000	0.033	28.4	65	21.2	30.8	11.69	1.1391	0.00	111	1	97.4	5
12/08/19	10:35 p	27.9	27.9	27.9	93	26.7	0.9	E	0.27	1.3	E	27.9	34.7	34.7	34.2	1010.6	0.00	0.0	0	0.00	0	0.0	0.00	0.0	0.000	0.033	28.4	65	21.2	30.8	11.69	1.1392	0.00	112	1	98.2	5
12/08/19	10:40 p	27.9	27.9	27.8	93	26.7	0.4	ENE	0.13	0.9	ENE	27.9	34.5	34.5	34.0	1010.7	0.00	0.0	0	0.00	0	0.0	0.00	0.0	0.000	0.033	28.4	65	21.2	30.9	11.69	1.1389	0.00	113	1	99.1	5
12/08/19	10:45 p	27.8	27.8	27.8	94	26.7	0.4	ENE	0.13	0.9	ENE	27.8	34.3	34.3	33.9	1010.8	0.00	0.0	0	0.00	0	0.0	0.00	0.0	0.000	0.033	28.4	66	21.5	31.1	11.89	1.1386	0.00	109	1	95.6	5
12/08/19	10:50 p	27.8	27.8	27.7	93	26.5	0.4	ENE	0.13	0.9	ENE	27.8	34.1	34.1	33.6	1010.7	0.00	0.0	0	0.00	0	0.0	0.00	0.0	0.000	0.033	28.4	66	21.5	31.1	11.89	1.1385	0.00	109	1	95.6	5
12/08/19	10:55 p	27.7	27.8	27.7	94	26.7	0.9	E	0.27	1.8	E	27.7	34.2	34.2	33.7	1010.8	0.00	0.0	0	0.00	0	0.0	0.00	0.0	0.000	0.033	28.4	66	21.5	31.1	11.89	1.1387	0.00	108	1	94.7	5
12/08/19	11:00 p	27.7	27.7	27.6	94	26.6	0.9	E	0.27	1.8	E	27.7	34.0	34.0	33.5	1011.0	0.00	0.0	0	0.00	0	0.0	0.00	0.0	0.000	0.032	28.4	66	21.5	31.1	11.89	1.1389	0.00	111	1	97.4	5
12/08/19	11:05 p	27.7	27.7	27.6	94	26.6	0.9	E	0.27	1.8	ENE	27.7	34.0	34.0	33.5	1011.1	0.00	0.0	0	0.00	0	0.0	0.00	0.0	0.000	0.032	28.5	66	21.5	31.2	11.88	1.1387	0.00	112	1	98.2	5
12/08/19	11:10 p	27.7	27.7	27.6	94	26.7	0.4	ENE	0.13	1.3	ENE	27.7	34.2	34.2	33.7	1011.1	0.00	0.0	0	0.00	0	0.0	0.00	0.0	0.000	0.033	28.4	66	21.5	31.1	11.89	1.1390	0.00	108	1	94.7	5
12/08/19	11:15 p	27.8	27.8	27.7	94	26.7	0.4	ENE	0.13	1.3	ENE	27.8	34.3	34.3	33.9	1011.0	0.00	0.0	0	0.00	0	0.0	0.00	0.0	0.000	0.033	28.5	66	21.5	31.2	11.88	1.1386	0.00	115	1	100.0	5
12/08/19	11:20 p	27.8	27.8	27.7	94	26.7	0.9	NE	0.27	1.3	ENE	27.8	34.3	34.3	33.9	1010.9	0.00	0.0	0	0.00	0	0.0	0.00	0.0	0.000	0.033	28.4	66	21.5	31.1	11.89	1.1388	0.00	111	1	97.4	5
12/08/19	11:25 p	27.8	27.8	27.8	94	26.8	0.4	ENE	0.13	1.3	ENE	27.8	34.5	34.5	34.1	1010.7	0.00	0.0	0	0.00	0	0.0	0.00	0.0	0.000	0.033	28.5	66	21.5	31.2	11.88	1.1382	0.00	112	1	98.2	5
12/08/19	11:30 p	27.8	27.9	27.8	94	26.8	0.4	NE	0.13	1.3	NE	27.8	34.5	34.5	34.1	1010.6	0.00	0.0	0	0.00	0	0.0	0.00	0.0	0.000	0.033	28.5	66	21.5	31.2	11.88	1.1381	0.00	111	1	97.4	5
12/08/19	11:35 p	27.8	27.9	27.8	94	26.8	0.4	ENE	0.13	1.3	ENE	27.8	34.5	34.5	34.1	1010.5	0.00	0.0	0	0.00	0	0.0	0.00	0.0	0.000	0.033	28.5	67	21.8	31.3	12.08	1.1375	0.00	115	1	100.0	5
12/08/19	11:40 p	27.8	27.8	27.8	94	26.8	0.4	ENE	0.13	1.3	ENE	27.8	34.5	34.5	34.1	1010.3	0.00	0.0	0	0.00	0	0.0	0.00	0.0	0.000	0.033	28.5	67	21.8	31.3	12.08	1.1373	0.00	112	1	98.2	5
12/08/19	11:45 p	27.8	27.8	27.8	94	26.8	0.9	NE	0.27	1.3	NE	27.8	34.5	34.5	34.1	1010.2	0.00	0.0	0	0.00	0	0.0	0.00	0.0	0.000	0.033	28.5	67	21.8	31.3	12.08	1.1371	0.00	114	1	100.0	5
12/08/19	11:50 p	27.7	27.8	27.7	94	26.7	0.9	NE	0.27	1.3	NE	27.7	34.2	34.2	33.7	1010.2	0.00	0.0	0	0.00	0	0.0	0.00	0.0	0.000	0.033	28.5	67	21.8	31.3	12.08	1.1371	0.00	115	1	100.0	5
12/08/19	11:55 p	27.6	27.7	27.6	94	26.6	0.9	NE	0.27	1.3	ENE	27.6	33.9	33.9	33.4	1010.1	0.00	0.0	0	0.00	0	0.0	0.00	0.0	0.000	0.032	28.5	67	21.8	31.3	12.08	1.1371	0.00	112	1	98.2	5
