		Temp	Hi	Low	Out	Dew	Wind	Wind	Wind	Hi	Hi	Wind	Heat	THW	THSW			Rain	Solar	Solar	Hi Solar	UV 	UV 	Hi 	Heat	Cool	In 	In	In 	In 	In 	In Air		Wind	Wind	ISS 	Arc.
Date	Time	Out	Temp	Temp	Hum	Pt.	Speed	Dir	Run	Speed	Dir	Chill	Index	Index	Index	Bar  	Rain	Rate	Rad.	Energy	Rad. 	Index	Dose	UV 	D-D 	D-D 	Temp	Hum	Dew	Heat	EMC	Density	ET 	Samp	Tx 	Recept	Int.
21/06/19	12:00 a	27.1	27.2	27.1	95	26.2	0.4	S	0.13	0.9	S	27.1	32.6	32.6	32.1	1011.6	0.00	0.0	0	0.00	0	0.0	0.00	0.0	0.000	0.030	28.2	59	19.4	29.6	10.55	1.1439	0.00	115	1	100.0	5
21/06/19	12:05 a	27.1	27.1	27.1	95	26.2	0.4	S	0.13	1.3	SSE	27.1	32.5	32.5	32.0	1011.7	0.00	0.0	0	0.00	0	0.0	0.00	0.0	0.000	0.030	28.3	59	19.5	29.7	10.55	1.1437	0.00	113	1	99.1	5
21/06/19	12:10 a	27.1	27.1	27.1	95	26.2	0.4	SSE	0.13	1.3	SSE	27.1	32.6	32.6	32.1	1011.7	0.00	0.0	0	0.00	0	0.0	0.00	0.0	0.000	0.030	28.3	59	19.5	29.7	10.55	1.1437	0.00	114	1	100.0	5
21/06/19	12:15 a	27.1	27.1	27.1	95	26.2	0.0	S	0.00	0.9	S	27.1	32.6	32.6	32.1	1011.6	0.00	0.0	0	0.00	0	0.0	0.00	0.0	0.000	0.030	28.3	59	19.6	29.8	10.55	1.1433	0.00	115	1	100.0	5
21/06/19	12:20 a	27.1	27.1	27.1	95	26.2	0.4	S	0.13	0.9	S	27.1	32.6	32.6	32.1	1011.6	0.00	0.0	0	0.00	0	0.0	0.00	0.0	0.000	0.030	28.3	59	19.6	29.8	10.55	1.1433	0.00	115	1	100.0	5
21/06/19	12:25 a	27.1	27.1	27.1	95	26.2	0.4	SSE	0.13	1.3	SSE	27.1	32.5	32.5	32.0	1011.6	0.00	0.0	0	0.00	0	0.0	0.00	0.0	0.000	0.030	28.3	60	19.8	29.9	10.75	1.1429	0.00	113	1	99.1	5
21/06/19	12:30 a	27.1	27.1	27.1	95	26.2	0.0	SSE	0.00	0.9	SSE	27.1	32.5	32.5	32.0	1011.5	0.00	0.0	0	0.00	0	0.0	0.00	0.0	0.000	0.030	28.3	60	19.8	29.9	10.75	1.1427	0.00	114	1	100.0	5
21/06/19	12:35 a	27.1	27.1	27.1	95	26.2	0.0	SSE	0.00	0.4	SSE	27.1	32.5	32.5	32.0	1011.6	0.00	0.0	0	0.00	0	0.0	0.00	0.0	0.000	0.030	28.3	60	19.8	29.9	10.75	1.1428	0.00	117	1	100.0	5
21/06/19	12:40 a	27.1	27.1	27.1	95	26.2	0.4	SSE	0.13	0.9	SSE	27.1	32.5	32.5	32.0	1011.4	0.00	0.0	0	0.00	0	0.0	0.00	0.0	0.000	0.030	28.3	60	19.8	29.9	10.75	1.1426	0.00	116	1	100.0	5
21/06/19	12:45 a	27.1	27.1	27.0	95	26.2	0.4	SSE	0.13	0.9	SSE	27.1	32.5	32.5	32.0	1011.3	0.00	0.0	0	0.00	0	0.0	0.00	0.0	0.000	0.030	28.3	60	19.8	29.9	10.75	1.1425	0.00	117	1	100.0	5
21/06/19	12:50 a	27.1	27.1	27.0	95	26.2	0.4	SSE	0.13	0.9	SSE	27.1	32.5	32.5	32.0	1011.2	0.00	0.0	0	0.00	0	0.0	0.00	0.0	0.000	0.030	28.4	61	20.1	30.2	10.95	1.1417	0.00	117	1	100.0	5
21/06/19	12:55 a	27.1	27.1	27.0	95	26.2	0.4	ESE	0.13	0.9	SSE	27.1	32.5	32.5	32.0	1011.3	0.00	0.0	0	0.00	0	0.0	0.00	0.0	0.000	0.030	28.4	61	20.1	30.2	10.95	1.1417	0.00	116	1	100.0	5
21/06/19	1:00 a	27.0	27.1	27.0	95	26.1	0.0	ESE	0.00	0.4	ESE	27.0	32.3	32.3	31.8	1011.3	0.00	0.0	0	0.00	0	0.0	0.00	0.0	0.000	0.030	28.4	61	20.1	30.2	10.95	1.1417	0.00	115	1	100.0	5
21/06/19	1:05 a	27.0	27.0	26.9	95	26.1	0.4	ESE	0.13	1.3	ESE	27.0	32.3	32.3	31.8	1011.2	0.00	0.0	0	0.00	0	0.0	0.00	0.0	0.000	0.030	28.4	61	20.1	30.2	10.95	1.1417	0.00	114	1	100.0	5
21/06/19	1:10 a	26.9	27.0	26.9	95	26.1	0.4	ESE	0.13	1.3	ESE	26.9	32.2	32.2	31.7	1011.3	0.00	0.0	0	0.00	0	0.0	0.00	0.0	0.000	0.030	28.4	61	20.2	30.2	10.95	1.1414	0.00	116	1	100.0	5
21/06/19	1:15 a	26.9	27.0	26.9	95	26.1	0.4	ESE	0.13	1.3	ESE	26.9	32.2	32.2	31.7	1011.3	0.00	0.0	0	0.00	0	0.0	0.00	0.0	0.000	0.030	28.4	62	20.5	30.4	11.09	1.1410	0.00	117	1	100.0	5
21/06/19	1:20 a	27.0	27.0	26.9	95	26.1	0.4	ESE	0.13	0.9	ESE	27.0	32.3	32.3	31.8	1011.2	0.00	0.0	0	0.00	0	0.0	0.00	0.0	0.000	0.030	28.4	62	20.5	30.4	11.09	1.1409	0.00	114	1	100.0	5
21/06/19	1:25 a	26.9	26.9	26.9	96	26.3	0.9	ESE	0.27	1.3	ESE	26.9	32.3	32.3	31.8	1011.1	0.00	0.0	0	0.00	0	0.0	0.00	0.0	0.000	0.030	28.4	62	20.5	30.4	11.09	1.1407	0.00	117	1	100.0	5
21/06/19	1:30 a	26.9	26.9	26.9	96	26.2	0.4	E	0.13	0.9	ESE	26.9	32.2	32.2	31.7	1011.1	0.00	0.0	0	0.00	0	0.0	0.00	0.0	0.000	0.030	28.4	62	20.5	30.4	11.09	1.1407	0.00	116	1	100.0	5
21/06/19	1:35 a	26.9	26.9	26.8	96	26.2	0.4	E	0.13	0.9	E	26.9	32.2	32.2	31.7	1011.0	0.00	0.0	0	0.00	0	0.0	0.00	0.0	0.000	0.030	28.5	62	20.5	30.5	11.08	1.1404	0.00	114	1	100.0	5
21/06/19	1:40 a	26.8	26.9	26.8	96	26.1	0.4	E	0.13	0.9	E	26.8	32.0	32.0	31.5	1011.0	0.00	0.0	0	0.00	0	0.0	0.00	0.0	0.000	0.030	28.5	62	20.5	30.5	11.08	1.1404	0.00	115	1	100.0	5
21/06/19	1:45 a	26.8	26.9	26.8	96	26.1	0.4	E	0.13	0.9	E	26.8	31.9	31.9	31.4	1010.8	0.00	0.0	0	0.00	0	0.0	0.00	0.0	0.000	0.029	28.5	63	20.8	30.7	11.28	1.1396	0.00	117	1	100.0	5
21/06/19	1:50 a	26.8	26.8	26.8	96	26.1	0.0	E	0.00	0.9	E	26.8	31.9	31.9	31.4	1010.6	0.00	0.0	0	0.00	0	0.0	0.00	0.0	0.000	0.029	28.5	63	20.8	30.7	11.28	1.1395	0.00	117	1	100.0	5
21/06/19	1:55 a	26.7	26.8	26.7	96	26.0	0.0	---	0.00	0.0	---	26.7	31.7	31.7	31.2	1010.8	0.00	0.0	0	0.00	0	0.0	0.00	0.0	0.000	0.029	28.5	63	20.8	30.7	11.28	1.1396	0.00	117	1	100.0	5
21/06/19	2:00 a	26.7	26.7	26.7	97	26.2	0.4	NNW	0.13	0.9	NNW	26.7	31.9	31.9	31.4	1010.8	0.00	0.0	0	0.00	0	0.0	0.00	0.0	0.000	0.029	28.5	63	20.8	30.7	11.28	1.1396	0.00	117	1	100.0	5
21/06/19	2:05 a	26.8	26.8	26.7	97	26.3	0.9	WNW	0.27	1.8	WNW	26.8	32.1	32.1	31.6	1010.7	0.00	0.0	0	0.00	0	0.0	0.00	0.0	0.000	0.029	28.5	63	20.8	30.7	11.28	1.1396	0.00	118	1	100.0	5
21/06/19	2:10 a	26.8	26.8	26.7	96	26.1	0.4	NW	0.13	0.9	NW	26.8	31.9	31.9	31.4	1010.6	0.00	0.0	0	0.00	0	0.0	0.00	0.0	0.000	0.029	28.5	64	21.0	30.8	11.48	1.1390	0.00	114	1	100.0	5
21/06/19	2:15 a	26.8	26.8	26.8	96	26.1	0.0	NW	0.00	0.4	NW	26.8	32.0	32.0	31.5	1010.7	0.00	0.0	0	0.00	0	0.0	0.00	0.0	0.000	0.030	28.5	64	21.0	30.8	11.48	1.1391	0.00	114	1	100.0	5
21/06/19	2:20 a	26.8	26.8	26.8	96	26.1	0.0	---	0.00	0.0	---	26.8	31.9	31.9	31.4	1010.7	0.00	0.0	0	0.00	0	0.0	0.00	0.0	0.000	0.029	28.6	64	21.1	30.9	11.48	1.1389	0.00	117	1	100.0	5
21/06/19	2:25 a	26.8	26.8	26.8	96	26.1	0.0	---	0.00	0.0	---	26.8	32.0	32.0	31.5	1010.8	0.00	0.0	0	0.00	0	0.0	0.00	0.0	0.000	0.030	28.6	64	21.1	30.9	11.48	1.1390	0.00	117	1	100.0	5
21/06/19	2:30 a	26.9	26.9	26.8	96	26.2	0.0	NE	0.00	0.4	NW	26.9	32.2	32.2	31.7	1010.7	0.00	0.0	0	0.00	0	0.0	0.00	0.0	0.000	0.030	28.6	64	21.1	30.9	11.48	1.1389	0.00	117	1	100.0	5
21/06/19	2:35 a	26.9	26.9	26.9	96	26.3	0.4	ENE	0.13	0.9	NE	26.9	32.3	32.3	31.8	1010.7	0.00	0.0	0	0.00	0	0.0	0.00	0.0	0.000	0.030	28.6	65	21.3	31.1	11.68	1.1384	0.00	117	1	100.0	5
21/06/19	2:40 a	27.0	27.0	26.9	96	26.3	0.4	ENE	0.13	0.9	ENE	27.0	32.5	32.5	32.0	1010.7	0.00	0.0	0	0.00	0	0.0	0.00	0.0	0.000	0.030	28.6	65	21.3	31.1	11.68	1.1384	0.00	116	1	100.0	5
21/06/19	2:45 a	26.9	27.0	26.9	96	26.3	0.4	ENE	0.13	0.9	ENE	26.9	32.3	32.3	31.8	1010.7	0.00	0.0	0	0.00	0	0.0	0.00	0.0	0.000	0.030	28.6	65	21.3	31.1	11.68	1.1384	0.00	114	1	100.0	5
21/06/19	2:50 a	26.9	27.0	26.9	96	26.3	0.4	ENE	0.13	0.9	ENE	26.9	32.3	32.3	31.8	1010.6	0.00	0.0	0	0.00	0	0.0	0.00	0.0	0.000	0.030	28.6	65	21.3	31.1	11.68	1.1383	0.00	115	1	100.0	5
21/06/19	2:55 a	26.9	27.0	26.9	96	26.3	0.4	E	0.13	0.9	E	26.9	32.3	32.3	31.8	1010.5	0.00	0.0	0	0.00	0	0.0	0.00	0.0	0.000	0.030	28.6	66	21.6	31.3	11.88	1.1377	0.00	117	1	100.0	5
21/06/19	3:00 a	26.9	26.9	26.9	96	26.3	0.4	E	0.13	0.9	E	26.9	32.3	32.3	31.8	1010.4	0.00	0.0	0	0.00	0	0.0	0.00	0.0	0.000	0.030	28.6	66	21.6	31.3	11.88	1.1376	0.00	116	1	100.0	5
21/06/19	3:05 a	26.9	26.9	26.9	96	26.3	0.0	E	0.00	0.9	E	26.9	32.3	32.3	31.8	1010.3	0.00	0.0	0	0.00	0	0.0	0.00	0.0	0.000	0.030	28.6	66	21.6	31.3	11.88	1.1375	0.00	116	1	100.0	5
21/06/19	3:10 a	26.9	26.9	26.9	96	26.3	0.4	E	0.13	1.3	E	26.9	32.3	32.3	31.8	1010.3	0.00	0.0	0	0.00	0	0.0	0.00	0.0	0.000	0.030	28.6	66	21.6	31.3	11.88	1.1374	0.00	118	1	100.0	5
21/06/19	3:15 a	26.9	26.9	26.9	96	26.2	0.4	E	0.13	0.9	E	26.9	32.2	32.2	31.7	1010.3	0.00	0.0	0	0.00	0	0.0	0.00	0.0	0.000	0.030	28.6	66	21.6	31.3	11.88	1.1374	0.00	115	1	100.0	5
21/06/19	3:20 a	26.9	26.9	26.8	96	26.2	0.0	E	0.00	0.4	E	26.9	32.2	32.2	31.7	1010.3	0.00	0.0	0	0.00	0	0.0	0.00	0.0	0.000	0.030	28.6	67	21.9	31.6	12.08	1.1367	0.00	115	1	100.0	5
21/06/19	3:25 a	26.9	26.9	26.9	96	26.2	0.4	ESE	0.13	1.3	ESE	26.9	32.2	32.2	31.7	1010.4	0.00	0.0	0	0.00	0	0.0	0.00	0.0	0.000	0.030	28.6	67	21.9	31.6	12.08	1.1368	0.00	115	1	100.0	5
21/06/19	3:30 a	26.9	26.9	26.9	96	26.2	0.0	---	0.00	0.0	---	26.9	32.2	32.2	31.7	1010.2	0.00	0.0	0	0.00	0	0.0	0.00	0.0	0.000	0.030	28.6	67	21.9	31.6	12.08	1.1366	0.00	116	1	100.0	5
21/06/19	3:35 a	26.8	26.9	26.8	96	26.1	0.0	ESE	0.00	0.4	ESE	26.8	32.0	32.0	31.5	1010.2	0.00	0.0	0	0.00	0	0.0	0.00	0.0	0.000	0.030	28.6	67	21.9	31.6	12.08	1.1366	0.00	117	1	100.0	5
21/06/19	3:40 a	26.9	26.9	26.8	96	26.2	0.0	ESE	0.00	0.4	ESE	26.9	32.2	32.2	31.7	1010.2	0.00	0.0	0	0.00	0	0.0	0.00	0.0	0.000	0.030	28.6	68	22.1	31.7	12.28	1.1362	0.00	117	1	100.0	5
21/06/19	3:45 a	26.9	26.9	26.8	96	26.2	0.0	ESE	0.00	0.4	ESE	26.9	32.2	32.2	31.7	1010.2	0.00	0.0	0	0.00	0	0.0	0.00	0.0	0.000	0.030	28.6	68	22.1	31.7	12.28	1.1362	0.00	117	1	100.0	5
21/06/19	3:50 a	26.9	26.9	26.8	96	26.2	0.0	ESE	0.00	0.9	ESE	26.9	32.2	32.2	31.7	1010.1	0.00	0.0	0	0.00	0	0.0	0.00	0.0	0.000	0.030	28.6	68	22.1	31.7	12.28	1.1360	0.00	116	1	100.0	5
21/06/19	3:55 a	26.9	26.9	26.9	96	26.3	0.4	ESE	0.13	0.9	ESE	26.9	32.3	32.3	31.8	1010.2	0.00	0.0	0	0.00	0	0.0	0.00	0.0	0.000	0.030	28.6	68	22.1	31.7	12.28	1.1361	0.00	114	1	100.0	5
21/06/19	4:00 a	27.0	27.0	26.9	95	26.1	0.9	ESE	0.27	1.3	ESE	27.0	32.3	32.3	31.8	1010.2	0.00	0.0	0	0.00	0	0.0	0.00	0.0	0.000	0.030	28.6	68	22.1	31.7	12.28	1.1361	0.00	116	1	100.0	5
21/06/19	4:05 a	26.9	27.0	26.9	96	26.3	0.4	ESE	0.13	0.9	ESE	26.9	32.3	32.3	31.8	1010.3	0.00	0.0	0	0.00	0	0.0	0.00	0.0	0.000	0.030	28.6	69	22.4	31.9	12.41	1.1358	0.00	116	1	100.0	5
21/06/19	4:10 a	26.9	26.9	26.9	96	26.2	0.4	ESE	0.13	1.3	ESE	26.9	32.2	32.2	31.7	1010.3	0.00	0.0	0	0.00	0	0.0	0.00	0.0	0.000	0.030	28.6	69	22.4	31.9	12.41	1.1358	0.00	117	1	100.0	5
21/06/19	4:15 a	26.9	26.9	26.9	96	26.2	0.4	ESE	0.13	0.9	ESE	26.9	32.2	32.2	31.7	1010.4	0.00	0.0	0	0.00	0	0.0	0.00	0.0	0.000	0.030	28.6	69	22.4	31.9	12.41	1.1359	0.00	117	1	100.0	5
21/06/19	4:20 a	26.8	26.9	26.8	96	26.1	0.0	ESE	0.00	0.4	ESE	26.8	32.0	32.0	31.5	1010.4	0.00	0.0	0	0.00	0	0.0	0.00	0.0	0.000	0.030	28.6	69	22.4	31.9	12.41	1.1359	0.00	117	1	100.0	5
21/06/19	4:25 a	26.8	26.9	26.8	96	26.1	0.0	---	0.00	0.0	---	26.8	32.0	32.0	31.5	1010.4	0.00	0.0	0	0.00	0	0.0	0.00	0.0	0.000	0.030	28.6	69	22.4	31.9	12.41	1.1359	0.00	115	1	100.0	5
21/06/19	4:30 a	26.8	26.8	26.8	96	26.1	0.0	ESE	0.00	0.4	ESE	26.8	31.9	31.9	31.4	1010.5	0.00	0.0	0	0.00	0	0.0	0.00	0.0	0.000	0.029	28.7	70	22.7	32.2	12.63	1.1353	0.00	115	1	100.0	5
21/06/19	4:35 a	26.8	26.8	26.7	96	26.1	0.0	---	0.00	0.0	---	26.8	31.9	31.9	31.4	1010.5	0.00	0.0	0	0.00	0	0.0	0.00	0.0	0.000	0.029	28.7	70	22.7	32.2	12.63	1.1352	0.00	115	1	100.0	5
21/06/19	4:40 a	26.8	26.8	26.8	96	26.1	0.0	ESE	0.00	0.4	ESE	26.8	31.9	31.9	31.4	1010.5	0.00	0.0	0	0.00	0	0.0	0.00	0.0	0.000	0.029	28.7	70	22.7	32.2	12.63	1.1353	0.00	116	1	100.0	5
21/06/19	4:45 a	26.8	26.8	26.8	95	25.9	0.0	ESE	0.00	0.4	ESE	26.8	31.7	31.7	31.2	1010.5	0.00	0.0	0	0.00	0	0.0	0.00	0.0	0.000	0.029	28.7	70	22.7	32.2	12.63	1.1353	0.00	117	1	100.0	5
21/06/19	4:50 a	26.8	26.8	26.8	95	25.9	0.0	---	0.00	0.0	---	26.8	31.7	31.7	31.2	1010.5	0.00	0.0	0	0.00	0	0.0	0.00	0.0	0.000	0.029	28.7	71	22.9	32.4	12.91	1.1348	0.00	117	1	100.0	5
21/06/19	4:55 a	26.8	26.8	26.7	96	26.1	0.0	---	0.00	0.0	---	26.8	31.9	31.9	31.4	1010.5	0.00	0.0	0	0.00	0	0.0	0.00	0.0	0.000	0.029	28.7	71	22.9	32.4	12.91	1.1348	0.00	117	1	100.0	5
21/06/19	5:00 a	26.8	26.8	26.7	96	26.1	0.0	ESE	0.00	0.4	ESE	26.8	31.9	31.9	31.4	1010.6	0.00	0.0	0	0.00	0	0.0	0.00	0.0	0.000	0.029	28.7	71	22.9	32.4	12.91	1.1350	0.00	116	1	100.0	5
21/06/19	5:05 a	26.8	26.8	26.8	96	26.1	0.0	ESE	0.00	0.4	ESE	26.8	31.9	31.9	31.4	1010.7	0.00	0.0	0	0.00	0	0.0	0.00	0.0	0.000	0.029	28.7	71	22.9	32.4	12.91	1.1350	0.00	114	1	100.0	5
21/06/19	5:10 a	26.8	26.8	26.8	96	26.1	0.0	ESE	0.00	0.9	ESE	26.8	31.9	31.9	31.4	1010.6	0.00	0.0	0	0.00	0	0.0	0.00	0.0	0.000	0.029	28.7	72	23.1	32.6	13.25	1.1345	0.00	116	1	100.0	5
21/06/19	5:15 a	26.8	26.8	26.8	96	26.1	0.0	ESE	0.00	0.4	ESE	26.8	31.9	31.9	31.4	1010.7	0.00	0.0	0	0.00	0	0.0	0.00	0.0	0.000	0.029	28.7	72	23.1	32.6	13.25	1.1346	0.00	117	1	100.0	5
21/06/19	5:20 a	26.8	26.8	26.8	96	26.1	0.4	ESE	0.13	0.9	ESE	26.8	31.9	31.9	31.4	1010.8	0.00	0.0	0	0.00	0	0.0	0.00	0.0	0.000	0.029	28.7	72	23.1	32.6	13.25	1.1347	0.00	118	1	100.0	5
21/06/19	5:25 a	26.8	26.8	26.8	96	26.1	0.4	SE	0.13	1.3	SSE	26.8	31.9	31.9	31.4	1010.8	0.00	0.0	0	0.00	0	0.0	0.00	0.0	0.000	0.029	28.7	72	23.1	32.6	13.25	1.1347	0.00	117	1	100.0	5
21/06/19	5:30 a	26.7	26.8	26.7	96	26.0	0.4	SSE	0.13	0.9	SSE	26.7	31.7	31.7	31.2	1010.8	0.00	0.0	0	0.00	0	0.0	0.00	0.0	0.000	0.029	28.7	72	23.1	32.6	13.25	1.1347	0.00	117	1	100.0	5
21/06/19	5:35 a	26.7	26.8	26.7	96	26.0	0.0	SSE	0.00	0.9	SSE	26.7	31.7	31.7	31.2	1010.9	0.00	0.0	0	0.00	0	0.0	0.00	0.0	0.000	0.029	28.7	72	23.1	32.6	13.25	1.1349	0.00	115	1	100.0	5
21/06/19	5:40 a	26.7	26.8	26.7	96	26.0	0.4	SSE	0.13	1.3	ESE	26.7	31.6	31.6	31.1	1011.0	0.00	0.0	0	0.00	0	0.0	0.00	0.0	0.000	0.029	28.7	73	23.3	32.7	13.58	1.1345	0.00	115	1	100.0	5
21/06/19	5:45 a	26.7	26.7	26.7	96	26.0	0.4	SSE	0.13	1.8	SSE	26.7	31.6	31.6	31.1	1011.0	0.00	0.0	0	0.00	0	0.0	0.00	0.0	0.000	0.029	28.7	73	23.3	32.7	13.58	1.1345	0.00	114	1	100.0	5
21/06/19	5:50 a	26.7	26.7	26.6	96	26.0	0.4	SSE	0.13	1.3	SSE	26.7	31.6	31.6	31.1	1011.0	0.00	0.0	0	0.00	0	0.0	0.00	0.0	0.000	0.029	28.7	73	23.3	32.7	13.58	1.1345	0.00	116	1	100.0	5
21/06/19	5:55 a	26.7	26.7	26.7	96	26.0	0.0	SSE	0.00	0.4	SSE	26.7	31.7	31.7	31.2	1011.1	0.00	0.0	0	0.00	0	0.0	0.00	0.0	0.000	0.029	28.7	73	23.3	32.7	13.58	1.1346	0.00	117	1	100.0	5
21/06/19	6:00 a	26.7	26.7	26.7	96	26.0	0.4	SSE	0.13	1.3	SSE	26.7	31.6	31.6	31.1	1011.1	0.00	0.0	7	0.05	11	0.0	0.00	0.0	0.000	0.029	28.7	73	23.3	32.7	13.58	1.1346	0.00	117	1	100.0	5
21/06/19	6:05 a	26.7	26.7	26.6	96	26.0	0.4	SSE	0.13	1.3	SSE	26.7	31.6	31.6	31.3	1011.2	0.00	0.0	16	0.11	19	0.0	0.00	0.0	0.000	0.029	28.7	74	23.6	32.9	13.88	1.1343	0.00	117	1	100.0	5
21/06/19	6:10 a	26.7	26.7	26.7	96	26.0	0.4	SSE	0.13	1.3	ESE	26.7	31.6	31.6	31.4	1011.2	0.00	0.0	24	0.17	28	0.0	0.00	0.0	0.000	0.029	28.7	74	23.6	32.9	13.88	1.1343	0.00	115	1	100.0	5
21/06/19	6:15 a	26.7	26.7	26.7	96	26.0	0.4	ESE	0.13	1.3	ESE	26.7	31.6	31.6	31.5	1011.3	0.00	0.0	35	0.25	40	0.0	0.00	0.0	0.000	0.029	28.7	74	23.6	32.9	13.88	1.1344	0.00	114	1	100.0	5
21/06/19	6:20 a	26.7	26.8	26.7	95	25.9	0.4	E	0.13	0.9	E	26.7	31.6	31.6	31.7	1011.4	0.00	0.0	46	0.33	51	0.0	0.00	0.0	0.000	0.029	28.7	73	23.3	32.7	13.58	1.1350	0.00	115	1	100.0	5
21/06/19	6:25 a	26.8	26.8	26.7	96	26.1	0.0	E	0.00	0.9	E	26.8	32.0	32.0	32.3	1011.3	0.00	0.0	58	0.42	63	0.0	0.00	0.0	0.000	0.030	28.4	65	21.2	30.9	11.69	1.1397	0.00	109	1	95.6	5
21/06/19	6:30 a	26.9	26.9	26.8	96	26.2	0.4	E	0.13	0.9	E	26.9	32.2	32.2	32.7	1011.4	0.00	0.0	75	0.54	81	0.0	0.00	0.0	0.000	0.030	28.1	59	19.3	29.3	10.55	1.1445	0.00	107	1	93.9	5
21/06/19	6:35 a	27.1	27.1	26.9	95	26.2	0.4	E	0.13	0.9	E	27.1	32.5	32.5	33.2	1011.6	0.00	0.0	86	0.62	91	0.0	0.00	0.0	0.000	0.030	27.6	54	17.5	28.2	9.75	1.1492	0.00	109	1	95.6	5
21/06/19	6:40 a	27.0	27.0	26.9	95	26.1	0.4	E	0.13	0.9	E	27.0	32.3	32.3	33.2	1011.7	0.00	0.0	99	0.71	104	0.0	0.00	0.0	0.000	0.030	27.2	50	15.8	27.3	9.13	1.1534	0.00	109	1	95.6	5
21/06/19	6:45 a	27.1	27.1	27.0	95	26.2	0.0	ENE	0.00	0.9	ENE	27.1	32.5	32.5	33.4	1011.7	0.00	0.0	108	0.77	109	0.0	0.00	0.0	0.000	0.030	26.8	53	16.4	27.1	9.65	1.1541	0.00	107	1	93.9	5
21/06/19	6:50 a	27.2	27.2	27.1	95	26.3	0.4	ENE	0.13	0.9	ENE	27.2	32.8	32.8	34.2	1011.8	0.00	0.0	146	1.05	193	0.0	0.00	0.0	0.000	0.031	26.6	49	15.0	26.6	8.95	1.1569	0.00	108	1	94.7	5
21/06/19	6:55 a	27.2	27.2	27.2	94	26.2	0.0	ENE	0.00	0.4	ENE	27.2	32.7	32.7	34.3	1011.8	0.00	0.0	157	1.13	197	0.0	0.00	0.0	0.000	0.031	26.2	45	13.3	25.9	8.37	1.1602	0.00	110	1	96.5	5
21/06/19	7:00 a	27.2	27.3	27.2	94	26.2	0.0	ENE	0.00	0.4	ENE	27.2	32.7	32.7	33.9	1012.0	0.00	0.0	123	0.88	134	0.0	0.00	0.0	0.000	0.031	25.9	45	13.0	25.6	8.38	1.1621	0.05	111	1	97.4	5
21/06/19	7:05 a	27.3	27.3	27.2	94	26.2	0.0	---	0.00	0.0	---	27.3	32.9	32.9	34.0	1012.1	0.00	0.0	118	0.85	120	0.0	0.00	0.0	0.000	0.031	25.8	50	14.6	25.8	9.18	1.1608	0.00	111	1	97.4	5
21/06/19	7:10 a	27.4	27.4	27.3	93	26.2	0.0	ENE	0.00	0.4	ENE	27.4	33.0	33.0	34.1	1012.1	0.00	0.0	121	0.87	123	0.0	0.00	0.0	0.000	0.031	25.7	47	13.5	25.4	8.69	1.1625	0.00	113	1	99.1	5
21/06/19	7:15 a	27.4	27.4	27.3	93	26.2	0.0	ENE	0.00	0.4	ENE	27.4	33.0	33.0	34.0	1012.0	0.00	0.0	110	0.79	114	0.1	0.00	0.5	0.000	0.031	25.4	44	12.2	24.9	8.20	1.1649	0.00	108	1	94.7	5
21/06/19	7:20 a	27.6	27.6	27.3	93	26.3	0.0	SSE	0.00	0.9	SSE	27.6	33.5	33.5	34.4	1012.2	0.00	0.0	101	0.72	102	0.5	0.02	0.5	0.000	0.032	25.2	43	11.7	24.7	8.05	1.1665	0.00	110	1	96.5	5
21/06/19	7:25 a	27.7	27.7	27.6	93	26.4	0.0	SSE	0.00	0.9	SSE	27.7	33.8	33.8	34.8	1012.3	0.00	0.0	106	0.76	109	0.6	0.02	0.6	0.000	0.032	25.1	48	13.3	24.9	8.91	1.1654	0.00	107	1	93.9	5
21/06/19	7:30 a	27.6	27.7	27.6	93	26.4	0.4	SSE	0.13	0.9	SSE	27.6	33.7	33.7	34.7	1012.4	0.00	0.0	111	0.80	114	0.6	0.02	0.7	0.000	0.032	25.2	50	14.0	25.1	9.20	1.1642	0.00	113	1	99.1	5
21/06/19	7:35 a	27.7	27.7	27.6	93	26.4	0.0	SE	0.00	0.9	SSE	27.7	33.8	33.8	34.9	1012.3	0.00	0.0	120	0.86	123	0.8	0.03	0.8	0.000	0.032	25.1	47	13.0	24.8	8.71	1.1658	0.00	113	1	99.1	5
21/06/19	7:40 a	27.7	27.7	27.6	93	26.5	0.0	SE	0.00	0.9	SE	27.7	34.0	34.0	35.2	1012.2	0.00	0.0	126	0.90	127	0.8	0.03	0.9	0.000	0.033	24.9	46	12.5	24.7	8.51	1.1666	0.00	116	1	100.0	5
21/06/19	7:45 a	27.7	27.8	27.7	92	26.2	0.4	SE	0.13	1.3	SE	27.7	33.6	33.6	36.2	1012.2	0.00	0.0	129	0.92	132	0.9	0.03	0.9	0.000	0.032	24.7	48	13.0	24.6	8.92	1.1670	0.00	114	1	100.0	5
21/06/19	7:50 a	27.7	27.8	27.7	91	26.1	0.4	SSE	0.13	0.9	SSE	27.7	33.6	33.6	36.1	1012.3	0.00	0.0	133	0.95	134	1.0	0.04	1.0	0.000	0.033	24.8	53	14.5	24.8	9.65	1.1649	0.00	117	1	100.0	5
21/06/19	7:55 a	27.8	27.8	27.7	92	26.4	0.4	SSE	0.13	0.9	SSE	27.8	33.9	33.9	36.8	1012.3	0.00	0.0	136	0.97	137	1.1	0.04	1.1	0.000	0.033	24.8	50	13.7	24.8	9.22	1.1658	0.00	112	1	98.2	5
21/06/19	8:00 a	27.8	27.8	27.8	92	26.4	0.4	S	0.13	1.3	SSE	27.8	34.1	34.1	37.1	1012.3	0.00	0.0	139	1.00	139	1.2	0.04	1.2	0.000	0.033	24.7	47	12.6	24.5	8.72	1.1675	0.08	114	1	100.0	5
21/06/19	8:05 a	27.8	27.9	27.8	91	26.2	0.4	SSW	0.13	0.9	S	27.8	33.9	33.9	36.8	1012.3	0.00	0.0	134	0.96	139	1.2	0.04	1.3	0.000	0.033	24.6	44	11.5	24.2	8.23	1.1694	0.00	115	1	100.0	5
21/06/19	8:10 a	28.0	28.0	27.8	91	26.4	0.0	S	0.00	0.9	SSW	28.0	34.4	34.4	37.6	1012.2	0.00	0.0	148	1.06	156	1.4	0.05	1.5	0.000	0.034	24.4	48	12.7	24.3	8.93	1.1683	0.00	117	1	100.0	5
21/06/19	8:15 a	28.0	28.0	27.9	91	26.4	0.4	S	0.13	1.3	SSW	28.0	34.4	34.4	37.9	1012.4	0.00	0.0	167	1.20	171	1.6	0.06	1.6	0.000	0.034	24.6	52	14.0	24.6	9.53	1.1666	0.00	114	1	100.0	5
21/06/19	8:20 a	28.1	28.1	27.9	90	26.3	0.9	SSE	0.27	1.3	SSE	28.1	34.3	34.3	38.1	1012.4	0.00	0.0	184	1.32	200	1.7	0.06	1.8	0.000	0.034	24.6	50	13.5	24.6	9.22	1.1670	0.00	114	1	100.0	5
21/06/19	8:25 a	28.2	28.2	28.1	89	26.2	0.4	SW	0.13	1.3	S	28.2	34.6	34.6	38.9	1012.4	0.00	0.0	216	1.55	227	1.9	0.07	2.0	0.000	0.034	24.5	48	12.8	24.3	8.93	1.1683	0.00	115	1	100.0	5
21/06/19	8:30 a	28.4	28.4	28.2	88	26.3	0.9	SSW	0.27	1.8	SSE	28.4	35.1	35.1	40.2	1012.5	0.00	0.0	275	1.97	287	2.2	0.08	2.4	0.000	0.035	24.4	47	12.3	24.2	8.73	1.1693	0.00	111	1	97.4	5
21/06/19	8:35 a	28.4	28.5	28.4	87	26.1	0.9	SSE	0.27	1.3	SSE	28.4	34.9	34.9	40.3	1012.5	0.00	0.0	312	2.24	367	2.5	0.09	2.6	0.000	0.035	24.4	52	13.9	24.4	9.53	1.1675	0.00	110	1	96.5	5
21/06/19	8:40 a	28.7	28.7	28.4	87	26.3	0.4	ESE	0.13	0.9	S	28.7	35.6	35.6	41.1	1012.6	0.00	0.0	322	2.31	329	2.7	0.10	2.7	0.000	0.036	24.5	56	15.1	24.7	10.21	1.1656	0.00	110	1	96.5	5
21/06/19	8:45 a	28.8	28.8	28.7	86	26.2	0.4	ESE	0.13	1.3	SE	28.8	35.7	35.7	41.4	1012.7	0.00	0.0	338	2.42	381	2.8	0.10	2.9	0.000	0.036	24.8	59	16.2	25.0	10.69	1.1633	0.00	114	1	100.0	5
21/06/19	8:50 a	28.9	28.9	28.8	86	26.3	0.4	SE	0.13	2.2	SSE	28.9	36.0	36.0	41.9	1012.8	0.00	0.0	367	2.63	434	2.8	0.10	2.9	0.000	0.037	25.0	58	16.2	25.2	10.47	1.1626	0.00	112	1	98.2	5
21/06/19	8:55 a	29.0	29.1	28.9	86	26.4	0.4	SE	0.13	1.3	SSW	29.0	36.3	36.3	41.6	1012.9	0.00	0.0	311	2.23	332	2.8	0.10	2.9	0.000	0.037	25.1	61	17.1	25.5	11.01	1.1610	0.00	111	1	97.4	5
21/06/19	9:00 a	29.1	29.1	29.1	85	26.3	0.9	SSW	0.27	1.8	S	29.1	36.4	36.4	41.8	1013.0	0.00	0.0	325	2.33	341	2.9	0.10	2.9	0.000	0.037	25.2	60	16.9	25.6	10.85	1.1609	0.18	111	1	97.4	5
21/06/19	9:05 a	29.2	29.3	29.1	85	26.4	0.9	SSW	0.27	1.8	S	29.2	36.6	36.6	41.4	1013.1	0.00	0.0	290	2.08	364	2.9	0.10	3.0	0.000	0.038	25.3	63	17.8	25.9	11.40	1.1594	0.00	110	1	96.5	5
21/06/19	9:10 a	29.1	29.2	29.0	84	26.1	1.3	S	0.40	2.7	S	29.1	36.1	36.1	39.6	1013.3	0.00	0.0	211	1.51	216	2.6	0.09	2.6	0.000	0.037	25.4	61	17.3	25.8	11.00	1.1600	0.00	111	1	97.4	5
21/06/19	9:15 a	28.9	29.0	28.9	85	26.2	1.3	SSW	0.40	2.2	S	28.9	35.9	35.9	39.1	1013.4	0.00	0.0	188	1.35	204	2.3	0.08	2.4	0.000	0.037	25.5	62	17.7	26.0	11.19	1.1591	0.00	114	1	100.0	5
21/06/19	9:20 a	29.1	29.1	28.9	85	26.3	1.3	SSW	0.40	2.7	S	29.1	36.3	36.3	40.3	1013.3	0.00	0.0	249	1.78	285	2.7	0.10	3.0	0.000	0.037	25.5	62	17.7	26.0	11.19	1.1591	0.00	116	1	100.0	5
21/06/19	9:25 a	29.2	29.3	29.1	84	26.2	0.9	SW	0.27	3.1	SSE	29.2	36.6	36.6	41.6	1013.3	0.00	0.0	326	2.34	352	3.4	0.12	3.7	0.000	0.038	25.6	62	17.7	26.1	11.19	1.1588	0.00	116	1	100.0	5
21/06/19	9:30 a	29.6	29.6	29.2	84	26.6	1.3	SSE	0.40	3.1	SE	29.6	37.7	37.7	44.6	1013.3	0.00	0.0	567	4.06	621	4.8	0.17	5.5	0.000	0.039	25.6	63	18.0	26.2	11.39	1.1581	0.00	115	1	100.0	5
21/06/19	9:35 a	30.1	30.2	29.6	81	26.5	1.3	S	0.40	2.7	S	30.1	38.4	38.4	47.8	1013.3	0.00	0.0	778	5.58	796	5.8	0.21	6.3	0.000	0.041	25.7	61	17.6	26.2	10.98	1.1583	0.00	116	1	100.0	5
21/06/19	9:40 a	29.9	30.1	29.9	82	26.5	1.8	SSW	0.54	3.1	SW	29.9	38.2	38.2	44.8	1013.2	0.00	0.0	524	3.76	573	5.1	0.18	5.4	0.000	0.040	25.7	63	18.1	26.4	11.38	1.1574	0.00	111	1	97.4	5
21/06/19	9:45 a	29.8	30.1	29.8	82	26.4	1.3	SSW	0.40	2.7	SW	29.8	37.8	37.8	44.2	1013.1	0.00	0.0	495	3.55	531	4.7	0.17	5.3	0.000	0.040	25.7	60	17.4	26.2	10.82	1.1584	0.00	112	1	98.2	5
21/06/19	9:50 a	29.8	29.8	29.7	82	26.4	0.9	S	0.27	3.1	SSE	29.8	37.7	37.7	42.3	1013.2	0.00	0.0	334	2.39	367	3.7	0.13	3.9	0.000	0.040	25.7	57	16.5	25.9	10.22	1.1600	0.00	108	1	94.7	5
21/06/19	9:55 a	30.0	30.0	29.8	83	26.8	0.9	SSE	0.27	2.2	SSW	30.0	38.6	38.6	44.3	1013.3	0.00	0.0	431	3.09	561	4.6	0.16	5.6	0.000	0.041	25.5	55	15.8	25.7	9.93	1.1617	0.00	114	1	100.0	5
21/06/19	10:00 a	30.7	30.7	30.0	81	27.0	0.9	SSW	0.27	2.2	S	30.7	40.2	40.2	47.2	1013.1	0.00	0.0	683	4.90	763	6.5	0.23	7.0	0.000	0.043	25.4	53	15.1	25.4	9.65	1.1628	0.28	112	1	98.2	5
21/06/19	10:05 a	30.8	30.9	30.7	80	26.9	0.9	SE	0.27	2.2	SE	30.8	40.2	40.2	46.9	1013.0	0.00	0.0	672	4.82	765	7.2	0.26	8.0	0.000	0.043	25.3	55	15.6	25.4	9.95	1.1625	0.00	114	1	100.0	5
21/06/19	10:10 a	30.3	30.8	30.3	81	26.7	0.9	WSW	0.27	2.2	SSW	30.3	38.9	38.9	44.8	1013.0	0.00	0.0	476	3.41	524	5.8	0.21	6.1	0.000	0.041	25.2	53	15.0	25.3	9.65	1.1635	0.00	113	1	99.1	5
21/06/19	10:15 a	30.3	30.3	30.2	81	26.7	0.4	WSW	0.13	1.8	WSW	30.3	38.9	38.9	45.1	1012.8	0.00	0.0	521	3.73	563	6.1	0.22	6.5	0.000	0.041	25.2	53	14.9	25.2	9.65	1.1636	0.00	111	1	97.4	5
21/06/19	10:20 a	30.3	30.4	30.3	80	26.4	0.9	SSW	0.27	1.8	SSW	30.3	38.6	38.6	43.1	1012.8	0.00	0.0	354	2.54	360	5.1	0.18	5.2	0.000	0.041	25.1	53	14.9	25.2	9.65	1.1639	0.00	111	1	97.4	5
21/06/19	10:25 a	30.1	30.3	30.1	81	26.5	0.4	WSW	0.13	1.8	SW	30.1	38.4	38.4	42.8	1012.7	0.00	0.0	346	2.48	360	4.5	0.16	4.8	0.000	0.041	25.1	51	14.2	25.1	9.35	1.1648	0.00	110	1	96.5	5
21/06/19	10:30 a	30.2	30.3	30.1	81	26.6	0.4	WSW	0.13	1.3	SW	30.2	38.7	38.7	42.9	1012.7	0.00	0.0	328	2.35	348	4.5	0.16	4.7	0.000	0.041	25.1	54	15.1	25.2	9.81	1.1636	0.00	110	1	96.5	5
21/06/19	10:35 a	30.6	30.6	30.3	80	26.7	0.9	W	0.27	1.8	W	30.6	39.4	39.4	43.5	1012.7	0.00	0.0	319	2.29	323	6.2	0.22	7.9	0.000	0.042	25.0	51	14.2	25.0	9.35	1.1650	0.00	108	1	94.7	5
21/06/19	10:40 a	30.3	30.6	30.3	80	26.5	0.9	S	0.27	2.7	W	30.3	38.8	38.8	43.0	1012.7	0.00	0.0	338	2.42	343	4.6	0.16	4.7	0.000	0.042	25.0	53	14.8	25.1	9.65	1.1643	0.00	108	1	94.7	5
21/06/19	10:45 a	30.6	30.6	30.3	80	26.7	0.0	S	0.00	1.3	S	30.6	39.4	39.4	44.0	1012.6	0.00	0.0	368	2.64	441	5.6	0.20	6.9	0.000	0.042	24.9	50	13.8	24.9	9.21	1.1655	0.00	113	1	99.1	5
21/06/19	10:50 a	31.2	31.2	30.6	78	26.9	0.9	SSW	0.27	2.2	SSW	31.2	40.9	40.9	48.3	1012.5	0.00	0.0	891	6.39	895	9.6	0.34	10.0	0.000	0.045	24.9	52	14.4	24.9	9.51	1.1647	0.00	114	1	100.0	5
21/06/19	10:55 a	31.1	31.3	30.9	80	27.2	0.9	S	0.27	2.7	W	31.1	41.1	41.1	47.5	1012.4	0.00	0.0	587	4.21	875	8.1	0.29	10.0	0.000	0.044	24.9	49	13.5	24.8	9.01	1.1657	0.00	113	1	99.1	5
21/06/19	11:00 a	31.6	31.6	31.1	78	27.2	1.3	S	0.40	2.2	SW	31.6	42.0	42.0	49.3	1012.4	0.00	0.0	913	6.54	939	10.3	0.37	10.4	0.000	0.046	24.9	53	14.7	25.0	9.65	1.1643	0.36	110	1	96.5	5
21/06/19	11:05 a	31.6	31.6	31.4	78	27.2	1.3	SSW	0.40	3.1	S	31.6	42.0	42.0	48.8	1012.4	0.00	0.0	863	6.19	902	9.9	0.35	10.3	0.000	0.046	25.0	53	14.8	25.1	9.65	1.1640	0.00	107	1	93.9	5
21/06/19	11:10 a	31.1	31.6	31.1	78	26.8	1.3	SSW	0.40	4.0	SSW	31.1	40.4	40.4	46.3	1012.5	0.00	0.0	533	3.82	547	7.6	0.27	8.3	0.000	0.044	25.0	54	15.0	25.1	9.81	1.1637	0.00	111	1	97.4	5
21/06/19	11:15 a	31.1	31.2	31.1	78	26.8	1.3	W	0.40	2.7	W	31.1	40.6	40.6	45.8	1012.4	0.00	0.0	451	3.23	598	7.3	0.26	9.0	0.000	0.044	25.0	54	15.0	25.1	9.81	1.1636	0.00	110	1	96.5	5
21/06/19	11:20 a	31.3	31.3	31.1	78	27.0	1.3	SSW	0.40	2.7	SSW	31.3	41.3	41.3	47.7	1012.4	0.00	0.0	602	4.31	997	9.1	0.33	11.5	0.000	0.045	24.9	53	14.7	25.0	9.65	1.1643	0.00	117	1	100.0	5
21/06/19	11:25 a	31.4	31.6	31.3	76	26.6	1.3	SW	0.40	3.1	SW	31.4	40.7	40.7	47.6	1012.5	0.00	0.0	701	5.02	773	9.4	0.34	10.2	0.000	0.045	25.1	56	15.7	25.2	10.17	1.1627	0.00	114	1	100.0	5
21/06/19	11:30 a	32.0	32.0	31.4	75	27.0	0.9	SW	0.27	1.8	SSW	32.0	42.3	42.3	49.3	1012.5	0.00	0.0	833	5.97	954	10.6	0.38	11.7	0.000	0.047	25.1	54	15.1	25.2	9.81	1.1634	0.00	111	1	97.4	5
21/06/19	11:35 a	32.2	32.2	32.0	75	27.2	1.3	SSW	0.40	2.7	W	32.2	42.8	42.8	49.5	1012.4	0.00	0.0	939	6.73	1021	10.6	0.38	12.2	0.000	0.048	25.0	52	14.5	25.0	9.51	1.1644	0.00	109	1	95.6	5
21/06/19	11:40 a	32.3	32.3	32.2	74	27.0	1.3	SSW	0.40	2.7	SSW	32.3	42.8	42.8	49.5	1012.4	0.00	0.0	888	6.36	909	11.2	0.40	11.7	0.000	0.048	24.9	53	14.7	25.0	9.65	1.1642	0.00	110	1	96.5	5
21/06/19	11:45 a	32.1	32.3	31.9	76	27.3	1.3	WSW	0.40	4.5	WSW	32.1	42.9	42.9	49.9	1012.4	0.00	0.0	865	6.20	926	11.1	0.40	11.1	0.000	0.048	25.0	52	14.5	25.0	9.51	1.1643	0.00	111	1	97.4	5
21/06/19	11:50 a	32.1	32.2	32.1	75	27.1	1.3	WSW	0.40	3.1	SSW	32.1	42.7	42.7	49.1	1012.4	0.00	0.0	948	6.79	977	11.5	0.41	11.8	0.000	0.048	25.0	52	14.5	25.0	9.51	1.1643	0.00	112	1	98.2	5
21/06/19	11:55 a	32.1	32.1	31.8	76	27.3	1.3	SSW	0.40	3.1	WNW	32.1	43.1	43.1	49.7	1012.3	0.00	0.0	636	4.56	997	9.4	0.34	11.4	0.000	0.048	25.0	51	14.2	25.0	9.35	1.1645	0.00	113	1	99.1	5
21/06/19	12:00 p	32.4	32.5	32.2	74	27.2	1.3	WSW	0.40	3.6	WSW	32.4	43.3	43.3	50.0	1012.3	0.00	0.0	994	7.12	998	11.0	0.39	11.6	0.000	0.049	24.9	51	14.1	24.9	9.35	1.1648	0.53	116	1	100.0	5
21/06/19	12:05 p	32.6	32.6	32.4	74	27.3	1.8	WSW	0.54	3.6	SSW	32.6	43.7	43.7	50.1	1012.2	0.00	0.0	959	6.87	963	11.6	0.41	11.6	0.000	0.049	25.0	50	13.9	24.9	9.21	1.1649	0.00	115	1	100.0	5
21/06/19	12:10 p	32.6	32.8	32.6	74	27.4	2.2	WSW	0.67	4.5	WNW	32.6	43.9	43.9	50.4	1012.2	0.00	0.0	1001	7.17	1027	11.8	0.42	12.0	0.000	0.050	25.0	50	13.9	24.9	9.21	1.1648	0.00	116	1	100.0	5
21/06/19	12:15 p	32.8	32.9	32.6	71	26.9	1.3	W	0.40	4.0	WNW	32.8	43.4	43.4	49.7	1012.2	0.00	0.0	976	7.00	990	11.8	0.42	11.8	0.000	0.050	25.0	50	13.9	24.9	9.21	1.1648	0.00	113	1	99.1	5
21/06/19	12:20 p	32.7	32.8	32.6	73	27.2	0.9	W	0.27	2.7	W	32.7	43.9	43.9	50.8	1012.1	0.00	0.0	676	4.85	937	10.3	0.37	12.1	0.000	0.050	25.0	50	13.9	24.9	9.21	1.1647	0.00	109	1	95.6	5
21/06/19	12:25 p	32.9	33.2	32.7	72	27.2	0.9	W	0.27	2.7	WNW	32.9	44.2	44.2	51.1	1012.0	0.00	0.0	685	4.91	1144	9.3	0.33	12.1	0.000	0.051	25.1	50	13.9	25.0	9.21	1.1643	0.00	111	1	97.4	5
21/06/19	12:30 p	32.3	32.9	32.2	72	26.6	1.8	WNW	0.54	4.0	NNW	32.3	42.2	42.2	46.8	1012.0	0.00	0.0	384	2.75	439	6.6	0.24	7.1	0.000	0.049	25.1	48	13.3	24.9	8.91	1.1650	0.00	110	1	96.5	5
21/06/19	12:35 p	32.3	32.3	32.3	73	26.8	1.8	NW	0.54	4.5	WNW	32.3	42.4	42.4	47.7	1011.9	0.00	0.0	453	3.25	468	7.5	0.27	7.9	0.000	0.048	25.1	51	14.2	25.1	9.35	1.1638	0.00	111	1	97.4	5
21/06/19	12:40 p	32.1	32.3	32.0	75	27.1	1.3	WNW	0.40	2.7	W	32.1	42.7	42.7	48.7	1011.9	0.00	0.0	547	3.92	613	7.8	0.28	8.7	0.000	0.048	25.1	49	13.6	24.9	9.01	1.1646	0.00	113	1	99.1	5
21/06/19	12:45 p	32.3	32.3	32.1	75	27.3	1.3	W	0.40	4.0	NW	32.3	43.2	43.2	48.7	1011.9	0.00	0.0	487	3.49	568	7.8	0.28	10.2	0.000	0.048	25.1	50	13.9	25.0	9.21	1.1642	0.00	116	1	100.0	5
21/06/19	12:50 p	32.4	32.4	32.3	74	27.2	2.2	W	0.67	4.0	W	32.4	43.2	43.2	50.0	1011.8	0.00	0.0	1114	7.98	1127	10.8	0.39	12.0	0.000	0.049	25.1	49	13.6	25.0	9.01	1.1642	0.00	112	1	98.2	5
21/06/19	12:55 p	32.6	32.6	32.4	73	27.1	2.2	W	0.67	4.5	SW	32.6	43.5	43.5	50.2	1011.7	0.00	0.0	1094	7.84	1109	11.8	0.42	12.0	0.000	0.050	25.1	48	13.3	24.9	8.91	1.1647	0.00	111	1	97.4	5
21/06/19	1:00 p	33.2	33.2	32.6	71	27.2	1.8	W	0.54	3.6	WNW	33.2	44.4	44.4	51.1	1011.6	0.00	0.0	1093	7.83	1114	11.7	0.42	11.8	0.000	0.052	25.2	50	14.0	25.1	9.20	1.1633	0.56	112	1	98.2	5
21/06/19	1:05 p	33.0	33.2	32.9	72	27.3	2.2	W	0.67	5.4	WNW	33.0	44.3	44.3	50.4	1011.4	0.00	0.0	1005	7.20	1069	11.1	0.40	11.5	0.000	0.051	25.2	48	13.4	25.0	8.90	1.1639	0.00	111	1	97.4	5
21/06/19	1:10 p	32.7	33.0	32.7	72	27.0	2.2	W	0.67	4.5	W	32.7	43.3	43.3	50.4	1011.4	0.00	0.0	900	6.45	937	10.2	0.36	10.8	0.000	0.050	25.1	50	14.0	25.1	9.21	1.1633	0.00	112	1	98.2	5
21/06/19	1:15 p	33.1	33.1	32.7	71	27.1	1.8	WNW	0.54	4.0	W	33.1	44.1	44.1	51.3	1011.3	0.00	0.0	891	6.39	988	10.4	0.37	11.1	0.000	0.051	25.2	48	13.4	25.0	8.90	1.1637	0.00	115	1	100.0	5
21/06/19	1:20 p	32.9	33.1	32.9	73	27.4	1.8	WNW	0.54	4.0	W	32.9	44.4	44.4	50.7	1011.1	0.00	0.0	580	4.16	1041	8.2	0.29	11.0	0.000	0.051	25.2	48	13.4	25.0	8.90	1.1634	0.00	112	1	98.2	5
21/06/19	1:25 p	32.7	32.9	32.7	72	27.0	1.8	WNW	0.54	4.0	NW	32.7	43.3	43.3	48.1	1011.0	0.00	0.0	408	2.92	436	7.3	0.26	8.1	0.000	0.050	25.1	47	13.0	24.9	8.71	1.1640	0.00	112	1	98.2	5
21/06/19	1:30 p	32.5	32.7	32.5	73	27.0	1.8	NW	0.54	3.6	WNW	32.5	43.2	43.2	47.9	1011.0	0.00	0.0	404	2.90	492	7.1	0.25	9.9	0.000	0.049	25.2	50	14.0	25.1	9.20	1.1626	0.00	113	1	99.1	5
21/06/19	1:35 p	32.7	32.7	32.6	73	27.2	2.2	NNW	0.67	5.4	NNW	32.7	43.9	43.9	50.1	1010.8	0.00	0.0	566	4.06	879	8.5	0.30	10.1	0.000	0.050	25.2	49	13.7	25.1	9.00	1.1628	0.00	113	1	99.1	5
21/06/19	1:40 p	32.9	32.9	32.7	73	27.4	2.7	NNW	0.80	4.5	NNW	32.9	44.4	44.4	51.7	1010.8	0.00	0.0	866	6.21	912	9.4	0.34	10.0	0.000	0.051	25.2	48	13.4	25.0	8.90	1.1631	0.00	115	1	100.0	5
21/06/19	1:45 p	33.0	33.0	32.9	72	27.3	1.8	NNW	0.54	4.5	NNW	33.0	44.3	44.3	51.6	1010.8	0.00	0.0	770	5.52	770	8.6	0.31	9.6	0.000	0.051	25.2	50	14.1	25.2	9.20	1.1620	0.00	110	1	96.5	5
21/06/19	1:50 p	33.3	33.3	32.9	71	27.3	2.2	N	0.67	4.5	N	33.3	44.8	44.8	52.1	1010.8	0.00	0.0	859	6.16	896	9.3	0.33	9.4	0.000	0.052	25.2	47	13.1	25.0	8.70	1.1632	0.00	116	1	100.0	5
21/06/19	1:55 p	33.1	33.3	33.1	71	27.1	1.8	NW	0.54	4.0	WNW	33.1	44.3	44.3	51.4	1010.8	0.00	0.0	888	6.36	888	8.4	0.30	9.4	0.000	0.051	25.2	50	14.1	25.2	9.20	1.1621	0.00	115	1	100.0	5
21/06/19	2:00 p	33.3	33.3	33.0	70	27.1	1.3	WNW	0.40	3.6	WNW	33.3	44.5	44.5	51.8	1010.9	0.00	0.0	847	6.07	891	8.3	0.30	9.2	0.000	0.052	25.2	47	13.1	25.0	8.70	1.1633	0.53	116	1	100.0	5
21/06/19	2:05 p	33.7	33.7	33.3	71	27.7	1.3	NNW	0.40	3.6	NNW	33.7	46.3	46.3	53.5	1010.8	0.00	0.0	866	6.21	874	8.8	0.31	8.9	0.000	0.053	25.2	49	13.7	25.1	9.00	1.1624	0.00	115	1	100.0	5
21/06/19	2:10 p	32.9	33.7	32.9	72	27.2	1.3	N	0.40	4.0	N	32.9	44.2	44.2	51.4	1010.9	0.00	0.0	863	6.19	879	8.6	0.31	8.8	0.000	0.051	25.2	47	13.1	25.0	8.70	1.1634	0.00	111	1	97.4	5
21/06/19	2:15 p	33.0	33.1	32.9	71	27.0	1.3	NNE	0.40	3.6	NNE	33.0	43.9	43.9	49.7	1010.9	0.00	0.0	527	3.78	527	7.2	0.26	8.1	0.000	0.051	25.2	46	12.8	24.9	8.50	1.1637	0.00	112	1	98.2	5
21/06/19	2:20 p	32.8	33.0	32.7	73	27.4	1.8	WNW	0.54	4.5	N	32.8	44.2	44.2	49.3	1010.8	0.00	0.0	437	3.13	527	6.1	0.22	7.6	0.000	0.050	25.2	50	14.1	25.2	9.20	1.1620	0.00	108	1	94.7	5
21/06/19	2:25 p	33.1	33.1	32.8	72	27.3	1.3	NNW	0.40	3.6	NW	33.1	44.6	44.6	50.6	1010.8	0.00	0.0	542	3.88	798	6.7	0.24	7.6	0.000	0.051	25.2	49	13.7	25.1	9.00	1.1625	0.00	113	1	99.1	5
21/06/19	2:30 p	33.2	33.3	33.1	72	27.4	1.8	WNW	0.54	3.6	WNW	33.2	44.9	44.9	52.1	1010.7	0.00	0.0	770	5.52	798	7.3	0.26	7.5	0.000	0.052	25.2	46	12.8	24.9	8.50	1.1635	0.00	113	1	99.1	5
21/06/19	2:35 p	33.1	33.2	33.1	72	27.4	1.8	NW	0.54	3.6	NW	33.1	44.7	44.7	51.9	1010.7	0.00	0.0	766	5.49	777	7.3	0.26	7.4	0.000	0.051	25.2	49	13.7	25.1	9.00	1.1623	0.00	112	1	98.2	5
21/06/19	2:40 p	33.3	33.3	33.2	72	27.6	2.2	NNW	0.67	3.6	NNW	33.3	45.4	45.4	52.6	1010.6	0.00	0.0	753	5.40	759	6.8	0.24	7.1	0.000	0.052	25.3	47	13.2	25.1	8.70	1.1626	0.00	113	1	99.1	5
21/06/19	2:45 p	33.4	33.6	33.3	71	27.5	1.3	NNW	0.40	4.5	NW	33.4	45.3	45.3	52.3	1010.4	0.00	0.0	717	5.14	729	6.6	0.24	6.7	0.000	0.052	25.3	49	13.8	25.2	9.00	1.1617	0.00	113	1	99.1	5
21/06/19	2:50 p	33.4	33.6	33.3	71	27.5	1.8	NW	0.54	3.1	WSW	33.4	45.3	45.3	52.2	1010.2	0.00	0.0	688	4.93	705	6.3	0.23	6.5	0.000	0.052	25.3	46	12.9	25.1	8.50	1.1623	0.00	115	1	100.0	5
21/06/19	2:55 p	33.1	33.4	32.9	72	27.3	1.8	NW	0.54	3.6	WNW	33.1	44.6	44.6	51.3	1010.1	0.00	0.0	650	4.66	663	5.9	0.21	6.0	0.000	0.051	25.3	49	13.8	25.2	9.00	1.1610	0.00	111	1	97.4	5
21/06/19	3:00 p	33.2	33.2	33.1	73	27.7	2.2	NNW	0.67	4.0	NE	33.2	45.3	45.3	52.0	1010.0	0.00	0.0	638	4.57	649	5.7	0.20	5.8	0.000	0.052	25.4	46	13.0	25.2	8.49	1.1615	0.51	104	1	91.2	5
21/06/19	3:05 p	33.1	33.3	33.1	73	27.6	1.8	NNW	0.54	3.6	N	33.1	45.2	45.2	51.7	1010.0	0.00	0.0	609	4.37	612	5.3	0.19	5.4	0.000	0.051	25.4	48	13.6	25.2	8.90	1.1610	0.00	107	1	93.9	5
21/06/19	3:10 p	32.9	33.1	32.9	72	27.2	2.2	NNW	0.67	5.4	NNE	32.9	44.0	44.0	50.0	1009.7	0.00	0.0	540	3.87	571	4.9	0.17	5.1	0.000	0.051	25.4	46	13.0	25.2	8.49	1.1611	0.00	110	1	96.5	5
21/06/19	3:15 p	33.1	33.1	32.8	73	27.6	1.8	NW	0.54	3.6	N	33.1	45.2	45.2	51.7	1009.5	0.00	0.0	615	4.41	622	4.9	0.17	5.0	0.000	0.051	25.4	48	13.6	25.3	8.89	1.1602	0.00	112	1	98.2	5
21/06/19	3:20 p	33.0	33.2	32.9	74	27.7	1.8	NNW	0.54	4.0	N	33.0	45.2	45.2	51.7	1009.5	0.00	0.0	598	4.29	621	4.8	0.17	4.9	0.000	0.051	25.5	46	13.0	25.2	8.49	1.1606	0.00	108	1	94.7	5
21/06/19	3:25 p	32.9	33.1	32.9	74	27.7	1.8	NNW	0.54	4.0	NW	32.9	45.1	45.1	51.2	1009.4	0.00	0.0	548	3.93	563	4.4	0.16	4.5	0.000	0.051	25.4	48	13.6	25.3	8.89	1.1600	0.00	114	1	100.0	5
21/06/19	3:30 p	32.9	33.1	32.9	73	27.5	1.3	NNW	0.40	3.6	NW	32.9	44.6	44.6	50.7	1009.4	0.00	0.0	530	3.80	545	4.1	0.15	4.2	0.000	0.051	25.6	49	14.1	25.5	8.99	1.1592	0.00	112	1	98.2	5
21/06/19	3:35 p	32.9	33.0	32.9	72	27.2	2.2	NW	0.67	4.5	NNW	32.9	44.2	44.2	49.9	1009.5	0.00	0.0	494	3.54	520	3.8	0.14	3.9	0.000	0.051	25.6	48	13.7	25.4	8.89	1.1596	0.00	114	1	100.0	5
21/06/19	3:40 p	32.8	32.9	32.8	73	27.3	2.2	NW	0.67	5.4	NNW	32.8	44.1	44.1	50.2	1009.4	0.00	0.0	532	3.81	540	3.8	0.14	3.8	0.000	0.050	25.5	49	14.0	25.4	8.99	1.1594	0.00	111	1	97.4	5
21/06/19	3:45 p	32.9	32.9	32.8	73	27.4	1.8	NNW	0.54	4.0	N	32.9	44.4	44.4	50.5	1009.4	0.00	0.0	524	3.76	536	3.6	0.13	3.7	0.000	0.051	25.5	49	14.0	25.4	8.99	1.1594	0.00	110	1	96.5	5
21/06/19	3:50 p	32.8	32.9	32.8	74	27.6	2.2	NW	0.67	4.0	N	32.8	44.7	44.7	50.7	1009.2	0.00	0.0	507	3.63	513	3.4	0.12	3.4	0.000	0.050	25.4	52	14.9	25.5	9.49	1.1583	0.00	112	1	98.2	5
21/06/19	3:55 p	33.1	33.1	32.8	74	27.8	2.2	NW	0.67	4.5	NNW	33.1	45.4	45.4	51.4	1009.2	0.00	0.0	489	3.50	504	3.1	0.11	3.3	0.000	0.051	25.6	51	14.7	25.6	9.35	1.1581	0.00	112	1	98.2	5
21/06/19	4:00 p	32.7	33.0	32.7	75	27.7	2.7	NNE	0.80	5.4	NW	32.7	44.7	44.7	50.4	1009.0	0.00	0.0	460	3.30	466	2.9	0.10	3.0	0.000	0.050	25.5	48	13.7	25.3	8.89	1.1594	0.41	114	1	100.0	5
21/06/19	4:05 p	32.7	32.7	32.6	76	27.9	1.8	NNW	0.54	4.0	WNW	32.7	44.9	44.9	50.5	1009.0	0.00	0.0	436	3.13	454	2.6	0.09	2.7	0.000	0.050	25.4	50	14.3	25.4	9.19	1.1589	0.00	112	1	98.2	5
21/06/19	4:10 p	32.5	32.7	32.4	76	27.7	2.2	NW	0.67	5.4	NNE	32.5	44.4	44.4	49.7	1009.1	0.00	0.0	409	2.93	424	2.4	0.09	2.5	0.000	0.049	25.5	48	13.7	25.3	8.89	1.1594	0.00	116	1	100.0	5
21/06/19	4:15 p	32.4	32.6	32.4	75	27.4	2.2	NW	0.67	4.5	N	32.4	43.8	43.8	48.8	1009.0	0.00	0.0	376	2.70	392	2.2	0.08	2.2	0.000	0.049	25.4	48	13.6	25.3	8.89	1.1596	0.00	113	1	99.1	5
21/06/19	4:20 p	32.1	32.4	32.1	77	27.6	2.7	NW	0.80	4.9	WNW	32.1	43.4	43.4	46.8	1009.1	0.00	0.0	240	1.72	301	1.8	0.06	1.9	0.000	0.048	25.5	48	13.7	25.3	8.89	1.1594	0.00	110	1	96.5	5
21/06/19	4:25 p	31.8	32.1	31.8	80	28.0	1.8	NW	0.54	4.5	NW	31.8	43.7	43.7	46.9	1009.2	0.00	0.0	222	1.59	272	1.5	0.05	1.6	0.000	0.047	25.5	47	13.4	25.3	8.69	1.1600	0.00	113	1	99.1	5
21/06/19	4:30 p	31.9	32.0	31.8	79	27.8	1.8	NW	0.54	4.0	NNW	31.9	43.7	43.7	48.0	1009.1	0.00	0.0	298	2.14	323	1.5	0.05	1.6	0.000	0.047	25.6	47	13.4	25.3	8.69	1.1595	0.00	111	1	97.4	5
21/06/19	4:35 p	31.8	31.9	31.8	80	28.0	1.8	NW	0.54	4.0	NW	31.8	43.7	43.7	47.4	1009.1	0.00	0.0	255	1.83	292	1.3	0.05	1.4	0.000	0.047	25.5	48	13.7	25.3	8.89	1.1595	0.00	115	1	100.0	5
21/06/19	4:40 p	31.7	31.9	31.7	80	27.8	2.2	NW	0.67	4.0	NW	31.7	43.1	43.1	45.6	1009.2	0.00	0.0	164	1.18	221	1.1	0.04	1.2	0.000	0.046	25.5	47	13.4	25.3	8.69	1.1599	0.00	110	1	96.5	5
21/06/19	4:45 p	31.4	31.6	31.3	81	27.7	1.8	NW	0.54	3.6	NW	31.4	42.6	42.6	44.8	1009.5	0.00	0.0	150	1.08	169	1.0	0.04	1.0	0.000	0.045	25.5	49	14.0	25.4	8.99	1.1596	0.00	115	1	100.0	5
21/06/19	4:50 p	31.4	31.4	31.3	82	27.9	1.8	NW	0.54	3.6	N	31.4	42.9	42.9	45.9	1009.5	0.00	0.0	190	1.36	199	0.9	0.03	0.9	0.000	0.045	25.5	46	13.0	25.2	8.49	1.1607	0.00	116	1	100.0	5
21/06/19	4:55 p	31.4	31.4	31.4	81	27.7	1.8	NW	0.54	4.5	NW	31.4	42.6	42.6	45.2	1009.6	0.00	0.0	169	1.21	179	0.8	0.03	0.8	0.000	0.045	25.5	49	14.0	25.4	8.99	1.1597	0.00	115	1	100.0	5
21/06/19	5:00 p	31.3	31.4	31.3	82	27.9	2.2	NW	0.67	4.9	WNW	31.3	42.7	42.7	44.8	1009.8	0.00	0.0	135	0.97	160	0.7	0.03	0.7	0.000	0.045	25.5	46	13.0	25.2	8.49	1.1611	0.20	113	1	99.1	5
21/06/19	5:05 p	31.2	31.3	31.2	82	27.7	1.8	NW	0.54	4.9	N	31.2	42.2	42.2	43.7	1009.9	0.00	0.0	103	0.74	111	0.6	0.02	0.6	0.000	0.045	25.4	48	13.6	25.3	8.89	1.1607	0.00	112	1	98.2	5
21/06/19	5:10 p	31.0	31.2	31.0	82	27.6	1.8	NNW	0.54	4.0	N	31.0	41.6	41.6	43.1	1009.7	0.00	0.0	93	0.67	97	0.5	0.02	0.6	0.000	0.044	25.4	46	12.9	25.1	8.50	1.1614	0.00	109	1	95.6	5
21/06/19	5:15 p	31.0	31.0	30.9	82	27.6	1.8	NW	0.54	4.0	NNW	31.0	41.6	41.6	42.9	1009.6	0.00	0.0	84	0.60	90	0.3	0.01	0.5	0.000	0.044	25.4	48	13.6	25.3	8.89	1.1603	0.00	113	1	99.1	5
21/06/19	5:20 p	30.9	31.0	30.9	83	27.7	1.8	NW	0.54	4.0	NW	30.9	41.6	41.6	42.6	1009.9	0.00	0.0	70	0.50	74	0.0	0.00	0.0	0.000	0.044	25.4	48	13.6	25.2	8.90	1.1609	0.00	116	1	100.0	5
21/06/19	5:25 p	30.8	30.9	30.8	83	27.6	1.8	NNW	0.54	4.0	NNW	30.8	41.2	41.2	41.7	1010.1	0.00	0.0	39	0.28	49	0.0	0.00	0.0	0.000	0.043	25.4	48	13.6	25.3	8.89	1.1609	0.00	114	1	100.0	5
21/06/19	5:30 p	30.7	30.8	30.7	83	27.4	2.2	NNW	0.67	4.0	NNE	30.7	40.8	40.8	41.1	1010.0	0.00	0.0	28	0.20	30	0.0	0.00	0.0	0.000	0.043	25.4	49	13.9	25.3	9.00	1.1607	0.00	115	1	100.0	5
21/06/19	5:35 p	30.6	30.7	30.6	84	27.5	2.2	NNW	0.67	4.9	NNW	30.6	40.8	40.8	41.1	1009.8	0.00	0.0	32	0.23	33	0.0	0.00	0.0	0.000	0.042	25.4	47	13.3	25.2	8.70	1.1612	0.00	113	1	99.1	5
21/06/19	5:40 p	30.5	30.6	30.4	85	27.7	2.2	NNW	0.67	4.0	NNW	30.5	40.9	40.9	41.3	1009.9	0.00	0.0	30	0.22	32	0.0	0.00	0.0	0.000	0.042	25.3	50	14.2	25.3	9.20	1.1605	0.00	112	1	98.2	5
21/06/19	5:45 p	30.4	30.5	30.4	85	27.6	1.8	NNW	0.54	3.6	NNW	30.4	40.7	40.7	40.8	1009.9	0.00	0.0	20	0.14	23	0.0	0.00	0.0	0.000	0.042	25.3	47	13.2	25.1	8.70	1.1618	0.00	106	1	93.0	5
21/06/19	5:50 p	30.4	30.4	30.4	85	27.6	1.8	NW	0.54	5.4	ENE	30.4	40.6	40.6	40.6	1010.2	0.00	0.0	16	0.11	18	0.0	0.00	0.0	0.000	0.042	25.2	50	14.1	25.2	9.20	1.1614	0.00	113	1	99.1	5
21/06/19	5:55 p	30.3	30.4	30.3	85	27.5	2.7	NNW	0.80	5.4	NNE	30.3	40.3	40.3	40.2	1010.3	0.00	0.0	10	0.07	11	0.0	0.00	0.0	0.000	0.042	25.2	49	13.7	25.1	9.00	1.1622	0.00	110	1	96.5	5
21/06/19	6:00 p	30.3	30.3	30.3	85	27.5	2.2	N	0.67	4.9	NNW	30.3	40.2	40.2	40.1	1010.2	0.00	0.0	9	0.06	9	0.0	0.00	0.0	0.000	0.041	25.2	50	14.0	25.1	9.20	1.1616	0.05	113	1	99.1	5
21/06/19	6:05 p	30.3	30.3	30.3	85	27.5	1.8	NNW	0.54	4.0	NNW	30.3	40.2	40.2	40.0	1010.2	0.00	0.0	7	0.05	9	0.0	0.00	0.0	0.000	0.041	25.1	51	14.3	25.1	9.35	1.1615	0.00	112	1	98.2	5
21/06/19	6:10 p	30.3	30.3	30.2	85	27.5	2.2	NNW	0.67	5.8	NW	30.3	40.2	40.2	40.0	1010.2	0.00	0.0	7	0.05	7	0.0	0.00	0.0	0.000	0.041	25.1	49	13.6	25.0	9.01	1.1623	0.00	115	1	100.0	5
21/06/19	6:15 p	30.2	30.3	30.2	85	27.4	2.2	NNW	0.67	5.8	NW	30.2	40.0	40.0	39.8	1010.2	0.00	0.0	5	0.04	7	0.0	0.00	0.0	0.000	0.041	25.1	52	14.5	25.1	9.51	1.1615	0.00	111	1	97.4	5
21/06/19	6:20 p	30.2	30.2	30.2	86	27.6	2.2	N	0.67	4.0	NNE	30.2	40.1	40.1	39.8	1010.4	0.00	0.0	0	0.00	0	0.0	0.00	0.0	0.000	0.041	25.0	50	13.9	24.9	9.21	1.1627	0.00	110	1	96.5	5
21/06/19	6:25 p	30.0	30.2	30.0	85	27.2	3.6	NNE	1.07	8.5	NNE	29.9	39.2	39.1	38.7	1010.5	0.00	0.0	0	0.00	0	0.0	0.00	0.0	0.000	0.041	25.1	52	14.5	25.1	9.51	1.1618	0.00	114	1	100.0	5
21/06/19	6:30 p	29.8	30.0	29.8	83	26.6	4.0	NNE	1.21	8.5	NNE	29.5	37.9	37.7	37.3	1010.8	0.00	0.0	0	0.00	0	0.0	0.00	0.0	0.000	0.040	25.1	52	14.5	25.1	9.51	1.1621	0.00	112	1	98.2	5
21/06/19	6:35 p	29.1	29.8	29.1	83	25.9	3.1	NNE	0.94	7.2	N	29.1	35.8	35.8	35.4	1010.6	0.00	0.0	0	0.00	0	0.0	0.00	0.0	0.000	0.037	25.0	51	14.2	25.0	9.35	1.1625	0.00	113	1	99.1	5
21/06/19	6:40 p	27.8	29.1	27.8	87	25.5	3.1	NNE	0.94	6.3	NE	27.8	33.2	33.2	32.7	1010.6	0.60	13.2	0	0.00	0	0.0	0.00	0.0	0.000	0.033	25.0	53	14.8	25.1	9.65	1.1618	0.00	117	1	100.0	5
21/06/19	6:45 p	27.1	27.8	27.1	89	25.1	2.7	NNE	0.80	5.4	NNE	27.1	31.4	31.4	30.8	1010.9	0.20	8.4	0	0.00	0	0.0	0.00	0.0	0.000	0.030	24.9	50	13.8	24.8	9.21	1.1639	0.00	115	1	100.0	5
21/06/19	6:50 p	26.7	27.0	26.7	90	24.9	1.8	NNE	0.54	3.6	NE	26.7	30.6	30.6	30.0	1011.3	0.00	2.0	0	0.00	0	0.0	0.00	0.0	0.000	0.029	24.9	52	14.4	24.9	9.51	1.1636	0.00	115	1	100.0	5
21/06/19	6:55 p	26.5	26.6	26.5	90	24.7	2.2	NE	0.67	4.5	N	26.5	30.2	30.2	29.6	1011.4	0.00	1.0	0	0.00	0	0.0	0.00	0.0	0.000	0.028	24.8	52	14.3	24.8	9.52	1.1640	0.00	114	1	100.0	5
21/06/19	7:00 p	26.6	26.6	26.5	89	24.6	1.8	NE	0.54	3.6	NNE	26.6	30.2	30.2	29.7	1011.4	0.00	0.8	0	0.00	0	0.0	0.00	0.0	0.000	0.029	24.8	50	13.7	24.8	9.22	1.1648	0.03	117	1	100.0	5
21/06/19	7:05 p	26.7	26.7	26.6	88	24.5	1.8	NE	0.54	3.1	NNE	26.7	30.3	30.3	29.8	1011.8	0.00	0.0	0	0.00	0	0.0	0.00	0.0	0.000	0.029	24.8	53	14.6	24.9	9.65	1.1641	0.00	116	1	100.0	5
21/06/19	7:10 p	26.7	26.7	26.6	89	24.7	1.3	NNE	0.40	2.7	N	26.7	30.4	30.4	29.9	1011.8	0.00	0.0	0	0.00	0	0.0	0.00	0.0	0.000	0.029	24.8	50	13.6	24.7	9.22	1.1654	0.00	116	1	100.0	5
21/06/19	7:15 p	26.8	26.8	26.7	90	25.0	1.8	NNE	0.54	3.1	NE	26.8	30.8	30.8	30.3	1011.7	0.00	0.0	0	0.00	0	0.0	0.00	0.0	0.000	0.029	24.8	52	14.3	24.8	9.52	1.1646	0.00	116	1	100.0	5
21/06/19	7:20 p	26.9	26.9	26.8	92	25.5	1.8	NE	0.54	4.0	NNE	26.9	31.4	31.4	30.9	1012.0	0.00	0.0	0	0.00	0	0.0	0.00	0.0	0.000	0.030	24.7	52	14.2	24.7	9.52	1.1653	0.00	116	1	100.0	5
21/06/19	7:25 p	26.9	27.0	26.9	91	25.3	0.9	E	0.27	1.8	ENE	26.9	31.4	31.4	30.9	1012.1	0.00	0.0	0	0.00	0	0.0	0.00	0.0	0.000	0.030	24.8	52	14.3	24.8	9.52	1.1650	0.00	113	1	99.1	5
21/06/19	7:30 p	26.7	26.9	26.7	92	25.3	0.4	NE	0.13	1.3	E	26.7	31.1	31.1	30.5	1011.9	0.00	0.0	0	0.00	0	0.0	0.00	0.0	0.000	0.029	24.8	53	14.6	24.9	9.65	1.1642	0.00	107	1	93.9	5
21/06/19	7:35 p	26.6	26.7	26.6	92	25.2	0.4	NNE	0.13	0.9	NE	26.6	30.8	30.8	30.2	1011.5	0.00	0.0	0	0.00	0	0.0	0.00	0.0	0.000	0.029	25.1	53	14.8	25.1	9.65	1.1626	0.00	114	1	100.0	5
21/06/19	7:40 p	26.7	26.7	26.6	93	25.4	0.9	ENE	0.27	1.8	E	26.7	31.1	31.1	30.5	1011.4	0.00	0.0	0	0.00	0	0.0	0.00	0.0	0.000	0.029	25.3	53	15.0	25.3	9.65	1.1613	0.00	113	1	99.1	5
21/06/19	7:45 p	26.8	26.8	26.7	94	25.7	0.9	ESE	0.27	1.8	SSE	26.8	31.5	31.5	31.0	1011.9	0.00	0.0	0	0.00	0	0.0	0.00	0.0	0.000	0.029	25.5	53	15.2	25.6	9.65	1.1608	0.00	111	1	97.4	5
21/06/19	7:50 p	26.8	26.8	26.8	92	25.4	1.3	SSE	0.40	2.7	SSE	26.8	31.3	31.3	30.8	1012.3	0.00	0.0	0	0.00	0	0.0	0.00	0.0	0.000	0.030	25.7	53	15.4	25.8	9.65	1.1601	0.00	113	1	99.1	5
21/06/19	7:55 p	26.6	26.8	26.6	93	25.4	1.3	S	0.40	2.7	S	26.6	30.9	30.9	30.4	1012.1	0.00	0.0	0	0.00	0	0.0	0.00	0.0	0.000	0.029	25.9	53	15.6	26.1	9.65	1.1590	0.00	112	1	98.2	5
21/06/19	8:00 p	26.6	26.7	26.6	93	25.4	0.0	SE	0.00	0.9	SE	26.6	30.9	30.9	30.4	1011.9	0.00	0.0	0	0.00	0	0.0	0.00	0.0	0.000	0.029	26.1	53	15.7	26.2	9.65	1.1579	0.03	109	1	95.6	5
21/06/19	8:05 p	26.8	26.8	26.6	93	25.6	0.4	SSE	0.13	1.3	SSE	26.8	31.3	31.3	30.8	1012.2	0.00	0.0	0	0.00	0	0.0	0.00	0.0	0.000	0.029	26.2	53	15.9	26.4	9.65	1.1574	0.00	109	1	95.6	5
21/06/19	8:10 p	26.9	26.9	26.8	93	25.7	0.9	SSE	0.27	1.3	SSE	26.9	31.7	31.7	31.2	1012.7	0.00	0.0	0	0.00	0	0.0	0.00	0.0	0.000	0.030	26.4	53	16.0	26.6	9.65	1.1572	0.00	110	1	96.5	5
21/06/19	8:15 p	26.9	26.9	26.8	92	25.5	1.3	ESE	0.40	2.7	ESE	26.9	31.4	31.4	30.9	1013.0	0.00	0.0	0	0.00	0	0.0	0.00	0.0	0.000	0.030	26.6	53	16.2	26.8	9.65	1.1567	0.00	113	1	99.1	5
21/06/19	8:20 p	27.1	27.1	26.9	92	25.6	0.9	ESE	0.27	1.8	E	27.1	31.9	31.9	31.4	1013.1	0.00	0.0	0	0.00	0	0.0	0.00	0.0	0.000	0.030	26.7	53	16.3	26.9	9.65	1.1563	0.00	114	1	100.0	5
21/06/19	8:25 p	27.1	27.1	27.0	92	25.6	1.3	SE	0.40	2.7	SSE	27.1	31.9	31.9	31.4	1013.2	0.00	0.0	0	0.00	0	0.0	0.00	0.0	0.000	0.030	26.8	53	16.4	27.1	9.65	1.1558	0.00	116	1	100.0	5
21/06/19	8:30 p	27.1	27.1	27.1	91	25.5	0.9	SSE	0.27	2.2	SSE	27.1	31.7	31.7	31.2	1013.0	0.00	0.0	0	0.00	0	0.0	0.00	0.0	0.000	0.030	26.9	53	16.5	27.2	9.64	1.1551	0.00	117	1	100.0	5
21/06/19	8:35 p	27.2	27.2	27.1	91	25.6	0.9	SE	0.27	2.2	SSE	27.2	32.0	32.0	31.5	1012.6	0.00	0.0	0	0.00	0	0.0	0.00	0.0	0.000	0.031	27.0	54	16.9	27.4	9.75	1.1535	0.00	111	1	97.4	5
21/06/19	8:40 p	27.2	27.2	27.2	92	25.8	0.9	ESE	0.27	2.2	ESE	27.2	32.3	32.3	31.8	1012.5	0.00	0.0	0	0.00	0	0.0	0.00	0.0	0.000	0.031	27.1	54	16.9	27.5	9.75	1.1531	0.00	111	1	97.4	5
21/06/19	8:45 p	27.3	27.3	27.2	92	25.9	1.8	ESE	0.54	3.1	ESE	27.3	32.5	32.5	32.0	1012.5	0.00	0.0	0	0.00	0	0.0	0.00	0.0	0.000	0.031	27.2	54	17.1	27.6	9.75	1.1525	0.00	112	1	98.2	5
21/06/19	8:50 p	27.2	27.3	27.2	93	26.0	0.9	ESE	0.27	2.2	SE	27.2	32.6	32.6	32.1	1012.5	0.00	0.0	0	0.00	0	0.0	0.00	0.0	0.000	0.031	27.2	54	17.1	27.7	9.75	1.1523	0.00	111	1	97.4	5
21/06/19	8:55 p	27.2	27.2	27.1	93	25.9	0.9	SSE	0.27	2.7	SSE	27.2	32.4	32.4	31.9	1013.0	0.20	0.0	0	0.00	0	0.0	0.00	0.0	0.000	0.031	27.3	55	17.5	27.9	9.85	1.1519	0.00	111	1	97.4	5
21/06/19	9:00 p	27.1	27.2	27.1	94	26.0	1.3	S	0.40	3.1	SSW	27.1	32.3	32.3	31.8	1013.5	0.00	0.0	0	0.00	0	0.0	0.00	0.0	0.000	0.030	27.4	55	17.5	28.0	9.85	1.1522	0.00	112	1	98.2	5
21/06/19	9:05 p	26.9	27.1	26.9	94	25.9	1.8	S	0.54	4.0	S	26.9	32.0	32.0	31.5	1013.5	0.00	0.0	0	0.00	0	0.0	0.00	0.0	0.000	0.030	27.4	55	17.6	28.1	9.85	1.1519	0.00	113	1	99.1	5
21/06/19	9:10 p	26.8	26.9	26.8	94	25.7	1.8	SE	0.54	3.6	SSE	26.8	31.5	31.5	31.0	1013.6	0.20	0.8	0	0.00	0	0.0	0.00	0.0	0.000	0.029	27.5	55	17.7	28.2	9.85	1.1517	0.00	112	1	98.2	5
21/06/19	9:15 p	26.6	26.8	26.6	94	25.6	1.8	SSE	0.54	4.9	SE	26.6	31.1	31.1	30.6	1013.6	0.20	1.4	0	0.00	0	0.0	0.00	0.0	0.000	0.029	27.6	56	18.0	28.3	10.05	1.1510	0.00	109	1	95.6	5
21/06/19	9:20 p	26.6	26.6	26.6	95	25.7	1.8	SE	0.54	4.0	SSE	26.6	31.1	31.1	30.6	1013.6	0.00	1.4	0	0.00	0	0.0	0.00	0.0	0.000	0.029	27.6	56	18.0	28.4	10.05	1.1507	0.00	114	1	100.0	5
21/06/19	9:25 p	26.5	26.6	26.5	95	25.6	1.3	SSE	0.40	3.1	SE	26.5	30.9	30.9	30.4	1013.9	0.00	1.2	0	0.00	0	0.0	0.00	0.0	0.000	0.028	27.7	56	18.1	28.4	10.05	1.1507	0.00	116	1	100.0	5
21/06/19	9:30 p	26.4	26.6	26.4	95	25.6	0.9	S	0.27	3.1	SSE	26.4	30.8	30.8	30.3	1013.8	0.00	0.8	0	0.00	0	0.0	0.00	0.0	0.000	0.028	27.7	57	18.4	28.6	10.19	1.1499	0.00	111	1	97.4	5
21/06/19	9:35 p	26.3	26.4	26.3	94	25.3	1.8	SSE	0.54	4.0	SE	26.3	30.4	30.4	29.8	1013.6	0.20	0.8	0	0.00	0	0.0	0.00	0.0	0.000	0.028	27.8	57	18.5	28.7	10.19	1.1494	0.00	116	1	100.0	5
21/06/19	9:40 p	26.3	26.3	26.3	94	25.2	1.3	SSE	0.40	3.6	SSE	26.3	30.2	30.2	29.7	1013.5	0.00	0.0	0	0.00	0	0.0	0.00	0.0	0.000	0.028	27.8	57	18.5	28.7	10.19	1.1493	0.00	114	1	100.0	5
21/06/19	9:45 p	26.2	26.3	26.2	94	25.1	1.3	SSE	0.40	3.6	SE	26.2	29.9	29.9	29.4	1013.8	0.20	1.2	0	0.00	0	0.0	0.00	0.0	0.000	0.027	27.8	57	18.5	28.8	10.19	1.1493	0.00	117	1	100.0	5
21/06/19	9:50 p	26.1	26.2	26.1	93	24.9	1.8	S	0.54	3.6	SSE	26.1	29.7	29.7	29.1	1014.3	0.20	2.6	0	0.00	0	0.0	0.00	0.0	0.000	0.027	27.8	58	18.8	28.9	10.35	1.1495	0.00	114	1	100.0	5
21/06/19	9:55 p	26.1	26.1	26.1	93	24.9	1.3	SSE	0.40	3.1	SE	26.1	29.7	29.7	29.1	1014.3	0.20	3.2	0	0.00	0	0.0	0.00	0.0	0.000	0.027	27.9	58	18.9	29.0	10.35	1.1492	0.00	116	1	100.0	5
21/06/19	10:00 p	26.1	26.1	26.1	93	24.8	1.3	SSE	0.40	3.1	ESE	26.1	29.6	29.6	29.0	1014.0	0.40	4.0	0	0.00	0	0.0	0.00	0.0	0.000	0.027	27.9	58	18.9	29.1	10.35	1.1486	0.00	116	1	100.0	5
21/06/19	10:05 p	26.1	26.1	26.1	94	25.0	0.9	S	0.27	2.2	SSE	26.1	29.7	29.7	29.1	1013.8	0.00	2.0	0	0.00	0	0.0	0.00	0.0	0.000	0.027	27.9	59	19.2	29.2	10.55	1.1478	0.00	117	1	100.0	5
21/06/19	10:10 p	26.1	26.1	26.1	93	24.8	0.4	SW	0.13	1.3	S	26.1	29.6	29.6	29.0	1013.8	0.20	2.0	0	0.00	0	0.0	0.00	0.0	0.000	0.027	27.9	59	19.2	29.2	10.55	1.1478	0.00	117	1	100.0	5
21/06/19	10:15 p	26.1	26.2	26.1	93	24.9	0.4	NE	0.13	1.8	NE	26.1	29.7	29.7	29.1	1014.1	0.20	2.0	0	0.00	0	0.0	0.00	0.0	0.000	0.027	28.0	59	19.2	29.3	10.55	1.1479	0.00	117	1	100.0	5
21/06/19	10:20 p	26.0	26.2	26.0	94	25.0	0.9	NE	0.27	1.3	NNE	26.0	29.6	29.6	29.0	1014.0	0.00	1.4	0	0.00	0	0.0	0.00	0.0	0.000	0.027	28.1	60	19.6	29.4	10.75	1.1471	0.00	115	1	100.0	5
21/06/19	10:25 p	26.0	26.1	26.0	94	25.0	0.0	NNE	0.00	0.9	NE	26.0	29.6	29.6	29.0	1013.6	0.20	1.4	0	0.00	0	0.0	0.00	0.0	0.000	0.027	28.1	60	19.6	29.4	10.75	1.1466	0.00	113	1	99.1	5
21/06/19	10:30 p	26.0	26.0	25.9	95	25.1	0.4	W	0.13	1.3	W	26.0	29.7	29.7	29.1	1013.4	0.20	2.4	0	0.00	0	0.0	0.00	0.0	0.000	0.027	28.1	60	19.6	29.4	10.75	1.1465	0.00	115	1	100.0	5
21/06/19	10:35 p	26.1	26.1	26.0	95	25.2	0.4	WNW	0.13	1.3	WNW	26.1	29.8	29.8	29.3	1014.0	0.20	2.4	0	0.00	0	0.0	0.00	0.0	0.000	0.027	28.1	61	19.8	29.6	10.95	1.1467	0.00	117	1	100.0	5
21/06/19	10:40 p	26.1	26.1	26.1	95	25.2	0.0	---	0.00	0.0	---	26.1	29.8	29.8	29.3	1014.4	0.00	2.0	0	0.00	0	0.0	0.00	0.0	0.000	0.027	28.1	61	19.9	29.7	10.95	1.1468	0.00	117	1	100.0	5
21/06/19	10:45 p	26.1	26.2	26.1	95	25.2	0.4	NW	0.13	1.3	WNW	26.1	29.9	29.9	29.4	1014.7	0.20	2.0	0	0.00	0	0.0	0.00	0.0	0.000	0.027	28.2	61	19.9	29.8	10.95	1.1468	0.00	117	1	100.0	5
21/06/19	10:50 p	26.1	26.1	26.1	95	25.2	0.4	NNW	0.13	0.9	NW	26.1	29.9	29.9	29.4	1014.8	0.40	4.0	0	0.00	0	0.0	0.00	0.0	0.000	0.027	28.2	62	20.2	29.9	11.10	1.1466	0.00	118	1	100.0	5
21/06/19	10:55 p	26.2	26.2	26.1	95	25.3	0.4	WNW	0.13	0.9	NW	26.2	30.1	30.1	29.6	1014.5	0.20	4.0	0	0.00	0	0.0	0.00	0.0	0.000	0.027	28.2	62	20.2	30.0	11.09	1.1459	0.00	116	1	100.0	5
21/06/19	11:00 p	26.1	26.2	26.0	96	25.4	0.9	WNW	0.27	1.8	W	26.1	29.9	29.9	29.4	1013.9	0.40	3.0	0	0.00	0	0.0	0.00	0.0	0.000	0.027	28.2	62	20.2	29.9	11.10	1.1455	0.00	114	1	100.0	5
21/06/19	11:05 p	26.1	26.1	26.1	95	25.2	0.4	SW	0.13	1.3	W	26.1	29.8	29.8	29.3	1013.7	0.00	2.4	0	0.00	0	0.0	0.00	0.0	0.000	0.027	28.2	63	20.5	30.2	11.29	1.1446	0.00	116	1	100.0	5
21/06/19	11:10 p	26.1	26.1	26.1	95	25.2	0.4	SE	0.13	0.9	SW	26.1	29.8	29.8	29.3	1013.5	0.20	2.4	0	0.00	0	0.0	0.00	0.0	0.000	0.027	28.2	63	20.5	30.2	11.29	1.1443	0.00	117	1	100.0	5
21/06/19	11:15 p	26.1	26.1	26.0	95	25.2	0.0	SE	0.00	0.4	SE	26.1	29.8	29.8	29.3	1013.8	0.20	2.0	0	0.00	0	0.0	0.00	0.0	0.000	0.027	28.2	63	20.5	30.2	11.29	1.1446	0.00	116	1	100.0	5
21/06/19	11:20 p	26.0	26.1	25.9	95	25.1	0.4	SE	0.13	0.9	SE	26.0	29.7	29.7	29.1	1013.9	0.20	2.2	0	0.00	0	0.0	0.00	0.0	0.000	0.027	28.3	64	20.8	30.4	11.49	1.1440	0.00	117	1	100.0	5
21/06/19	11:25 p	26.0	26.0	25.9	95	25.1	0.4	W	0.13	0.9	W	26.0	29.7	29.7	29.1	1013.9	0.00	2.2	0	0.00	0	0.0	0.00	0.0	0.000	0.027	28.3	64	20.8	30.4	11.49	1.1440	0.00	116	1	100.0	5
21/06/19	11:30 p	26.1	26.1	26.0	95	25.2	0.4	WNW	0.13	1.8	WSW	26.1	29.9	29.9	29.4	1013.8	0.20	2.2	0	0.00	0	0.0	0.00	0.0	0.000	0.027	28.3	64	20.8	30.4	11.49	1.1439	0.00	114	1	100.0	5
21/06/19	11:35 p	26.2	26.2	26.1	95	25.3	1.3	NW	0.40	1.8	NW	26.2	30.1	30.1	29.6	1013.7	0.20	1.8	0	0.00	0	0.0	0.00	0.0	0.000	0.027	28.3	64	20.9	30.5	11.49	1.1434	0.00	111	1	97.4	5
21/06/19	11:40 p	26.2	26.2	26.2	95	25.3	1.3	NW	0.40	2.7	WNW	26.2	30.1	30.1	29.6	1013.5	0.00	1.6	0	0.00	0	0.0	0.00	0.0	0.000	0.027	28.3	65	21.1	30.7	11.69	1.1429	0.00	112	1	98.2	5
21/06/19	11:45 p	26.2	26.2	26.2	95	25.4	0.9	NW	0.27	2.2	NW	26.2	30.2	30.2	29.7	1013.3	0.20	1.6	0	0.00	0	0.0	0.00	0.0	0.000	0.027	28.3	65	21.1	30.6	11.69	1.1429	0.00	110	1	96.5	5
21/06/19	11:50 p	26.3	26.3	26.2	95	25.4	0.4	WNW	0.13	1.8	WNW	26.3	30.4	30.4	29.8	1013.0	0.00	1.2	0	0.00	0	0.0	0.00	0.0	0.000	0.028	28.3	65	21.1	30.7	11.69	1.1422	0.00	111	1	97.4	5
21/06/19	11:55 p	26.2	26.3	26.2	95	25.4	0.0	NW	0.00	0.9	NW	26.2	30.2	30.2	29.7	1013.0	0.00	1.0	0	0.00	0	0.0	0.00	0.0	0.000	0.027	28.3	66	21.4	30.8	11.89	1.1418	0.00	112	1	98.2	5
