		Temp	Hi	Low	Out	Dew	Wind	Wind	Wind	Hi	Hi	Wind	Heat	THW	THSW			Rain	Solar	Solar	Hi Solar	UV 	UV 	Hi 	Heat	Cool	In 	In	In 	In 	In 	In Air		Wind	Wind	ISS 	Arc.
Date	Time	Out	Temp	Temp	Hum	Pt.	Speed	Dir	Run	Speed	Dir	Chill	Index	Index	Index	Bar  	Rain	Rate	Rad.	Energy	Rad. 	Index	Dose	UV 	D-D 	D-D 	Temp	Hum	Dew	Heat	EMC	Density	ET 	Samp	Tx 	Recept	Int.
28/10/19	12:00 a	25.9	25.9	25.9	96	25.3	0.0	E	0.00	0.4	E	25.9	29.7	29.7	29.2	1010.2	0.00	0.0	0	0.00	0	0.0	0.00	0.0	0.000	0.026	28.4	72	22.9	32.1	13.25	1.1353	0.00	103	1	90.4	5
28/10/19	12:05 a	25.9	25.9	25.8	96	25.2	0.4	E	0.13	0.9	E	25.9	29.6	29.6	29.0	1010.1	0.00	0.0	0	0.00	0	0.0	0.00	0.0	0.000	0.026	28.4	72	22.9	32.1	13.25	1.1351	0.00	101	1	88.6	5
28/10/19	12:10 a	25.8	25.9	25.8	96	25.1	0.4	E	0.13	0.9	E	25.8	29.4	29.4	28.9	1010.1	0.00	0.0	0	0.00	0	0.0	0.00	0.0	0.000	0.026	28.4	72	22.9	32.1	13.25	1.1351	0.00	101	1	88.6	5
28/10/19	12:15 a	25.8	25.9	25.8	96	25.1	0.9	E	0.27	1.3	E	25.8	29.4	29.4	28.9	1010.0	0.00	0.0	0	0.00	0	0.0	0.00	0.0	0.000	0.026	28.4	72	22.9	32.1	13.25	1.1350	0.00	107	1	93.9	5
28/10/19	12:20 a	25.8	25.8	25.8	96	25.1	0.4	E	0.13	0.9	E	25.8	29.3	29.3	28.8	1010.0	0.00	0.0	0	0.00	0	0.0	0.00	0.0	0.000	0.026	28.4	72	22.9	32.1	13.25	1.1351	0.00	105	1	92.1	5
28/10/19	12:25 a	25.8	25.8	25.7	96	25.1	0.4	E	0.13	0.9	E	25.8	29.3	29.3	28.8	1009.9	0.00	0.0	0	0.00	0	0.0	0.00	0.0	0.000	0.026	28.4	72	22.9	31.9	13.25	1.1352	0.00	109	1	95.6	5
28/10/19	12:30 a	25.7	25.7	25.7	96	25.0	0.4	E	0.13	0.9	E	25.7	29.2	29.2	28.6	1009.9	0.00	0.0	0	0.00	0	0.0	0.00	0.0	0.000	0.026	28.4	72	22.9	31.9	13.25	1.1352	0.00	108	1	94.7	5
28/10/19	12:35 a	25.7	25.7	25.7	96	25.0	0.4	E	0.13	0.9	E	25.7	29.1	29.1	28.5	1009.8	0.00	0.0	0	0.00	0	0.0	0.00	0.0	0.000	0.025	28.4	72	22.9	31.9	13.25	1.1351	0.00	108	1	94.7	5
28/10/19	12:40 a	25.7	25.7	25.7	97	25.2	0.4	E	0.13	1.3	E	25.7	29.2	29.2	28.6	1009.8	0.00	0.0	0	0.00	0	0.0	0.00	0.0	0.000	0.025	28.4	72	22.9	31.9	13.25	1.1351	0.00	104	1	91.2	5
28/10/19	12:45 a	25.7	25.7	25.6	97	25.2	0.9	ENE	0.27	1.8	E	25.7	29.2	29.2	28.6	1009.8	0.00	0.0	0	0.00	0	0.0	0.00	0.0	0.000	0.025	28.4	72	22.9	31.9	13.25	1.1351	0.00	107	1	93.9	5
28/10/19	12:50 a	25.7	25.7	25.6	97	25.2	0.9	ENE	0.27	1.8	ENE	25.7	29.2	29.2	28.6	1009.7	0.00	0.0	0	0.00	0	0.0	0.00	0.0	0.000	0.025	28.4	72	22.9	31.9	13.25	1.1349	0.00	108	1	94.7	5
28/10/19	12:55 a	25.7	25.7	25.7	97	25.2	0.4	ENE	0.13	1.8	E	25.7	29.2	29.2	28.6	1009.6	0.00	0.0	0	0.00	0	0.0	0.00	0.0	0.000	0.025	28.3	72	22.8	31.8	13.25	1.1352	0.00	107	1	93.9	5
28/10/19	1:00 a	25.8	25.8	25.7	97	25.3	0.9	ENE	0.27	1.8	ENE	25.8	29.4	29.4	28.9	1009.7	0.00	0.0	0	0.00	0	0.0	0.00	0.0	0.000	0.026	28.3	72	22.8	31.8	13.25	1.1353	0.00	107	1	93.9	5
28/10/19	1:05 a	25.9	25.9	25.8	97	25.4	0.9	ENE	0.27	2.2	ENE	25.9	29.7	29.7	29.2	1009.6	0.00	0.0	0	0.00	0	0.0	0.00	0.0	0.000	0.026	28.3	72	22.8	31.8	13.25	1.1352	0.00	109	1	95.6	5
28/10/19	1:10 a	26.1	26.1	25.9	96	25.4	0.9	ENE	0.27	1.8	ENE	26.1	29.9	29.9	29.4	1009.5	0.00	0.0	0	0.00	0	0.0	0.00	0.0	0.000	0.027	28.3	72	22.8	31.8	13.25	1.1351	0.00	107	1	93.9	5
28/10/19	1:15 a	26.1	26.2	26.0	96	25.4	0.9	ENE	0.27	1.8	ENE	26.1	30.1	30.1	29.6	1009.5	0.00	0.0	0	0.00	0	0.0	0.00	0.0	0.000	0.027	28.3	72	22.8	31.8	13.25	1.1350	0.00	109	1	95.6	5
28/10/19	1:20 a	26.2	26.2	26.1	96	25.5	0.4	ENE	0.13	1.3	ENE	26.2	30.2	30.2	29.7	1009.3	0.00	0.0	0	0.00	0	0.0	0.00	0.0	0.000	0.027	28.3	72	22.7	31.7	13.25	1.1352	0.00	108	1	94.7	5
28/10/19	1:25 a	26.2	26.2	26.2	96	25.5	0.4	ENE	0.13	1.3	ENE	26.2	30.4	30.4	29.8	1009.2	0.00	0.0	0	0.00	0	0.0	0.00	0.0	0.000	0.027	28.3	72	22.7	31.7	13.25	1.1350	0.00	106	1	93.0	5
28/10/19	1:30 a	26.2	26.2	26.2	96	25.5	0.4	E	0.13	1.3	ENE	26.2	30.2	30.2	29.7	1009.2	0.00	0.0	0	0.00	0	0.0	0.00	0.0	0.000	0.027	28.2	72	22.7	31.6	13.25	1.1353	0.00	107	1	93.9	5
28/10/19	1:35 a	26.2	26.2	26.2	96	25.5	0.4	E	0.13	0.9	E	26.2	30.2	30.2	29.7	1009.0	0.00	0.0	0	0.00	0	0.0	0.00	0.0	0.000	0.027	28.2	72	22.7	31.6	13.25	1.1351	0.00	108	1	94.7	5
28/10/19	1:40 a	26.1	26.2	26.1	96	25.4	0.4	E	0.13	0.9	E	26.1	30.1	30.1	29.6	1008.9	0.00	0.0	0	0.00	0	0.0	0.00	0.0	0.000	0.027	28.2	72	22.7	31.6	13.25	1.1351	0.00	111	1	97.4	5
28/10/19	1:45 a	26.1	26.2	26.1	96	25.4	0.4	E	0.13	1.3	E	26.1	29.9	29.9	29.4	1008.9	0.00	0.0	0	0.00	0	0.0	0.00	0.0	0.000	0.027	28.2	72	22.7	31.6	13.25	1.1350	0.00	107	1	93.9	5
28/10/19	1:50 a	26.0	26.1	26.0	96	25.3	0.4	E	0.13	1.3	ENE	26.0	29.8	29.8	29.3	1008.9	0.00	0.0	0	0.00	0	0.0	0.00	0.0	0.000	0.027	28.2	72	22.7	31.6	13.25	1.1350	0.00	104	1	91.2	5
28/10/19	1:55 a	25.9	26.0	25.9	96	25.2	0.4	ENE	0.13	0.9	ENE	25.9	29.6	29.6	29.0	1008.8	0.00	0.0	0	0.00	0	0.0	0.00	0.0	0.000	0.026	28.2	72	22.7	31.6	13.25	1.1349	0.00	108	1	94.7	5
28/10/19	2:00 a	25.8	25.9	25.8	96	25.1	0.4	ENE	0.13	0.9	ENE	25.8	29.3	29.3	28.8	1008.8	0.00	0.0	0	0.00	0	0.0	0.00	0.0	0.000	0.026	28.2	72	22.6	31.5	13.25	1.1352	0.00	112	1	98.2	5
28/10/19	2:05 a	25.7	25.8	25.7	96	25.0	0.4	ENE	0.13	0.9	ENE	25.7	29.2	29.2	28.6	1008.8	0.00	0.0	0	0.00	0	0.0	0.00	0.0	0.000	0.026	28.2	72	22.7	31.6	13.25	1.1349	0.00	110	1	96.5	5
28/10/19	2:10 a	25.7	25.7	25.6	97	25.2	0.4	ENE	0.13	0.9	ENE	25.7	29.2	29.2	28.6	1008.8	0.00	0.0	0	0.00	0	0.0	0.00	0.0	0.000	0.025	28.2	72	22.7	31.6	13.25	1.1349	0.00	106	1	93.0	5
28/10/19	2:15 a	25.6	25.6	25.6	97	25.1	0.4	ENE	0.13	1.3	ENE	25.6	29.1	29.1	28.5	1008.7	0.00	0.0	0	0.00	0	0.0	0.00	0.0	0.000	0.025	28.2	72	22.7	31.6	13.25	1.1348	0.00	107	1	93.9	5
28/10/19	2:20 a	25.6	25.6	25.6	97	25.1	0.4	ENE	0.13	0.9	ENE	25.6	29.1	29.1	28.5	1008.8	0.00	0.0	0	0.00	0	0.0	0.00	0.0	0.000	0.025	28.2	72	22.6	31.5	13.25	1.1352	0.00	108	1	94.7	5
28/10/19	2:25 a	25.6	25.6	25.5	97	25.0	0.4	ENE	0.13	0.9	ENE	25.6	28.9	28.9	28.3	1008.7	0.00	0.0	0	0.00	0	0.0	0.00	0.0	0.000	0.025	28.2	72	22.6	31.5	13.25	1.1351	0.00	105	1	92.1	5
28/10/19	2:30 a	25.5	25.6	25.4	97	25.0	0.0	---	0.00	0.0	---	25.5	28.8	28.8	28.2	1008.7	0.00	0.0	0	0.00	0	0.0	0.00	0.0	0.000	0.025	28.2	72	22.6	31.5	13.25	1.1351	0.00	104	1	91.2	5
28/10/19	2:35 a	25.4	25.5	25.4	97	24.9	0.0	ENE	0.00	0.9	ENE	25.4	28.7	28.7	28.1	1008.7	0.00	0.0	0	0.00	0	0.0	0.00	0.0	0.000	0.025	28.2	72	22.6	31.5	13.25	1.1351	0.00	109	1	95.6	5
28/10/19	2:40 a	25.4	25.4	25.4	97	24.9	0.0	ENE	0.00	0.4	ENE	25.4	28.7	28.7	28.1	1008.6	0.00	0.0	0	0.00	0	0.0	0.00	0.0	0.000	0.025	28.2	72	22.6	31.5	13.25	1.1350	0.00	107	1	93.9	5
28/10/19	2:45 a	25.4	25.4	25.3	97	24.9	0.0	---	0.00	0.0	---	25.4	28.6	28.6	28.0	1008.6	0.00	0.0	0	0.00	0	0.0	0.00	0.0	0.000	0.024	28.2	72	22.6	31.5	13.25	1.1350	0.00	107	1	93.9	5
28/10/19	2:50 a	25.4	25.4	25.3	97	24.9	0.4	ENE	0.13	0.9	ENE	25.4	28.6	28.6	28.0	1008.5	0.00	0.0	0	0.00	0	0.0	0.00	0.0	0.000	0.024	28.1	72	22.6	31.4	13.25	1.1352	0.00	105	1	92.1	5
28/10/19	2:55 a	25.4	25.4	25.4	98	25.1	0.4	ENE	0.13	0.9	ENE	25.4	28.7	28.7	28.1	1008.6	0.00	0.0	0	0.00	0	0.0	0.00	0.0	0.000	0.024	28.1	72	22.6	31.4	13.25	1.1353	0.00	104	1	91.2	5
28/10/19	3:00 a	25.4	25.4	25.3	97	24.9	0.4	ENE	0.13	0.9	ENE	25.4	28.6	28.6	28.0	1008.6	0.00	0.0	0	0.00	0	0.0	0.00	0.0	0.000	0.024	28.1	72	22.6	31.4	13.25	1.1353	0.00	107	1	93.9	5
28/10/19	3:05 a	25.3	25.4	25.3	97	24.8	0.0	ENE	0.00	0.4	ENE	25.3	28.3	28.3	27.7	1008.7	0.00	0.0	0	0.00	0	0.0	0.00	0.0	0.000	0.024	28.1	72	22.6	31.4	13.25	1.1354	0.00	108	1	94.7	5
28/10/19	3:10 a	25.2	25.3	25.2	98	24.9	0.0	ENE	0.00	0.4	ENE	25.2	28.3	28.3	27.7	1008.6	0.00	0.0	0	0.00	0	0.0	0.00	0.0	0.000	0.024	28.1	72	22.6	31.4	13.25	1.1353	0.00	105	1	92.1	5
28/10/19	3:15 a	25.2	25.3	25.2	97	24.7	0.4	NNW	0.13	1.3	NNW	25.2	28.2	28.2	27.6	1008.8	0.00	0.0	0	0.00	0	0.0	0.00	0.0	0.000	0.024	28.1	72	22.6	31.4	13.25	1.1355	0.00	108	1	94.7	5
28/10/19	3:20 a	25.2	25.2	25.2	98	24.9	0.4	NNW	0.13	0.9	NNW	25.2	28.3	28.3	27.7	1008.8	0.00	0.0	0	0.00	0	0.0	0.00	0.0	0.000	0.024	28.1	72	22.5	31.3	13.25	1.1358	0.00	110	1	96.5	5
28/10/19	3:25 a	25.3	25.3	25.2	98	24.9	0.0	NNW	0.00	0.4	NNW	25.3	28.4	28.4	27.8	1008.6	0.00	0.0	0	0.00	0	0.0	0.00	0.0	0.000	0.024	28.1	72	22.6	31.4	13.25	1.1353	0.00	104	1	91.2	5
28/10/19	3:30 a	25.3	25.3	25.3	98	25.0	0.4	NNW	0.13	1.3	SSW	25.3	28.6	28.6	28.0	1008.7	0.00	0.0	0	0.00	0	0.0	0.00	0.0	0.000	0.024	28.1	72	22.5	31.3	13.25	1.1357	0.00	110	1	96.5	5
28/10/19	3:35 a	25.3	25.3	25.3	98	25.0	0.0	SSW	0.00	0.9	SSW	25.3	28.6	28.6	28.0	1008.7	0.00	0.0	0	0.00	0	0.0	0.00	0.0	0.000	0.024	28.1	72	22.5	31.3	13.25	1.1357	0.00	112	1	98.2	5
28/10/19	3:40 a	25.3	25.4	25.3	98	24.9	0.4	SSW	0.13	1.3	SSW	25.3	28.4	28.4	27.8	1008.8	0.00	0.0	0	0.00	0	0.0	0.00	0.0	0.000	0.024	28.0	72	22.5	31.2	13.25	1.1362	0.00	111	1	97.4	5
28/10/19	3:45 a	25.2	25.3	25.2	97	24.7	0.9	S	0.27	2.2	SSE	25.2	28.1	28.1	27.5	1008.7	0.00	0.0	0	0.00	0	0.0	0.00	0.0	0.000	0.024	28.0	73	22.7	31.3	13.60	1.1356	0.00	112	1	98.2	5
28/10/19	3:50 a	25.0	25.2	25.0	97	24.5	0.9	SSE	0.27	2.2	S	25.0	27.7	27.7	27.2	1008.7	0.00	0.0	0	0.00	0	0.0	0.00	0.0	0.000	0.023	28.0	73	22.7	31.3	13.60	1.1356	0.00	112	1	98.2	5
28/10/19	3:55 a	25.0	25.1	24.9	97	24.5	0.9	SSE	0.27	1.8	S	25.0	27.7	27.7	27.2	1008.7	0.00	0.0	0	0.00	0	0.0	0.00	0.0	0.000	0.023	28.0	73	22.7	31.3	13.60	1.1356	0.00	114	1	100.0	5
28/10/19	4:00 a	24.9	25.0	24.9	97	24.4	0.4	S	0.13	2.2	SSE	24.9	27.6	27.6	27.0	1008.7	0.00	0.0	0	0.00	0	0.0	0.00	0.0	0.000	0.023	28.0	73	22.7	31.3	13.60	1.1356	0.00	108	1	94.7	5
28/10/19	4:05 a	24.9	24.9	24.9	97	24.4	0.9	SSE	0.27	2.2	S	24.9	27.5	27.5	26.9	1008.8	0.00	0.0	0	0.00	0	0.0	0.00	0.0	0.000	0.023	27.9	73	22.7	31.2	13.60	1.1361	0.00	108	1	94.7	5
28/10/19	4:10 a	24.9	24.9	24.8	97	24.4	0.9	S	0.27	2.7	S	24.9	27.5	27.5	26.9	1008.8	0.00	0.0	0	0.00	0	0.0	0.00	0.0	0.000	0.023	27.9	73	22.7	31.2	13.60	1.1361	0.00	113	1	99.1	5
28/10/19	4:15 a	24.9	24.9	24.8	97	24.4	0.9	S	0.27	1.8	SSE	24.9	27.5	27.5	26.9	1008.9	0.00	0.0	0	0.00	0	0.0	0.00	0.0	0.000	0.023	27.9	72	22.4	31.0	13.25	1.1366	0.00	116	1	100.0	5
28/10/19	4:20 a	24.8	24.9	24.8	97	24.3	0.4	S	0.13	0.9	SW	24.8	27.4	27.4	26.8	1008.9	0.00	0.0	0	0.00	0	0.0	0.00	0.0	0.000	0.023	27.9	72	22.4	31.0	13.25	1.1366	0.00	110	1	96.5	5
28/10/19	4:25 a	24.9	24.9	24.8	97	24.4	0.9	SE	0.27	2.2	SSE	24.9	27.5	27.5	26.9	1009.0	0.00	0.0	0	0.00	0	0.0	0.00	0.0	0.000	0.023	27.9	72	22.4	30.9	13.25	1.1370	0.00	112	1	98.2	5
28/10/19	4:30 a	24.8	24.9	24.8	97	24.3	0.9	SE	0.27	1.3	SE	24.8	27.4	27.4	26.8	1009.0	0.00	0.0	0	0.00	0	0.0	0.00	0.0	0.000	0.023	27.8	72	22.3	30.8	13.25	1.1373	0.00	113	1	99.1	5
28/10/19	4:35 a	24.8	24.9	24.8	97	24.3	0.9	SE	0.27	1.3	SE	24.8	27.4	27.4	26.8	1009.0	0.00	0.0	0	0.00	0	0.0	0.00	0.0	0.000	0.023	27.9	72	22.4	30.9	13.25	1.1370	0.00	109	1	95.6	5
28/10/19	4:40 a	24.8	24.9	24.8	97	24.3	0.4	SE	0.13	1.3	SE	24.8	27.4	27.4	26.8	1009.0	0.00	0.0	0	0.00	0	0.0	0.00	0.0	0.000	0.023	27.8	72	22.3	30.8	13.25	1.1373	0.00	109	1	95.6	5
28/10/19	4:45 a	24.8	24.8	24.8	97	24.3	0.4	SE	0.13	1.3	ESE	24.8	27.4	27.4	26.8	1009.1	0.00	0.0	0	0.00	0	0.0	0.00	0.0	0.000	0.023	27.8	72	22.3	30.8	13.25	1.1374	0.00	117	1	100.0	5
28/10/19	4:50 a	24.9	24.9	24.8	98	24.6	0.4	ESE	0.13	1.3	ESE	24.9	27.6	27.6	27.1	1009.2	0.00	0.0	0	0.00	0	0.0	0.00	0.0	0.000	0.023	27.8	72	22.3	30.8	13.25	1.1375	0.00	115	1	100.0	5
28/10/19	4:55 a	24.9	24.9	24.8	97	24.4	0.9	ESE	0.27	1.3	ESE	24.9	27.5	27.5	26.9	1009.1	0.00	0.0	0	0.00	0	0.0	0.00	0.0	0.000	0.023	27.8	72	22.3	30.8	13.25	1.1374	0.00	111	1	97.4	5
28/10/19	5:00 a	24.9	24.9	24.8	97	24.4	0.4	ESE	0.13	1.8	SE	24.9	27.5	27.5	26.9	1009.1	0.00	0.0	0	0.00	0	0.0	0.00	0.0	0.000	0.023	27.8	72	22.3	30.8	13.25	1.1374	0.00	112	1	98.2	5
28/10/19	5:05 a	24.9	24.9	24.8	97	24.4	0.4	SE	0.13	1.8	SE	24.9	27.5	27.5	26.9	1009.1	0.00	0.0	0	0.00	0	0.0	0.00	0.0	0.000	0.023	27.8	72	22.3	30.7	13.25	1.1377	0.00	112	1	98.2	5
28/10/19	5:10 a	24.8	24.9	24.8	97	24.3	0.4	SE	0.13	0.9	SE	24.8	27.4	27.4	26.8	1009.2	0.00	0.0	0	0.00	0	0.0	0.00	0.0	0.000	0.023	27.8	72	22.3	30.7	13.25	1.1379	0.00	105	1	92.1	5
28/10/19	5:15 a	24.8	24.8	24.8	97	24.3	0.4	SE	0.13	0.9	SE	24.8	27.4	27.4	26.8	1009.4	0.00	0.0	0	0.00	0	0.0	0.00	0.0	0.000	0.023	27.8	72	22.3	30.7	13.25	1.1380	0.00	110	1	96.5	5
28/10/19	5:20 a	24.8	24.8	24.8	98	24.4	0.4	SSE	0.13	1.8	SSE	24.8	27.4	27.4	26.8	1009.4	0.00	0.0	0	0.00	0	0.0	0.00	0.0	0.000	0.022	27.8	72	22.3	30.7	13.25	1.1381	0.00	112	1	98.2	5
28/10/19	5:25 a	24.8	24.8	24.7	98	24.4	0.4	SE	0.13	0.9	SE	24.8	27.4	27.4	26.8	1009.6	0.00	0.0	0	0.00	0	0.0	0.00	0.0	0.000	0.022	27.8	72	22.3	30.7	13.25	1.1383	0.00	112	1	98.2	5
28/10/19	5:30 a	24.8	24.8	24.8	98	24.4	0.4	SE	0.13	1.3	ESE	24.8	27.4	27.4	26.8	1009.7	0.00	0.0	0	0.00	0	0.0	0.00	0.0	0.000	0.022	27.7	72	22.2	30.6	13.25	1.1388	0.00	111	1	97.4	5
28/10/19	5:35 a	24.8	24.8	24.8	98	24.4	0.4	ESE	0.13	1.3	SE	24.8	27.4	27.4	26.8	1009.7	0.00	0.0	0	0.00	0	0.0	0.00	0.0	0.000	0.022	27.7	72	22.2	30.6	13.25	1.1387	0.00	112	1	98.2	5
28/10/19	5:40 a	24.8	24.8	24.8	98	24.5	0.4	SSE	0.13	0.9	SSE	24.8	27.5	27.5	26.9	1009.8	0.00	0.0	0	0.00	0	0.0	0.00	0.0	0.000	0.023	27.7	72	22.2	30.6	13.25	1.1388	0.00	110	1	96.5	5
28/10/19	5:45 a	24.8	24.8	24.8	98	24.4	0.0	SSE	0.00	0.9	SSE	24.8	27.4	27.4	26.8	1009.9	0.00	0.0	0	0.00	0	0.0	0.00	0.0	0.000	0.022	27.7	70	21.8	30.3	12.74	1.1398	0.00	104	1	91.2	5
28/10/19	5:50 a	24.8	24.8	24.8	98	24.5	0.4	SSE	0.13	1.3	SSE	24.8	27.5	27.5	26.9	1009.9	0.00	0.0	0	0.00	0	0.0	0.00	0.0	0.000	0.023	27.6	62	19.6	28.9	11.12	1.1441	0.00	103	1	90.4	5
28/10/19	5:55 a	24.8	24.8	24.8	98	24.4	0.4	SSE	0.13	0.9	SSE	24.8	27.4	27.4	26.8	1009.9	0.00	0.0	1	0.01	5	0.0	0.00	0.0	0.000	0.022	27.3	57	18.0	28.0	10.17	1.1477	0.00	105	1	92.1	5
28/10/19	6:00 a	24.8	24.8	24.8	98	24.5	0.4	SSE	0.13	0.9	SSE	24.8	27.5	27.5	27.0	1009.8	0.00	0.0	6	0.04	7	0.0	0.00	0.0	0.000	0.023	26.9	51	15.9	27.2	9.34	1.1519	0.00	104	1	91.2	5
28/10/19	6:05 a	24.8	24.8	24.8	98	24.5	0.4	SSE	0.13	1.3	SSE	24.8	27.5	27.5	27.1	1009.9	0.00	0.0	10	0.07	11	0.0	0.00	0.0	0.000	0.023	26.6	53	16.2	26.8	9.65	1.1531	0.00	105	1	92.1	5
28/10/19	6:10 a	24.8	24.8	24.8	98	24.5	0.4	SSE	0.13	1.3	SSE	24.8	27.5	27.5	27.1	1009.9	0.00	0.0	13	0.09	16	0.0	0.00	0.0	0.000	0.023	26.3	48	14.4	26.2	8.86	1.1562	0.00	107	1	93.9	5
28/10/19	6:15 a	24.8	24.9	24.8	98	24.5	0.4	SE	0.13	1.3	SE	24.8	27.5	27.5	27.2	1009.9	0.00	0.0	23	0.16	28	0.0	0.00	0.0	0.000	0.023	25.9	44	12.8	25.6	8.18	1.1597	0.00	95	1	83.3	5
28/10/19	6:20 a	24.9	24.9	24.8	98	24.6	0.4	SSE	0.13	0.9	SSE	24.9	27.7	27.7	27.6	1010.1	0.00	0.0	35	0.25	40	0.0	0.00	0.0	0.000	0.023	25.7	49	14.2	25.7	8.98	1.1592	0.00	97	1	85.1	5
28/10/19	6:25 a	25.1	25.1	24.9	98	24.8	0.4	SE	0.13	1.3	SE	25.1	28.1	28.1	28.1	1010.1	0.00	0.0	48	0.34	60	0.0	0.00	0.0	0.000	0.024	25.6	52	15.0	25.7	9.49	1.1586	0.00	94	1	82.5	5
28/10/19	6:30 a	25.2	25.2	25.1	97	24.7	0.9	SE	0.27	1.3	SE	25.2	28.2	28.2	28.4	1010.1	0.00	0.0	62	0.44	63	0.0	0.00	0.0	0.000	0.024	25.6	47	13.4	25.3	8.69	1.1608	0.00	93	1	81.6	5
28/10/19	6:35 a	25.3	25.3	25.2	97	24.8	0.4	ESE	0.13	0.9	ESE	25.3	28.4	28.4	29.0	1010.2	0.00	0.0	85	0.61	97	0.0	0.00	0.0	0.000	0.024	25.4	50	14.2	25.4	9.20	1.1605	0.00	96	1	84.2	5
28/10/19	6:40 a	25.4	25.5	25.4	97	24.9	0.0	---	0.00	0.0	---	25.4	28.7	28.7	29.3	1010.3	0.00	0.0	86	0.62	97	0.0	0.00	0.0	0.000	0.025	25.3	50	14.2	25.3	9.20	1.1609	0.00	92	1	80.7	5
28/10/19	6:45 a	25.6	25.6	25.5	96	24.9	0.0	ESE	0.00	0.9	ESE	25.6	28.8	28.8	29.1	1010.2	0.00	0.0	65	0.47	72	0.0	0.00	0.0	0.000	0.025	25.2	47	13.1	25.0	8.70	1.1625	0.00	92	1	80.7	5
28/10/19	6:50 a	25.6	25.6	25.5	96	24.9	0.9	ESE	0.27	1.3	ESE	25.6	28.9	28.9	29.1	1010.3	0.00	0.0	55	0.39	65	0.0	0.00	0.0	0.000	0.025	25.1	50	14.0	25.1	9.21	1.1620	0.00	91	1	79.8	5
28/10/19	6:55 a	25.7	25.7	25.6	96	25.0	0.4	ESE	0.13	1.3	ESE	25.7	29.2	29.2	29.7	1010.2	0.00	0.0	77	0.55	83	0.0	0.00	0.0	0.000	0.026	25.1	51	14.3	25.1	9.35	1.1616	0.00	96	1	84.2	5
28/10/19	7:00 a	25.8	25.8	25.7	96	25.1	0.9	ESE	0.27	1.3	ESE	25.8	29.3	29.3	29.8	1010.3	0.00	0.0	74	0.53	84	0.0	0.00	0.0	0.000	0.026	25.1	47	13.0	24.8	8.71	1.1634	0.03	96	1	84.2	5
28/10/19	7:05 a	25.9	25.9	25.8	96	25.2	0.4	ESE	0.13	1.3	SE	25.9	29.6	29.6	29.9	1010.2	0.00	0.0	69	0.49	83	0.0	0.00	0.0	0.000	0.026	25.0	51	14.2	25.0	9.35	1.1621	0.00	101	1	88.6	5
28/10/19	7:10 a	26.1	26.1	25.9	96	25.4	0.4	SE	0.13	0.9	SE	26.1	29.9	29.9	30.6	1010.2	0.00	0.0	86	0.62	91	0.4	0.01	0.5	0.000	0.027	25.0	51	14.2	25.0	9.35	1.1621	0.00	97	1	85.1	5
28/10/19	7:15 a	26.1	26.1	26.1	96	25.4	0.4	SSE	0.13	1.3	SSE	26.1	30.1	30.1	31.1	1010.4	0.00	0.0	112	0.80	118	0.5	0.02	0.5	0.000	0.027	24.9	49	13.5	24.8	9.01	1.1634	0.00	97	1	85.1	5
28/10/19	7:20 a	26.2	26.2	26.1	95	25.3	0.4	SSE	0.13	1.8	SE	26.2	30.1	30.1	31.2	1010.4	0.00	0.0	123	0.88	134	0.7	0.03	0.8	0.000	0.027	24.9	52	14.4	24.9	9.51	1.1626	0.00	88	1	77.2	5
28/10/19	7:25 a	26.2	26.3	26.2	95	25.4	0.4	SE	0.13	1.3	SE	26.2	30.2	30.2	31.5	1010.3	0.00	0.0	136	0.97	153	0.9	0.03	1.0	0.000	0.027	24.9	50	13.8	24.8	9.21	1.1632	0.00	91	1	79.8	5
28/10/19	7:30 a	26.3	26.3	26.2	95	25.5	0.9	SE	0.27	1.3	SE	26.3	30.5	30.5	32.3	1010.4	0.00	0.0	179	1.28	192	0.9	0.03	0.9	0.000	0.028	24.8	50	13.7	24.8	9.22	1.1635	0.00	92	1	80.7	5
28/10/19	7:35 a	26.5	26.5	26.3	95	25.6	0.9	SE	0.27	1.3	SE	26.5	30.9	30.9	32.8	1010.5	0.00	0.0	175	1.25	193	0.9	0.03	0.9	0.000	0.028	24.8	53	14.6	24.9	9.65	1.1625	0.00	95	1	83.3	5
28/10/19	7:40 a	26.6	26.6	26.4	95	25.7	0.9	SE	0.27	2.2	SSE	26.6	31.1	31.1	32.9	1010.5	0.00	0.0	174	1.25	207	0.8	0.03	0.9	0.000	0.029	24.8	49	13.4	24.7	9.02	1.1640	0.00	97	1	85.1	5
28/10/19	7:45 a	26.6	26.6	26.6	95	25.7	0.9	S	0.27	2.2	SSE	26.6	31.2	31.2	33.1	1010.6	0.00	0.0	180	1.29	207	0.9	0.03	0.9	0.000	0.029	24.7	50	13.6	24.7	9.22	1.1643	0.00	99	1	86.8	5
28/10/19	7:50 a	26.6	26.6	26.6	95	25.7	1.3	S	0.40	3.1	SSE	26.6	31.2	31.2	33.1	1010.7	0.00	0.0	174	1.25	197	1.1	0.04	1.3	0.000	0.029	24.8	53	14.5	24.8	9.65	1.1631	0.00	100	1	87.7	5
28/10/19	7:55 a	26.7	26.7	26.6	95	25.9	1.3	S	0.40	3.1	SSE	26.7	31.6	31.6	33.9	1010.6	0.00	0.0	217	1.56	281	1.6	0.06	1.8	0.000	0.029	24.8	48	13.0	24.6	8.92	1.1648	0.00	95	1	83.3	5
28/10/19	8:00 a	27.1	27.1	26.8	94	26.1	0.9	SSW	0.27	1.8	SSE	27.1	32.4	32.4	35.4	1010.7	0.00	0.0	259	1.86	287	1.8	0.06	2.0	0.000	0.030	24.7	52	14.2	24.7	9.52	1.1638	0.10	88	1	77.2	5
28/10/19	8:05 a	27.6	27.6	27.1	93	26.4	0.4	S	0.13	1.8	S	27.6	33.7	33.7	40.1	1010.9	0.00	0.0	279	2.00	320	2.1	0.07	2.3	0.000	0.032	24.8	51	14.0	24.8	9.35	1.1641	0.00	101	1	88.6	5
28/10/19	8:10 a	27.4	27.6	27.4	92	26.0	1.3	SSE	0.40	2.7	SSE	27.4	32.8	32.8	37.9	1010.9	0.00	0.0	234	1.68	243	1.9	0.07	2.0	0.000	0.031	24.8	51	14.0	24.8	9.35	1.1641	0.00	108	1	94.7	5
28/10/19	8:15 a	27.3	27.4	27.2	93	26.0	0.9	SE	0.27	2.2	SSE	27.3	32.7	32.7	36.6	1011.0	0.00	0.0	192	1.38	211	1.8	0.06	1.8	0.000	0.031	24.8	53	14.6	24.9	9.65	1.1631	0.00	107	1	93.9	5
28/10/19	8:20 a	27.2	27.3	27.2	93	26.0	0.9	SE	0.27	1.8	SSE	27.2	32.6	32.6	36.8	1011.0	0.00	0.0	211	1.51	237	1.9	0.07	2.2	0.000	0.031	24.8	50	13.7	24.8	9.22	1.1643	0.00	106	1	93.0	5
28/10/19	8:25 a	27.6	27.6	27.2	92	26.2	0.4	SSE	0.13	1.8	ESE	27.6	33.4	33.4	39.1	1011.0	0.00	0.0	280	2.01	304	2.3	0.08	2.5	0.000	0.032	24.8	54	14.9	24.9	9.82	1.1628	0.00	97	1	85.1	5
28/10/19	8:30 a	27.6	27.7	27.6	92	26.2	1.3	ESE	0.40	1.8	SE	27.6	33.4	33.4	37.9	1011.1	0.00	0.0	232	1.66	250	2.4	0.09	2.6	0.000	0.032	24.8	51	14.0	24.8	9.35	1.1641	0.00	93	1	81.6	5
28/10/19	8:35 a	27.7	27.7	27.7	92	26.2	0.4	ENE	0.13	1.3	ESE	27.7	33.6	33.6	37.8	1011.2	0.00	0.0	203	1.46	206	1.8	0.06	1.9	0.000	0.032	24.8	54	14.9	24.9	9.82	1.1630	0.00	98	1	86.0	5
28/10/19	8:40 a	27.7	27.8	27.7	91	26.1	0.4	SE	0.13	1.3	SE	27.7	33.6	33.6	37.7	1011.3	0.00	0.0	204	1.46	209	1.7	0.06	1.7	0.000	0.033	24.8	50	13.6	24.7	9.22	1.1649	0.00	103	1	90.4	5
28/10/19	8:45 a	27.7	27.7	27.6	92	26.2	0.4	ESE	0.13	1.3	SE	27.7	33.6	33.6	38.2	1011.3	0.00	0.0	238	1.71	279	2.4	0.09	3.2	0.000	0.032	24.8	54	14.8	24.8	9.82	1.1634	0.00	98	1	86.0	5
28/10/19	8:50 a	28.0	28.1	27.7	90	26.2	0.9	SE	0.27	2.2	SSE	28.0	34.2	34.2	38.9	1011.4	0.00	0.0	248	1.78	262	2.7	0.10	2.8	0.000	0.034	24.8	52	14.3	24.8	9.52	1.1640	0.00	99	1	86.8	5
28/10/19	8:55 a	28.4	28.4	28.0	90	26.6	0.4	SSE	0.13	0.9	SSE	28.4	35.3	35.3	39.4	1011.4	0.00	0.0	216	1.55	227	3.5	0.13	4.3	0.000	0.035	24.8	55	15.2	24.9	9.98	1.1629	0.00	97	1	85.1	5
28/10/19	9:00 a	28.7	28.7	28.4	88	26.5	0.4	ENE	0.13	1.8	S	28.7	35.9	35.9	40.6	1011.3	0.00	0.0	249	1.78	283	4.2	0.15	4.8	0.000	0.036	25.0	52	14.5	25.0	9.51	1.1630	0.15	103	1	90.4	5
28/10/19	9:05 a	28.8	28.8	28.7	87	26.5	0.9	SSE	0.27	1.8	SSE	28.8	36.1	36.1	39.6	1011.3	0.00	0.0	192	1.38	209	5.0	0.18	5.1	0.000	0.036	25.1	55	15.4	25.2	9.96	1.1614	0.00	97	1	85.1	5
28/10/19	9:10 a	28.8	28.9	28.8	87	26.4	0.9	SE	0.27	2.7	E	28.8	35.9	35.9	39.7	1011.3	0.00	0.0	213	1.53	236	4.0	0.14	5.0	0.000	0.036	25.2	51	14.3	25.2	9.35	1.1625	0.00	103	1	90.4	5
28/10/19	9:15 a	29.2	29.3	28.7	86	26.6	0.9	SSE	0.27	2.7	SSE	29.2	37.0	37.0	45.5	1011.3	0.00	0.0	565	4.05	657	5.4	0.19	5.5	0.000	0.038	25.2	54	15.3	25.3	9.80	1.1612	0.00	117	1	100.0	5
28/10/19	9:20 a	28.8	29.3	28.8	86	26.3	0.4	SSW	0.13	1.8	S	28.8	35.8	35.8	40.8	1011.3	0.00	0.0	299	2.14	640	3.9	0.14	4.7	0.000	0.036	25.3	50	14.1	25.2	9.20	1.1624	0.00	108	1	94.7	5
28/10/19	9:25 a	29.1	29.1	28.8	87	26.7	0.4	SE	0.13	1.3	SSW	29.1	36.7	36.7	41.2	1011.3	0.00	0.0	266	1.91	357	4.4	0.16	6.0	0.000	0.037	25.3	53	15.0	25.3	9.65	1.1612	0.00	107	1	93.9	5
28/10/19	9:30 a	29.7	29.7	29.1	85	26.9	0.9	E	0.27	1.3	E	29.7	38.2	38.2	48.9	1011.1	0.00	0.0	781	5.60	789	6.1	0.22	6.1	0.000	0.039	25.3	50	14.2	25.3	9.20	1.1618	0.00	101	1	88.6	5
28/10/19	9:35 a	30.4	30.4	29.6	84	27.4	0.9	E	0.27	1.8	E	30.4	40.2	40.2	50.9	1011.2	0.00	0.0	794	5.69	800	6.4	0.23	6.5	0.000	0.042	25.3	52	14.8	25.4	9.50	1.1612	0.00	111	1	97.4	5
28/10/19	9:40 a	30.3	30.7	30.3	80	26.4	0.9	ESE	0.27	2.7	E	30.3	38.6	38.6	48.7	1011.2	0.00	0.0	786	5.63	793	6.8	0.24	6.9	0.000	0.041	25.4	50	14.2	25.4	9.20	1.1618	0.00	102	1	89.5	5
28/10/19	9:45 a	30.4	30.4	30.3	81	26.8	0.9	E	0.27	1.8	E	30.4	39.3	39.3	49.1	1011.2	0.00	0.0	784	5.62	793	7.0	0.25	7.1	0.000	0.042	25.4	51	14.5	25.4	9.35	1.1613	0.00	108	1	94.7	5
28/10/19	9:50 a	30.4	30.4	30.4	80	26.5	0.9	E	0.27	2.7	ESE	30.4	38.9	38.9	48.2	1011.2	0.00	0.0	770	5.52	782	7.2	0.26	7.3	0.000	0.042	25.5	52	14.9	25.6	9.49	1.1604	0.00	109	1	95.6	5
28/10/19	9:55 a	30.4	30.4	30.2	81	26.8	0.9	S	0.27	1.3	S	30.4	39.3	39.3	47.8	1011.2	0.00	0.0	735	5.27	807	7.2	0.26	7.4	0.000	0.042	25.5	49	14.0	25.4	8.99	1.1615	0.00	108	1	94.7	5
28/10/19	10:00 a	30.7	30.7	30.4	80	26.8	0.9	ESE	0.27	1.8	NE	30.7	39.8	39.8	48.1	1011.2	0.00	0.0	737	5.28	763	7.4	0.26	7.7	0.000	0.043	25.6	52	15.0	25.6	9.49	1.1601	0.41	108	1	94.7	5
28/10/19	10:05 a	30.9	30.9	30.7	80	27.0	0.9	ENE	0.27	1.3	ESE	30.9	40.5	40.5	49.2	1011.1	0.00	0.0	790	5.66	810	7.8	0.28	8.0	0.000	0.044	25.6	49	14.1	25.5	8.99	1.1611	0.00	106	1	93.0	5
28/10/19	10:10 a	31.1	31.1	30.9	79	27.0	0.9	NNW	0.27	1.3	ENE	31.1	40.9	40.9	49.4	1011.0	0.00	0.0	796	5.71	881	7.9	0.28	8.2	0.000	0.044	25.6	52	15.0	25.7	9.49	1.1596	0.00	92	1	80.7	5
28/10/19	10:15 a	31.2	31.4	31.1	76	26.4	0.4	ENE	0.13	1.3	SSW	31.2	40.1	40.1	49.4	1010.9	0.00	0.0	895	6.42	926	8.4	0.30	8.4	0.000	0.045	25.6	49	14.1	25.6	8.99	1.1606	0.00	93	1	81.6	5
28/10/19	10:20 a	31.6	31.6	31.1	78	27.2	0.4	SW	0.13	1.3	SSW	31.6	42.0	42.0	51.8	1010.9	0.00	0.0	951	6.82	1014	8.4	0.30	8.6	0.000	0.046	25.6	51	14.7	25.7	9.35	1.1598	0.00	97	1	85.1	5
28/10/19	10:25 a	31.4	31.7	31.4	78	27.1	0.9	WNW	0.27	1.8	WNW	31.4	41.4	41.4	51.5	1010.9	0.00	0.0	1002	7.18	1013	7.1	0.25	8.6	0.000	0.045	25.6	48	13.8	25.4	8.89	1.1610	0.00	96	1	84.2	5
28/10/19	10:30 a	30.6	31.4	30.6	80	26.8	0.9	WSW	0.27	2.7	W	30.6	39.6	39.6	42.9	1010.9	0.00	0.0	249	1.78	255	4.2	0.15	4.5	0.000	0.043	25.6	50	14.4	25.6	9.19	1.1602	0.00	100	1	87.7	5
28/10/19	10:35 a	30.2	30.6	30.2	83	27.0	1.8	W	0.54	3.1	WSW	30.2	39.2	39.2	42.8	1010.8	0.00	0.0	277	1.99	292	4.1	0.15	4.2	0.000	0.041	25.6	48	13.7	25.4	8.89	1.1612	0.00	109	1	95.6	5
28/10/19	10:40 a	30.1	30.2	29.9	84	27.1	0.9	WNW	0.27	2.2	NW	30.1	39.3	39.3	43.3	1010.8	0.00	0.0	309	2.21	339	4.5	0.16	4.7	0.000	0.041	25.6	46	13.1	25.2	8.49	1.1619	0.00	113	1	99.1	5
28/10/19	10:45 a	30.4	30.4	30.1	83	27.2	0.9	W	0.27	2.7	WNW	30.4	40.1	40.1	45.0	1010.9	0.00	0.0	396	2.84	466	5.5	0.20	6.0	0.000	0.042	25.6	49	14.1	25.5	8.99	1.1609	0.00	104	1	91.2	5
28/10/19	10:50 a	31.0	31.0	30.4	80	27.1	0.9	W	0.27	1.8	SW	31.0	40.9	40.9	46.0	1010.8	0.00	0.0	414	2.97	429	8.1	0.29	10.6	0.000	0.044	25.5	46	13.0	25.2	8.49	1.1622	0.00	103	1	90.4	5
28/10/19	10:55 a	31.3	31.3	31.0	79	27.2	1.3	NW	0.40	3.1	WNW	31.3	41.4	41.4	48.0	1010.8	0.00	0.0	597	4.28	663	7.7	0.28	8.7	0.000	0.045	25.6	50	14.4	25.6	9.19	1.1604	0.00	101	1	88.6	5
28/10/19	11:00 a	31.2	31.3	31.2	79	27.1	1.3	NW	0.40	2.2	NW	31.2	41.3	41.3	46.7	1010.8	0.00	0.0	456	3.27	503	7.0	0.25	7.5	0.000	0.045	25.6	46	13.1	25.2	8.49	1.1619	0.41	107	1	93.9	5
28/10/19	11:05 a	31.7	31.7	31.2	76	27.0	0.9	WNW	0.27	1.8	N	31.7	41.8	41.8	48.7	1010.8	0.00	0.0	673	4.82	673	8.6	0.31	10.8	0.000	0.046	25.6	50	14.4	25.6	9.19	1.1601	0.00	97	1	85.1	5
28/10/19	11:10 a	31.4	31.8	31.4	78	27.1	1.3	WNW	0.40	3.1	NW	31.4	41.6	41.6	47.3	1010.8	0.00	0.0	500	3.58	524	7.5	0.27	10.3	0.000	0.046	25.7	47	13.5	25.4	8.69	1.1610	0.00	96	1	84.2	5
28/10/19	11:15 a	31.3	31.5	31.3	77	26.8	0.9	NW	0.27	2.2	N	31.3	40.9	40.9	46.0	1010.7	0.00	0.0	430	3.08	446	7.6	0.27	11.0	0.000	0.045	25.7	46	13.2	25.4	8.49	1.1613	0.00	99	1	86.8	5
28/10/19	11:20 a	32.1	32.1	31.6	74	26.8	0.9	W	0.27	3.1	WNW	32.1	42.1	42.1	47.3	1010.7	0.00	0.0	446	3.20	446	10.0	0.36	11.2	0.000	0.048	25.7	49	14.2	25.6	8.99	1.1601	0.00	88	1	77.2	5
28/10/19	11:25 a	32.2	32.2	31.9	72	26.5	1.3	NW	0.40	3.1	WNW	32.2	41.7	41.7	49.0	1010.7	0.00	0.0	958	6.87	1125	9.7	0.35	11.1	0.000	0.048	25.7	47	13.6	25.5	8.68	1.1606	0.00	94	1	82.5	5
28/10/19	11:30 a	32.4	32.4	32.1	73	27.0	0.9	NE	0.27	2.2	NW	32.4	42.9	42.9	48.4	1010.6	0.00	0.0	480	3.44	538	7.5	0.27	8.4	0.000	0.049	25.7	47	13.5	25.4	8.69	1.1607	0.00	88	1	77.2	5
28/10/19	11:35 a	31.7	32.4	31.7	74	26.5	1.3	WNW	0.40	2.7	WNW	31.7	41.1	41.1	47.2	1010.4	0.00	0.0	570	4.09	570	7.8	0.28	9.5	0.000	0.046	25.7	47	13.6	25.5	8.68	1.1603	0.00	90	1	78.9	5
28/10/19	11:40 a	32.2	32.2	31.7	76	27.4	1.3	NNE	0.40	3.1	NW	32.2	43.2	43.2	48.5	1010.4	0.00	0.0	455	3.26	455	8.6	0.31	10.5	0.000	0.048	25.8	50	14.6	25.8	9.18	1.1589	0.00	111	1	97.4	5
28/10/19	11:45 a	32.5	32.5	32.0	73	27.0	1.3	NNE	0.40	3.6	NNE	32.5	43.2	43.2	49.1	1010.2	0.00	0.0	533	3.82	555	9.1	0.33	10.6	0.000	0.049	25.8	48	13.9	25.6	8.88	1.1594	0.00	102	1	89.5	5
28/10/19	11:50 a	32.2	32.7	32.2	74	26.9	0.4	NE	0.13	1.3	NE	32.2	42.4	42.4	47.4	1010.2	0.00	0.0	434	3.11	434	7.9	0.28	9.5	0.000	0.048	25.7	48	13.9	25.6	8.88	1.1596	0.00	100	1	87.7	5
28/10/19	11:55 a	32.4	32.4	31.8	72	26.7	0.9	NE	0.27	3.1	NNE	32.4	42.6	42.6	49.3	1010.0	0.00	0.0	964	6.91	1143	8.0	0.29	9.7	0.000	0.049	25.8	47	13.6	25.6	8.68	1.1595	0.00	96	1	84.2	5
28/10/19	12:00 p	33.0	33.0	32.4	69	26.6	1.3	NNW	0.40	3.1	WNW	33.0	43.1	43.1	49.3	1009.9	0.00	0.0	913	6.54	1044	10.1	0.36	11.1	0.000	0.051	25.7	46	13.2	25.4	8.48	1.1600	0.51	96	1	84.2	5
28/10/19	12:05 p	33.2	33.2	32.8	69	26.7	1.3	NNE	0.40	2.2	N	33.2	43.6	43.6	50.6	1009.8	0.00	0.0	1039	7.45	1060	10.4	0.37	11.1	0.000	0.052	25.8	47	13.6	25.6	8.68	1.1592	0.00	104	1	91.2	5
28/10/19	12:10 p	33.3	33.3	32.8	70	27.1	1.3	ENE	0.40	2.2	NE	33.3	44.3	44.3	51.9	1009.6	0.00	0.0	1127	8.08	1127	9.8	0.35	10.4	0.000	0.052	25.8	45	12.9	25.4	8.38	1.1598	0.00	94	1	82.5	5
28/10/19	12:15 p	32.6	33.3	32.6	72	26.9	1.3	NW	0.40	3.1	WSW	32.6	43.1	43.1	50.7	1009.6	0.00	0.0	1127	8.08	1127	8.0	0.29	9.4	0.000	0.050	25.7	47	13.6	25.5	8.68	1.1593	0.00	83	1	72.8	5
28/10/19	12:20 p	32.2	32.6	32.2	72	26.5	1.3	WNW	0.40	4.0	WNW	32.2	41.7	41.7	46.8	1009.4	0.00	0.0	444	3.18	476	6.7	0.24	6.9	0.000	0.048	25.7	46	13.2	25.4	8.48	1.1595	0.00	81	1	71.1	5
28/10/19	12:25 p	31.9	32.2	31.9	73	26.5	1.8	NW	0.54	4.0	WNW	31.9	41.4	41.4	46.6	1009.4	0.00	0.0	449	3.22	483	6.5	0.23	6.8	0.000	0.047	25.7	44	12.5	25.2	8.19	1.1605	0.00	87	1	76.3	5
28/10/19	12:30 p	31.6	31.9	31.6	73	26.2	1.8	WNW	0.54	4.0	WNW	31.6	40.4	40.4	44.8	1009.3	0.00	0.0	378	2.71	381	7.1	0.25	8.8	0.000	0.046	25.7	46	13.2	25.4	8.49	1.1596	0.00	97	1	85.1	5
28/10/19	12:35 p	32.1	32.2	31.6	73	26.6	1.8	WNW	0.54	4.0	WNW	32.1	41.7	41.7	47.3	1009.2	0.00	0.0	500	3.58	522	7.8	0.28	9.4	0.000	0.048	25.7	47	13.6	25.5	8.68	1.1589	0.00	98	1	86.0	5
28/10/19	12:40 p	31.9	32.1	31.9	74	26.7	1.3	NW	0.40	2.7	N	31.9	41.6	41.6	46.1	1009.0	0.00	0.0	380	2.72	397	6.0	0.21	6.3	0.000	0.047	25.7	47	13.5	25.4	8.69	1.1589	0.00	94	1	82.5	5
28/10/19	12:45 p	31.9	32.0	31.9	71	26.0	1.8	WNW	0.54	4.5	W	31.9	40.7	40.7	47.1	1008.9	0.00	0.0	609	4.37	1071	7.5	0.27	9.9	0.000	0.047	25.6	47	13.5	25.4	8.69	1.1590	0.00	91	1	79.8	5
28/10/19	12:50 p	32.2	32.2	31.9	72	26.5	0.9	NW	0.27	2.2	NNW	32.2	41.9	41.9	46.3	1008.8	0.00	0.0	370	2.65	373	6.6	0.24	9.1	0.000	0.048	25.6	55	15.9	25.8	9.93	1.1559	0.00	102	1	89.5	5
28/10/19	12:55 p	32.3	32.4	32.2	70	26.2	0.9	NW	0.27	1.8	NNW	32.3	41.4	41.4	47.1	1008.8	0.00	0.0	496	3.56	643	6.7	0.24	7.9	0.000	0.049	25.7	53	15.4	25.8	9.65	1.1563	0.00	100	1	87.7	5
28/10/19	1:00 p	32.0	32.3	32.0	72	26.3	1.3	NNE	0.40	2.7	WNW	32.0	41.2	41.2	46.3	1008.7	0.00	0.0	441	3.16	499	6.4	0.23	6.9	0.000	0.047	25.7	50	14.5	25.7	9.19	1.1574	0.46	87	1	76.3	5
28/10/19	1:05 p	32.6	32.6	31.9	71	26.6	1.3	N	0.40	2.2	WNW	32.6	42.5	42.5	49.8	1008.5	0.00	0.0	806	5.78	914	8.5	0.30	9.3	0.000	0.049	25.7	54	15.7	25.8	9.79	1.1556	0.00	94	1	82.5	5
28/10/19	1:10 p	32.8	32.8	32.4	70	26.6	0.9	NNW	0.27	1.8	N	32.8	42.8	42.8	50.1	1008.5	0.00	0.0	840	6.02	863	8.7	0.31	8.8	0.000	0.050	25.7	53	15.4	25.8	9.65	1.1557	0.00	91	1	79.8	5
28/10/19	1:15 p	33.0	33.0	32.8	70	26.8	0.9	WNW	0.27	2.2	WNW	33.0	43.4	43.4	50.8	1008.3	0.00	0.0	836	5.99	851	8.6	0.31	8.7	0.000	0.051	25.7	49	14.2	25.7	8.98	1.1570	0.00	88	1	77.2	5
28/10/19	1:20 p	32.5	33.0	32.5	71	26.6	2.2	WNW	0.67	4.0	WNW	32.5	42.3	42.3	49.6	1008.2	0.00	0.0	807	5.78	821	8.4	0.30	8.4	0.000	0.049	25.7	53	15.4	25.8	9.65	1.1554	0.00	90	1	78.9	5
28/10/19	1:25 p	32.3	32.4	32.2	71	26.4	1.3	W	0.40	1.8	W	32.3	41.8	41.8	49.1	1008.0	0.00	0.0	783	5.61	789	8.1	0.29	8.2	0.000	0.049	25.8	50	14.6	25.8	9.18	1.1557	0.00	100	1	87.7	5
28/10/19	1:30 p	32.8	32.8	32.3	69	26.4	0.9	NNW	0.27	1.8	W	32.8	42.6	42.6	49.8	1008.0	0.00	0.0	812	5.82	819	8.2	0.29	8.3	0.000	0.050	25.8	50	14.6	25.8	9.18	1.1560	0.00	89	1	78.1	5
28/10/19	1:35 p	33.0	33.1	32.8	71	27.0	0.9	N	0.27	2.7	W	33.0	43.9	43.9	51.2	1007.8	0.00	0.0	804	5.76	814	8.1	0.29	8.2	0.000	0.051	25.8	52	15.2	25.9	9.48	1.1548	0.00	99	1	86.8	5
28/10/19	1:40 p	33.3	33.3	33.0	69	26.9	1.3	NE	0.40	3.1	NNE	33.3	44.1	44.1	51.3	1007.7	0.00	0.0	809	5.80	816	8.0	0.29	8.0	0.000	0.052	25.9	49	14.4	25.8	8.98	1.1555	0.00	95	1	83.3	5
28/10/19	1:45 p	33.2	33.5	33.2	69	26.8	2.2	NNE	0.67	4.5	NNE	33.2	43.7	43.7	50.9	1007.7	0.00	0.0	784	5.62	828	7.4	0.26	7.7	0.000	0.052	25.8	48	14.0	25.7	8.88	1.1562	0.00	92	1	80.7	5
28/10/19	1:50 p	33.1	33.4	33.1	68	26.4	0.9	NNE	0.27	2.2	NNE	33.1	43.0	43.0	50.2	1007.7	0.00	0.0	804	5.76	817	7.5	0.27	7.6	0.000	0.051	25.8	53	15.5	25.9	9.65	1.1542	0.00	90	1	78.9	5
28/10/19	1:55 p	32.5	33.1	32.5	70	26.3	1.3	WNW	0.40	2.2	NW	32.5	41.9	41.9	49.1	1007.5	0.00	0.0	774	5.55	784	7.3	0.26	7.4	0.000	0.049	25.9	50	14.7	25.9	9.18	1.1546	0.00	89	1	78.1	5
28/10/19	2:00 p	32.8	32.8	32.4	70	26.6	1.3	NNW	0.40	3.6	NW	32.8	42.8	42.8	49.9	1007.4	0.00	0.0	758	5.43	765	7.1	0.25	7.2	0.000	0.050	25.9	48	14.1	25.8	8.88	1.1552	0.56	91	1	79.8	5
28/10/19	2:05 p	33.0	33.0	32.8	70	26.8	1.8	NNW	0.54	4.0	WNW	33.0	43.4	43.4	50.6	1007.3	0.00	0.0	742	5.32	747	6.8	0.24	6.8	0.000	0.051	26.0	53	15.7	26.2	9.65	1.1529	0.00	92	1	80.7	5
28/10/19	2:10 p	32.8	32.9	32.7	70	26.6	2.2	WNW	0.67	4.0	N	32.8	42.9	42.9	49.9	1007.3	0.00	0.0	718	5.15	728	6.5	0.23	6.6	0.000	0.050	26.1	49	14.5	26.0	8.97	1.1541	0.00	91	1	79.8	5
28/10/19	2:15 p	33.3	33.3	32.8	69	26.8	1.8	NNW	0.54	4.0	NNE	33.3	43.9	43.9	50.8	1007.3	0.00	0.0	697	5.00	703	6.2	0.22	6.3	0.000	0.052	26.0	48	14.1	25.9	8.87	1.1548	0.00	98	1	86.0	5
28/10/19	2:20 p	33.2	33.3	33.2	70	27.0	1.3	N	0.40	2.7	N	33.2	44.2	44.2	51.0	1007.1	0.00	0.0	680	4.87	682	6.1	0.22	6.1	0.000	0.052	25.9	48	14.1	25.8	8.88	1.1549	0.00	86	1	75.4	5
28/10/19	2:25 p	33.2	33.2	33.2	70	27.0	1.8	NNW	0.54	3.6	NNW	33.2	44.2	44.2	51.0	1007.0	0.00	0.0	679	4.87	682	5.8	0.21	5.8	0.000	0.052	25.9	50	14.7	25.9	9.18	1.1540	0.00	84	1	73.7	5
28/10/19	2:30 p	32.9	33.2	32.9	69	26.4	1.8	NW	0.54	4.5	NNE	32.9	42.7	42.7	49.4	1006.9	0.00	0.0	668	4.79	671	5.6	0.20	5.7	0.000	0.051	26.0	48	14.1	25.9	8.87	1.1544	0.00	94	1	82.5	5
28/10/19	2:35 p	33.0	33.0	32.9	68	26.3	1.8	NNW	0.54	3.6	NNW	33.0	42.7	42.7	49.3	1006.8	0.00	0.0	652	4.67	661	5.3	0.19	5.4	0.000	0.051	25.9	47	13.8	25.7	8.68	1.1550	0.00	103	1	90.4	5
28/10/19	2:40 p	32.9	33.1	32.9	68	26.3	1.8	NW	0.54	4.0	NNW	32.9	42.5	42.5	49.0	1006.8	0.00	0.0	624	4.47	638	5.0	0.18	5.1	0.000	0.051	26.0	50	14.8	26.0	9.17	1.1535	0.00	99	1	86.8	5
28/10/19	2:45 p	32.8	33.1	32.8	69	26.3	2.2	NNW	0.67	4.5	N	32.8	42.4	42.4	48.8	1006.7	0.00	0.0	619	4.44	626	4.8	0.17	4.9	0.000	0.050	26.0	47	13.8	25.8	8.67	1.1546	0.00	92	1	80.7	5
28/10/19	2:50 p	32.6	32.7	32.6	69	26.2	2.2	NW	0.67	4.5	WNW	32.6	41.9	41.9	48.3	1006.5	0.00	0.0	614	4.40	615	4.6	0.16	4.7	0.000	0.050	25.9	46	13.4	25.6	8.48	1.1552	0.00	95	1	83.3	5
28/10/19	2:55 p	32.8	32.8	32.6	69	26.3	1.8	N	0.54	3.6	NNW	32.8	42.4	42.4	48.8	1006.5	0.00	0.0	605	4.34	606	4.4	0.16	4.4	0.000	0.050	25.9	50	14.7	25.9	9.18	1.1534	0.00	84	1	73.7	5
28/10/19	3:00 p	32.7	32.8	32.7	67	25.7	2.2	NNW	0.67	4.9	NW	32.7	41.3	41.3	47.7	1006.4	0.00	0.0	606	4.34	606	4.2	0.15	4.3	0.000	0.050	26.0	47	13.8	25.8	8.67	1.1543	0.51	91	1	79.8	5
28/10/19	3:05 p	32.6	32.7	32.5	69	26.2	2.2	NNW	0.67	4.5	NNW	32.6	41.9	41.9	48.2	1006.4	0.00	0.0	596	4.27	598	4.0	0.14	4.1	0.000	0.050	26.0	49	14.5	25.9	8.97	1.1534	0.00	104	1	91.2	5
28/10/19	3:10 p	32.6	32.7	32.5	72	26.8	2.2	NNW	0.67	4.5	NNW	32.6	42.9	42.9	49.3	1006.4	0.00	0.0	596	4.27	598	3.9	0.14	3.9	0.000	0.049	26.1	49	14.6	26.1	8.97	1.1529	0.00	104	1	91.2	5
28/10/19	3:15 p	32.7	32.8	32.5	71	26.8	2.2	NNW	0.67	4.5	NNW	32.7	43.1	43.1	49.5	1006.4	0.00	0.0	598	4.29	599	3.7	0.13	3.8	0.000	0.050	26.1	46	13.6	25.8	8.47	1.1540	0.00	104	1	91.2	5
28/10/19	3:20 p	32.8	32.8	32.7	72	27.1	2.2	NW	0.67	4.9	WNW	32.8	43.6	43.6	50.1	1006.4	0.00	0.0	611	4.38	621	3.5	0.13	3.6	0.000	0.050	26.1	45	13.2	25.7	8.37	1.1547	0.00	105	1	92.1	5
28/10/19	3:25 p	32.7	32.8	32.7	72	27.0	2.7	NW	0.80	4.9	W	32.7	43.3	43.3	50.0	1006.5	0.00	0.0	648	4.64	654	3.3	0.12	3.4	0.000	0.050	26.1	48	14.2	26.0	8.87	1.1534	0.00	110	1	96.5	5
28/10/19	3:30 p	32.4	32.7	32.4	71	26.5	3.1	NW	0.94	5.8	N	32.4	42.2	42.2	48.6	1006.3	0.00	0.0	620	4.44	624	3.1	0.11	3.2	0.000	0.049	26.1	46	13.6	25.8	8.47	1.1539	0.00	109	1	95.6	5
28/10/19	3:35 p	32.4	32.5	32.4	72	26.7	2.7	NW	0.80	5.8	NNW	32.4	42.4	42.4	48.9	1006.4	0.00	0.0	608	4.36	613	3.0	0.11	3.0	0.000	0.049	26.1	49	14.6	26.1	8.97	1.1528	0.00	105	1	92.1	5
28/10/19	3:40 p	32.4	32.4	32.2	73	27.0	2.7	WNW	0.80	5.8	WNW	32.4	42.9	42.9	49.5	1006.4	0.00	0.0	595	4.26	596	2.8	0.10	2.8	0.000	0.049	26.1	47	13.9	25.9	8.67	1.1536	0.00	107	1	93.9	5
28/10/19	3:45 p	32.4	32.5	32.4	72	26.7	3.1	NNW	0.94	6.3	N	32.4	42.6	42.6	48.9	1006.3	0.00	0.0	582	4.17	589	2.5	0.09	2.6	0.000	0.049	26.1	45	13.2	25.8	8.37	1.1543	0.00	106	1	93.0	5
28/10/19	3:50 p	32.6	32.6	32.4	73	27.1	1.8	NNE	0.54	5.4	N	32.6	43.3	43.3	49.9	1006.4	0.00	0.0	592	4.24	603	2.3	0.08	2.3	0.000	0.049	26.1	47	13.9	25.9	8.67	1.1537	0.00	98	1	86.0	5
28/10/19	3:55 p	32.4	32.6	32.4	73	27.0	2.7	NNW	0.80	5.8	NW	32.4	42.9	42.9	49.7	1006.5	0.00	0.0	618	4.43	622	2.0	0.07	2.1	0.000	0.049	26.1	47	13.9	25.9	8.67	1.1537	0.00	102	1	89.5	5
28/10/19	4:00 p	32.4	32.6	32.4	73	27.0	2.7	NNW	0.80	5.4	NW	32.4	42.9	42.9	49.7	1006.4	0.00	0.0	598	4.29	622	1.8	0.06	1.9	0.000	0.049	26.1	45	13.2	25.8	8.37	1.1544	0.46	98	1	86.0	5
28/10/19	4:05 p	32.1	32.4	32.1	75	27.1	2.7	NW	0.80	4.9	NNW	32.1	42.7	42.7	48.9	1006.5	0.00	0.0	519	3.72	543	1.5	0.05	1.6	0.000	0.048	26.1	48	14.2	26.0	8.87	1.1534	0.00	106	1	93.0	5
28/10/19	4:10 p	32.2	32.2	32.1	76	27.4	1.8	NW	0.54	3.6	W	32.2	43.2	43.2	49.1	1006.5	0.00	0.0	461	3.30	503	1.3	0.05	1.4	0.000	0.048	26.1	46	13.6	25.8	8.47	1.1542	0.00	101	1	88.6	5
28/10/19	4:15 p	32.1	32.2	32.1	76	27.3	1.8	NNW	0.54	4.9	N	32.1	43.1	43.1	49.0	1006.5	0.00	0.0	470	3.37	483	1.1	0.04	1.1	0.000	0.048	26.1	43	12.6	25.7	8.05	1.1553	0.00	105	1	92.1	5
28/10/19	4:20 p	31.9	32.2	31.9	76	27.1	2.2	NNW	0.67	4.9	NNE	31.9	42.3	42.3	47.1	1006.4	0.00	0.0	349	2.50	403	0.7	0.03	0.9	0.000	0.047	26.1	48	14.2	26.0	8.87	1.1533	0.00	107	1	93.9	5
28/10/19	4:25 p	31.6	31.9	31.6	77	27.1	2.2	N	0.67	4.9	N	31.6	41.8	41.8	45.5	1006.3	0.00	0.0	263	1.89	313	0.5	0.02	0.6	0.000	0.046	26.1	45	13.2	25.7	8.37	1.1546	0.00	110	1	96.5	5
28/10/19	4:30 p	31.3	31.6	31.3	77	26.8	2.2	NNW	0.67	6.3	N	31.3	40.7	40.7	42.9	1006.2	0.00	0.0	154	1.10	225	0.2	0.01	0.5	0.000	0.045	26.0	47	13.8	25.8	8.67	1.1540	0.00	115	1	100.0	5
28/10/19	4:35 p	30.7	31.3	30.7	80	26.9	1.8	NNW	0.54	4.0	NNW	30.7	40.0	40.0	41.1	1006.3	0.00	0.0	85	0.61	90	0.0	0.00	0.0	0.000	0.043	26.0	46	13.5	25.7	8.47	1.1545	0.00	105	1	92.1	5
28/10/19	4:40 p	29.9	30.7	29.9	83	26.7	1.8	NNE	0.54	4.5	NNW	29.9	38.4	38.4	39.4	1006.5	0.00	0.0	79	0.57	81	0.0	0.00	0.0	0.000	0.040	25.9	43	12.4	25.4	8.05	1.1561	0.00	104	1	91.2	5
28/10/19	4:45 p	29.5	29.9	29.5	86	26.9	1.8	NNE	0.54	4.0	NNE	29.5	37.9	37.9	38.8	1006.4	0.25	0.0	73	0.52	79	0.0	0.00	0.0	0.000	0.039	25.8	46	13.3	25.6	8.48	1.1555	0.00	100	1	87.7	5
28/10/19	4:50 p	29.2	29.5	29.2	87	26.8	0.9	NNE	0.27	2.2	N	29.2	37.3	37.3	37.9	1006.5	0.00	0.0	58	0.42	62	0.0	0.00	0.0	0.000	0.038	25.8	45	13.0	25.5	8.38	1.1559	0.00	101	1	88.6	5
28/10/19	4:55 p	29.1	29.2	29.1	87	26.7	1.3	NNW	0.40	3.6	N	29.1	36.9	36.9	37.5	1006.6	0.00	0.0	51	0.37	53	0.0	0.00	0.0	0.000	0.037	25.8	44	12.7	25.4	8.18	1.1564	0.00	110	1	96.5	5
28/10/19	5:00 p	29.1	29.1	29.1	87	26.7	1.3	NNW	0.40	3.1	NW	29.1	36.9	36.9	37.4	1006.6	0.00	0.0	45	0.32	47	0.0	0.00	0.0	0.000	0.037	25.8	48	13.9	25.6	8.88	1.1551	0.18	103	1	90.4	5
28/10/19	5:05 p	29.2	29.2	29.1	86	26.6	0.9	NNW	0.27	2.7	N	29.2	37.0	37.0	37.3	1006.5	0.00	0.0	37	0.27	40	0.0	0.00	0.0	0.000	0.038	25.8	46	13.3	25.5	8.48	1.1558	0.00	107	1	93.9	5
28/10/19	5:10 p	29.3	29.4	29.2	85	26.5	1.3	NNW	0.40	3.6	NNW	29.3	37.1	37.1	37.3	1006.5	0.00	0.0	28	0.20	32	0.0	0.00	0.0	0.000	0.038	25.7	45	12.8	25.3	8.39	1.1567	0.00	100	1	87.7	5
28/10/19	5:15 p	29.4	29.4	29.3	84	26.4	1.3	NNW	0.40	4.0	WNW	29.4	37.0	37.0	37.1	1006.6	0.00	0.0	23	0.16	25	0.0	0.00	0.0	0.000	0.038	25.7	49	14.2	25.6	8.99	1.1553	0.00	104	1	91.2	5
28/10/19	5:20 p	29.4	29.4	29.4	84	26.5	1.3	NNW	0.40	3.6	NNW	29.4	37.2	37.2	37.2	1006.8	0.00	0.0	20	0.14	21	0.0	0.00	0.0	0.000	0.039	25.7	45	12.8	25.3	8.39	1.1571	0.00	91	1	79.8	5
28/10/19	5:25 p	29.4	29.4	29.4	85	26.7	1.3	NNW	0.40	2.2	NW	29.4	37.4	37.4	37.3	1006.9	0.00	0.0	14	0.10	16	0.0	0.00	0.0	0.000	0.039	25.6	52	15.0	25.7	9.49	1.1549	0.00	106	1	93.0	5
28/10/19	5:30 p	29.4	29.4	29.4	85	26.6	1.3	N	0.40	2.2	N	29.4	37.3	37.3	37.2	1006.6	0.00	0.0	14	0.10	16	0.0	0.00	0.0	0.000	0.038	25.6	50	14.4	25.6	9.19	1.1553	0.00	97	1	85.1	5
28/10/19	5:35 p	29.4	29.4	29.4	86	26.8	1.8	NW	0.54	4.9	NW	29.4	37.6	37.6	37.4	1006.5	0.00	0.0	12	0.09	14	0.0	0.00	0.0	0.000	0.038	25.6	48	13.7	25.4	8.89	1.1562	0.00	97	1	85.1	5
28/10/19	5:40 p	29.4	29.4	29.3	86	26.8	1.8	NNW	0.54	4.9	WNW	29.4	37.6	37.6	37.3	1006.7	0.00	0.0	7	0.05	9	0.0	0.00	0.0	0.000	0.038	25.6	55	15.8	25.7	9.93	1.1538	0.00	89	1	78.1	5
28/10/19	5:45 p	29.3	29.4	29.3	86	26.7	2.7	NW	0.80	5.4	NNE	29.3	37.4	37.4	37.0	1007.1	0.00	0.0	0	0.00	0	0.0	0.00	0.0	0.000	0.038	25.6	50	14.4	25.6	9.19	1.1561	0.00	91	1	79.8	5
28/10/19	5:50 p	29.3	29.3	29.3	85	26.5	2.7	NNW	0.80	5.4	NNW	29.3	37.1	37.1	36.7	1007.3	0.00	0.0	0	0.00	0	0.0	0.00	0.0	0.000	0.038	25.5	51	14.6	25.5	9.35	1.1562	0.00	86	1	75.4	5
28/10/19	5:55 p	29.3	29.4	29.3	86	26.7	2.2	NNW	0.67	6.7	NW	29.3	37.4	37.4	37.0	1007.4	0.00	0.0	0	0.00	0	0.0	0.00	0.0	0.000	0.038	25.5	51	14.6	25.5	9.35	1.1563	0.00	98	1	86.0	5
28/10/19	6:00 p	29.3	29.3	29.3	87	26.9	2.2	NNW	0.67	4.5	W	29.3	37.6	37.6	37.2	1007.5	0.00	0.0	0	0.00	0	0.0	0.00	0.0	0.000	0.038	25.4	49	13.9	25.3	8.99	1.1575	0.03	92	1	80.7	5
28/10/19	6:05 p	29.2	29.3	29.2	87	26.8	1.8	NNW	0.54	4.0	NW	29.2	37.3	37.3	36.9	1007.7	0.00	0.0	0	0.00	0	0.0	0.00	0.0	0.000	0.038	25.3	54	15.4	25.4	9.80	1.1563	0.00	86	1	75.4	5
28/10/19	6:10 p	29.1	29.2	29.1	87	26.7	2.2	NNW	0.67	5.4	N	29.1	36.9	36.9	36.6	1007.6	0.00	0.0	0	0.00	0	0.0	0.00	0.0	0.000	0.037	25.2	51	14.4	25.2	9.35	1.1580	0.00	93	1	81.6	5
28/10/19	6:15 p	29.1	29.2	29.1	87	26.7	1.8	N	0.54	4.5	N	29.1	36.9	36.9	36.6	1007.8	0.00	0.0	0	0.00	0	0.0	0.00	0.0	0.000	0.037	25.1	52	14.5	25.1	9.51	1.1587	0.00	95	1	83.3	5
28/10/19	6:20 p	29.1	29.1	29.1	88	26.9	1.8	N	0.54	4.9	N	29.1	37.0	37.0	36.6	1008.1	0.00	0.0	0	0.00	0	0.0	0.00	0.0	0.000	0.037	25.0	59	16.4	25.2	10.67	1.1567	0.00	90	1	78.9	5
28/10/19	6:25 p	28.8	29.1	28.8	89	26.8	1.3	NNE	0.40	3.6	NNW	28.8	36.5	36.5	36.1	1008.1	0.25	0.0	0	0.00	0	0.0	0.00	0.0	0.000	0.036	24.9	53	14.7	25.0	9.65	1.1592	0.00	93	1	81.6	5
28/10/19	6:30 p	28.7	28.8	28.7	90	26.9	1.3	NE	0.40	2.7	NE	28.7	36.2	36.2	35.8	1008.2	0.00	0.0	0	0.00	0	0.0	0.00	0.0	0.000	0.036	24.8	52	14.3	24.8	9.52	1.1602	0.00	95	1	83.3	5
28/10/19	6:35 p	28.3	28.6	28.3	91	26.7	1.3	NE	0.40	2.7	ENE	28.3	35.3	35.3	34.9	1008.4	0.25	2.0	0	0.00	0	0.0	0.00	0.0	0.000	0.035	24.8	57	15.7	24.9	10.29	1.1589	0.00	97	1	85.1	5
28/10/19	6:40 p	28.2	28.3	28.2	92	26.8	1.3	NE	0.40	2.2	NNE	28.2	35.3	35.3	34.8	1008.4	0.00	1.8	0	0.00	0	0.0	0.00	0.0	0.000	0.034	24.8	53	14.6	24.9	9.65	1.1602	0.00	88	1	77.2	5
28/10/19	6:45 p	28.1	28.2	28.1	92	26.6	0.9	NE	0.27	1.8	NNE	28.1	34.8	34.8	34.3	1008.2	0.00	1.0	0	0.00	0	0.0	0.00	0.0	0.000	0.034	24.7	53	14.4	24.7	9.65	1.1608	0.00	87	1	76.3	5
28/10/19	6:50 p	27.9	28.1	27.9	93	26.7	0.0	NE	0.00	0.4	NE	27.9	34.7	34.7	34.2	1008.4	0.00	0.0	0	0.00	0	0.0	0.00	0.0	0.000	0.033	24.7	56	15.3	24.8	10.19	1.1599	0.00	96	1	84.2	5
28/10/19	6:55 p	28.0	28.0	27.9	93	26.8	0.0	NE	0.00	0.4	NE	28.0	34.8	34.8	34.4	1008.5	0.00	0.0	0	0.00	0	0.0	0.00	0.0	0.000	0.034	24.7	51	13.9	24.7	9.35	1.1618	0.00	88	1	77.2	5
28/10/19	7:00 p	28.0	28.1	27.9	93	26.8	0.4	NE	0.13	1.3	NE	28.0	34.8	34.8	34.4	1008.7	0.00	0.0	0	0.00	0	0.0	0.00	0.0	0.000	0.034	24.6	53	14.3	24.6	9.65	1.1619	0.03	91	1	79.8	5
28/10/19	7:05 p	27.9	28.0	27.9	94	26.8	0.9	ESE	0.27	1.3	SE	27.9	34.7	34.7	34.2	1008.7	0.00	0.0	0	0.00	0	0.0	0.00	0.0	0.000	0.033	24.6	54	14.7	24.7	9.82	1.1613	0.00	84	1	73.7	5
28/10/19	7:10 p	27.8	27.9	27.8	95	27.0	0.4	SE	0.13	1.3	ESE	27.8	34.7	34.7	34.3	1008.9	0.00	0.0	0	0.00	0	0.0	0.00	0.0	0.000	0.033	24.6	50	13.4	24.5	9.23	1.1632	0.00	88	1	77.2	5
28/10/19	7:15 p	27.7	27.8	27.7	95	26.8	0.4	SSE	0.13	1.3	SSE	27.7	34.4	34.4	33.9	1009.1	0.00	0.0	0	0.00	0	0.0	0.00	0.0	0.000	0.033	24.5	58	15.7	24.7	10.51	1.1609	0.00	88	1	77.2	5
28/10/19	7:20 p	27.6	27.8	27.6	95	26.7	0.9	SSE	0.27	2.2	SSE	27.6	34.1	34.1	33.6	1009.1	0.00	0.0	0	0.00	0	0.0	0.00	0.0	0.000	0.032	24.6	56	15.2	24.7	10.20	1.1613	0.00	92	1	80.7	5
28/10/19	7:25 p	27.5	27.6	27.5	96	26.8	0.9	SSE	0.27	1.8	SSE	27.5	33.9	33.9	33.5	1009.1	0.00	0.0	0	0.00	0	0.0	0.00	0.0	0.000	0.032	24.5	56	15.1	24.7	10.21	1.1616	0.00	85	1	74.6	5
28/10/19	7:30 p	27.4	27.5	27.4	96	26.7	1.3	S	0.40	2.2	SSW	27.4	33.8	33.8	33.3	1009.2	0.00	0.0	0	0.00	0	0.0	0.00	0.0	0.000	0.032	24.4	62	16.7	24.8	11.23	1.1598	0.00	89	1	78.1	5
28/10/19	7:35 p	27.2	27.4	27.2	94	26.2	1.3	SSW	0.40	3.6	S	27.2	32.7	32.7	32.2	1009.2	0.00	0.0	0	0.00	0	0.0	0.00	0.0	0.000	0.031	24.5	61	16.5	24.8	11.03	1.1599	0.00	88	1	77.2	5
28/10/19	7:40 p	26.8	27.2	26.8	94	25.7	3.1	S	0.94	5.8	S	26.8	31.5	31.5	31.0	1009.6	0.00	0.0	0	0.00	0	0.0	0.00	0.0	0.000	0.029	24.4	58	15.6	24.7	10.51	1.1617	0.00	89	1	78.1	5
28/10/19	7:45 p	26.4	26.8	26.4	94	25.4	1.8	SSW	0.54	4.9	S	26.4	30.7	30.7	30.1	1009.8	0.00	0.0	0	0.00	0	0.0	0.00	0.0	0.000	0.028	24.4	64	17.2	24.9	11.63	1.1598	0.00	90	1	78.9	5
28/10/19	7:50 p	26.2	26.4	26.2	94	25.1	0.9	SE	0.27	3.1	SSW	26.2	29.9	29.9	29.4	1010.0	0.25	0.0	0	0.00	0	0.0	0.00	0.0	0.000	0.027	24.4	59	15.9	24.6	10.71	1.1621	0.00	92	1	80.7	5
28/10/19	7:55 p	25.9	26.2	25.9	94	24.8	1.3	SE	0.40	2.7	SSE	25.9	29.3	29.3	28.7	1010.3	5.08	139.4	0	0.00	0	0.0	0.00	0.0	0.000	0.026	24.3	61	16.3	24.6	11.04	1.1623	0.00	100	1	87.7	5
28/10/19	8:00 p	25.6	25.9	25.6	95	24.8	1.8	S	0.54	4.5	E	25.6	28.8	28.8	28.2	1010.7	7.37	190.0	0	0.00	0	0.0	0.00	0.0	0.000	0.025	24.3	61	16.3	24.7	11.03	1.1625	0.00	106	1	93.0	5
28/10/19	8:05 p	25.6	25.7	25.6	96	24.9	1.3	SE	0.40	3.6	S	25.6	28.9	28.9	28.4	1010.8	1.27	47.0	0	0.00	0	0.0	0.00	0.0	0.000	0.025	24.2	57	15.2	24.4	10.33	1.1646	0.00	89	1	78.1	5
28/10/19	8:10 p	25.6	25.7	25.6	97	25.1	2.2	SSE	0.67	5.8	SSE	25.6	29.1	29.1	28.5	1011.1	0.51	15.2	0	0.00	0	0.0	0.00	0.0	0.000	0.025	24.1	62	16.4	24.4	11.24	1.1638	0.00	94	1	82.5	5
28/10/19	8:15 p	25.6	25.7	25.6	97	25.0	3.6	S	1.07	7.6	SSW	25.3	28.9	28.6	28.1	1011.3	0.25	4.8	0	0.00	0	0.0	0.00	0.0	0.000	0.025	24.2	59	15.6	24.4	10.73	1.1648	0.00	102	1	89.5	5
28/10/19	8:20 p	25.5	25.6	25.5	97	25.0	3.1	SSW	0.94	7.6	SSW	25.5	28.8	28.8	28.2	1011.4	2.79	47.2	0	0.00	0	0.0	0.00	0.0	0.000	0.025	24.0	58	15.2	24.2	10.54	1.1661	0.00	103	1	90.4	5
28/10/19	8:25 p	25.3	25.5	25.3	97	24.8	4.0	SSW	1.21	8.0	S	24.7	28.4	27.8	27.3	1011.6	0.76	38.1	0	0.00	0	0.0	0.00	0.0	0.000	0.024	24.0	64	16.8	24.4	11.65	1.1642	0.00	108	1	94.7	5
28/10/19	8:30 p	25.3	25.3	25.3	97	24.8	4.0	SSW	1.21	9.4	S	24.6	28.3	27.6	27.1	1011.8	0.51	9.7	0	0.00	0	0.0	0.00	0.0	0.000	0.024	24.1	61	16.1	24.3	11.04	1.1652	0.00	108	1	94.7	5
28/10/19	8:35 p	25.0	25.3	25.0	96	24.3	3.6	SSW	1.07	8.5	SW	24.7	27.6	27.3	26.8	1011.9	0.51	7.1	0	0.00	0	0.0	0.00	0.0	0.000	0.023	24.0	64	16.8	24.4	11.65	1.1646	0.00	102	1	89.5	5
28/10/19	8:40 p	25.0	25.0	24.9	97	24.5	2.2	SSW	0.67	4.9	SW	25.0	27.7	27.7	27.2	1012.0	0.51	8.9	0	0.00	0	0.0	0.00	0.0	0.000	0.023	24.0	68	17.7	24.6	12.54	1.1633	0.00	102	1	89.5	5
28/10/19	8:45 p	25.2	25.2	25.0	97	24.7	2.7	SSW	0.80	5.4	SSW	25.2	28.1	28.1	27.5	1012.2	1.02	19.3	0	0.00	0	0.0	0.00	0.0	0.000	0.024	24.0	61	16.0	24.3	11.05	1.1659	0.00	110	1	96.5	5
28/10/19	8:50 p	25.1	25.2	25.1	97	24.6	2.2	SSW	0.67	4.5	SW	25.1	27.9	27.9	27.4	1012.5	1.78	38.6	0	0.00	0	0.0	0.00	0.0	0.000	0.024	24.0	64	16.8	24.4	11.65	1.1653	0.00	106	1	93.0	5
28/10/19	8:55 p	24.8	25.1	24.8	96	24.2	2.2	S	0.67	6.7	SSE	24.8	27.3	27.3	26.7	1012.9	2.29	40.4	0	0.00	0	0.0	0.00	0.0	0.000	0.023	24.1	62	16.4	24.4	11.24	1.1659	0.00	110	1	96.5	5
28/10/19	9:00 p	24.4	24.8	24.4	96	23.7	2.2	SSW	0.67	5.8	SW	24.4	26.5	26.5	25.9	1012.9	2.79	47.8	0	0.00	0	0.0	0.00	0.0	0.000	0.021	24.1	63	16.6	24.5	11.44	1.1655	0.00	110	1	96.5	5
28/10/19	9:05 p	24.3	24.3	24.3	97	23.8	1.3	SSW	0.40	3.1	WSW	24.3	26.5	26.5	25.9	1012.6	1.02	33.8	0	0.00	0	0.0	0.00	0.0	0.000	0.021	24.1	60	15.9	24.3	10.93	1.1662	0.00	118	1	100.0	5
28/10/19	9:10 p	24.3	24.3	24.3	96	23.6	0.9	WNW	0.27	1.8	WNW	24.3	26.3	26.3	25.7	1012.3	0.51	7.9	0	0.00	0	0.0	0.00	0.0	0.000	0.021	24.1	61	16.1	24.4	11.04	1.1655	0.00	112	1	98.2	5
28/10/19	9:15 p	24.0	24.3	24.0	95	23.1	0.0	WNW	0.00	0.9	WNW	24.0	25.9	25.9	25.2	1012.2	0.51	7.1	0	0.00	0	0.0	0.00	0.0	0.000	0.020	24.2	61	16.2	24.4	11.04	1.1651	0.00	103	1	90.4	5
28/10/19	9:20 p	24.0	24.1	24.0	96	23.3	0.4	ENE	0.13	1.3	ENE	24.0	25.9	25.9	25.3	1012.1	0.25	6.1	0	0.00	0	0.0	0.00	0.0	0.000	0.020	24.1	59	15.6	24.3	10.73	1.1660	0.00	104	1	91.2	5
28/10/19	9:25 p	24.1	24.1	24.0	96	23.4	0.9	ENE	0.27	2.2	E	24.1	26.0	26.0	25.4	1012.3	0.25	4.1	0	0.00	0	0.0	0.00	0.0	0.000	0.020	24.1	61	16.1	24.4	11.04	1.1655	0.00	107	1	93.9	5
28/10/19	9:30 p	24.2	24.2	24.1	96	23.5	0.9	ENE	0.27	1.8	E	24.2	26.2	26.2	25.6	1012.5	0.51	6.1	0	0.00	0	0.0	0.00	0.0	0.000	0.020	24.1	57	15.0	24.2	10.34	1.1674	0.00	111	1	97.4	5
28/10/19	9:35 p	24.1	24.1	24.1	96	23.4	0.4	ENE	0.13	1.8	ENE	24.1	26.1	26.1	25.5	1012.2	0.25	5.6	0	0.00	0	0.0	0.00	0.0	0.000	0.020	24.1	60	15.8	24.3	10.94	1.1660	0.00	113	1	99.1	5
28/10/19	9:40 p	24.1	24.1	24.1	97	23.6	0.4	ENE	0.13	1.3	NE	24.1	26.2	26.2	25.6	1011.8	0.25	4.1	0	0.00	0	0.0	0.00	0.0	0.000	0.020	24.1	55	14.5	24.2	10.04	1.1673	0.00	114	1	100.0	5
28/10/19	9:45 p	24.0	24.1	24.0	97	23.5	0.0	NE	0.00	0.9	NE	24.0	26.0	26.0	25.4	1011.7	0.00	2.0	0	0.00	0	0.0	0.00	0.0	0.000	0.020	24.0	59	15.5	24.2	10.74	1.1661	0.00	111	1	97.4	5
28/10/19	9:50 p	24.0	24.1	24.0	97	23.5	0.0	NE	0.00	0.4	NE	24.0	26.0	26.0	25.4	1011.4	0.00	1.5	0	0.00	0	0.0	0.00	0.0	0.000	0.020	24.1	57	15.0	24.2	10.34	1.1662	0.00	110	1	96.5	5
28/10/19	9:55 p	24.0	24.1	24.0	97	23.5	0.0	NE	0.00	0.9	NE	24.0	26.0	26.0	25.4	1011.4	0.25	1.5	0	0.00	0	0.0	0.00	0.0	0.000	0.020	23.9	57	14.9	24.1	10.35	1.1668	0.00	114	1	100.0	5
28/10/19	10:00 p	24.2	24.2	24.0	97	23.7	0.4	NE	0.13	1.3	ENE	24.2	26.2	26.2	25.6	1011.8	0.00	1.0	0	0.00	0	0.0	0.00	0.0	0.000	0.020	24.0	59	15.5	24.2	10.74	1.1662	0.00	106	1	93.0	5
28/10/19	10:05 p	24.2	24.2	24.2	97	23.7	0.9	NE	0.27	1.8	NE	24.2	26.2	26.2	25.6	1011.8	0.00	1.0	0	0.00	0	0.0	0.00	0.0	0.000	0.020	24.0	56	14.7	24.1	10.24	1.1672	0.00	108	1	94.7	5
28/10/19	10:10 p	24.2	24.2	24.2	97	23.7	0.9	ENE	0.27	1.8	NE	24.2	26.3	26.3	25.7	1011.9	0.00	1.0	0	0.00	0	0.0	0.00	0.0	0.000	0.020	23.9	59	15.4	24.2	10.75	1.1666	0.00	112	1	98.2	5
28/10/19	10:15 p	24.3	24.3	24.2	97	23.8	0.9	ENE	0.27	1.3	ENE	24.3	26.4	26.4	25.8	1011.8	0.00	0.0	0	0.00	0	0.0	0.00	0.0	0.000	0.021	24.0	56	14.7	24.1	10.24	1.1672	0.00	111	1	97.4	5
28/10/19	10:20 p	24.3	24.3	24.3	97	23.8	0.4	E	0.13	1.3	ENE	24.3	26.5	26.5	25.9	1011.7	0.25	0.0	0	0.00	0	0.0	0.00	0.0	0.000	0.021	23.9	57	14.9	24.1	10.35	1.1670	0.00	110	1	96.5	5
28/10/19	10:25 p	24.3	24.3	24.3	97	23.8	0.4	E	0.13	0.9	E	24.3	26.5	26.5	25.9	1011.6	0.00	0.0	0	0.00	0	0.0	0.00	0.0	0.000	0.021	23.9	59	15.4	24.2	10.75	1.1663	0.00	113	1	99.1	5
28/10/19	10:30 p	24.3	24.4	24.3	97	23.8	0.4	SSE	0.13	1.8	SSE	24.3	26.5	26.5	25.9	1011.6	0.25	1.8	0	0.00	0	0.0	0.00	0.0	0.000	0.021	23.9	56	14.6	24.0	10.25	1.1675	0.00	111	1	97.4	5
28/10/19	10:35 p	24.3	24.3	24.2	97	23.8	0.9	E	0.27	1.8	E	24.3	26.4	26.4	25.8	1011.7	0.25	3.3	0	0.00	0	0.0	0.00	0.0	0.000	0.021	23.9	59	15.4	24.1	10.75	1.1667	0.00	115	1	100.0	5
28/10/19	10:40 p	24.3	24.3	24.2	97	23.8	0.9	E	0.27	1.8	E	24.3	26.5	26.5	25.9	1011.7	0.25	3.3	0	0.00	0	0.0	0.00	0.0	0.000	0.021	23.9	55	14.3	24.0	10.05	1.1681	0.00	115	1	100.0	5
28/10/19	10:45 p	24.3	24.3	24.3	97	23.8	0.9	ENE	0.27	1.8	ENE	24.3	26.5	26.5	25.9	1011.7	0.25	3.0	0	0.00	0	0.0	0.00	0.0	0.000	0.021	23.8	58	15.1	24.0	10.55	1.1673	0.00	114	1	100.0	5
28/10/19	10:50 p	24.3	24.4	24.3	97	23.8	0.9	ENE	0.27	2.2	ENE	24.3	26.5	26.5	25.9	1011.6	0.00	2.0	0	0.00	0	0.0	0.00	0.0	0.000	0.021	23.9	60	15.7	24.2	10.95	1.1659	0.00	117	1	100.0	5
28/10/19	10:55 p	24.3	24.3	24.3	97	23.8	0.4	E	0.13	1.3	E	24.3	26.4	26.4	25.8	1011.5	0.25	2.0	0	0.00	0	0.0	0.00	0.0	0.000	0.021	23.9	57	14.9	24.1	10.35	1.1671	0.00	108	1	94.7	5
28/10/19	11:00 p	24.4	24.4	24.3	98	24.1	0.9	E	0.27	1.8	E	24.4	26.7	26.7	26.1	1011.5	0.00	1.5	0	0.00	0	0.0	0.00	0.0	0.000	0.021	23.9	60	15.7	24.1	10.95	1.1661	0.00	110	1	96.5	5
28/10/19	11:05 p	24.4	24.4	24.3	98	24.1	0.4	E	0.13	1.3	E	24.4	26.7	26.7	26.1	1011.2	0.00	1.3	0	0.00	0	0.0	0.00	0.0	0.000	0.021	23.9	57	14.9	24.1	10.35	1.1665	0.00	107	1	93.9	5
28/10/19	11:10 p	24.3	24.4	24.3	97	23.8	0.4	SE	0.13	1.3	SE	24.3	26.5	26.5	25.9	1011.0	0.25	1.3	0	0.00	0	0.0	0.00	0.0	0.000	0.021	23.8	59	15.3	24.1	10.75	1.1662	0.00	105	1	92.1	5
28/10/19	11:15 p	24.3	24.4	24.3	97	23.8	0.4	SE	0.13	0.9	SE	24.3	26.5	26.5	25.9	1011.0	0.00	1.0	0	0.00	0	0.0	0.00	0.0	0.000	0.021	23.9	60	15.7	24.1	10.95	1.1655	0.00	109	1	95.6	5
28/10/19	11:20 p	24.3	24.3	24.3	97	23.8	0.4	SE	0.13	0.9	SE	24.3	26.4	26.4	25.8	1011.1	0.25	1.3	0	0.00	0	0.0	0.00	0.0	0.000	0.021	23.8	57	14.8	24.0	10.35	1.1669	0.00	105	1	92.1	5
28/10/19	11:25 p	24.3	24.4	24.3	97	23.8	0.0	SE	0.00	0.9	SE	24.3	26.5	26.5	25.9	1010.8	0.00	1.3	0	0.00	0	0.0	0.00	0.0	0.000	0.021	23.8	60	15.6	24.1	10.95	1.1656	0.00	102	1	89.5	5
28/10/19	11:30 p	24.3	24.4	24.3	97	23.8	0.0	SE	0.00	0.4	SE	24.3	26.5	26.5	25.9	1010.9	0.00	1.3	0	0.00	0	0.0	0.00	0.0	0.000	0.021	23.9	58	15.1	24.1	10.55	1.1660	0.00	100	1	87.7	5
28/10/19	11:35 p	24.3	24.4	24.3	98	24.0	0.4	SE	0.13	0.9	SE	24.3	26.6	26.6	25.9	1010.7	0.25	1.3	0	0.00	0	0.0	0.00	0.0	0.000	0.021	23.8	57	14.8	24.0	10.35	1.1665	0.00	101	1	88.6	5
28/10/19	11:40 p	24.3	24.3	24.3	98	24.0	0.4	SE	0.13	0.9	SE	24.3	26.6	26.6	25.9	1010.7	0.00	1.0	0	0.00	0	0.0	0.00	0.0	0.000	0.021	23.8	60	15.6	24.1	10.95	1.1654	0.00	103	1	90.4	5
28/10/19	11:45 p	24.3	24.3	24.3	98	24.0	0.4	SE	0.13	0.9	SE	24.3	26.6	26.6	25.9	1010.7	0.25	1.3	0	0.00	0	0.0	0.00	0.0	0.000	0.021	23.8	57	14.8	24.0	10.35	1.1665	0.00	101	1	88.6	5
28/10/19	11:50 p	24.3	24.3	24.3	98	24.0	0.4	SE	0.13	1.3	SE	24.3	26.6	26.6	25.9	1010.7	0.00	1.3	0	0.00	0	0.0	0.00	0.0	0.000	0.021	23.8	60	15.6	24.1	10.95	1.1655	0.00	101	1	88.6	5
28/10/19	11:55 p	24.3	24.3	24.3	98	24.0	0.4	SE	0.13	1.3	SE	24.3	26.6	26.6	25.9	1010.8	0.00	1.3	0	0.00	0	0.0	0.00	0.0	0.000	0.021	23.8	60	15.6	24.1	10.95	1.1656	0.00	100	1	87.7	5
