	Temp	Hi	Low	Out	Dew	Wind	Wind	Wind	Hi	Hi	Wind	Heat	THW	THSW			Rain	Solar	Solar	Hi Solar	UV 	UV 	Hi 	Heat	Cool	In 	In	In 	In 	In 	In Air		Wind	Wind	ISS 	Arc.
Date	Time	Out	Temp	Temp	Hum	Pt.	Speed	Dir	Run	Speed	Dir	Chill	Index	Index	Index	Bar  	Rain	Rate	Rad.	Energy	Rad. 	Index	Dose	UV 	D-D 	D-D 	Temp	Hum	Dew	Heat	EMC	Density	ET 	Samp	Tx 	Recept	Int.
03/07/19	3:43 p	30.2	30.2	30.2	80	26.4	3.1	N	0.19	5.4	N	30.2	38.4	38.4	43.2	1007.4	0.00	0.0	405	0.58	413	3.1	0.02	3.1	0.000	0.008	29.2	66	22.2	32.6	11.86	1.1305	0.00	24	1	100.0	1
03/07/19	3:44 p	30.3	30.3	30.2	80	26.4	2.7	N	0.16	4.5	NNW	30.3	38.6	38.6	43.4	1007.4	0.00	0.0	396	0.57	396	3.1	0.02	3.1	0.000	0.008	29.2	66	22.2	32.6	11.86	1.1305	0.00	23	1	100.0	1
03/07/19	3:45 p	30.3	30.3	30.3	79	26.3	3.1	N	0.19	6.3	NNW	30.3	38.4	38.4	42.8	1007.4	0.00	0.0	357	0.51	357	2.9	0.02	2.9	0.000	0.008	29.2	66	22.2	32.6	11.86	1.1305	0.00	24	1	100.0	1
03/07/19	3:46 p	30.3	30.3	30.3	79	26.3	3.6	NNW	0.21	4.9	NNW	30.3	38.4	38.4	42.6	1007.5	0.00	0.0	353	0.51	353	2.9	0.02	2.9	0.000	0.008	29.2	66	22.2	32.6	11.86	1.1305	0.00	22	1	95.7	1
03/07/19	3:47 p	30.4	30.4	30.3	79	26.3	3.1	N	0.19	5.4	NNW	30.4	38.6	38.6	43.2	1007.4	0.00	0.0	376	0.54	376	2.9	0.02	2.9	0.000	0.008	29.3	66	22.3	32.7	11.86	1.1302	0.00	22	1	95.7	1
03/07/19	3:48 p	30.4	30.4	30.3	78	26.1	3.1	NNW	0.19	4.5	N	30.4	38.3	38.3	42.9	1007.4	0.00	0.0	376	0.54	376	2.8	0.02	2.8	0.000	0.008	29.2	66	22.2	32.6	11.86	1.1305	0.00	23	1	100.0	1
03/07/19	3:49 p	30.4	30.4	30.4	78	26.1	3.6	N	0.21	7.2	NNE	30.3	38.3	38.3	42.4	1007.4	0.00	0.0	352	0.50	355	2.8	0.02	2.8	0.000	0.008	29.2	66	22.2	32.6	11.86	1.1305	0.00	22	1	95.7	1
03/07/19	3:50 p	30.4	30.4	30.3	78	26.1	3.1	NNW	0.19	6.3	NNW	30.4	38.3	38.3	42.8	1007.4	0.00	0.0	362	0.52	362	2.8	0.02	2.8	0.000	0.008	29.2	66	22.2	32.6	11.86	1.1305	0.00	24	1	100.0	1
03/07/19	3:51 p	30.4	30.4	30.4	78	26.1	3.6	N	0.21	5.8	NNE	30.3	38.3	38.3	42.6	1007.5	0.00	0.0	366	0.52	366	2.8	0.02	2.8	0.000	0.008	29.3	66	22.3	32.7	11.86	1.1303	0.00	21	1	91.3	1
03/07/19	3:52 p	30.4	30.4	30.4	78	26.1	2.7	NNW	0.16	4.0	ESE	30.4	38.3	38.3	42.8	1007.5	0.00	0.0	353	0.51	353	2.7	0.02	2.7	0.000	0.008	29.3	66	22.3	32.7	11.86	1.1303	0.00	23	1	100.0	1
03/07/19	3:53 p	30.4	30.4	30.4	79	26.3	2.7	NNE	0.16	4.5	NNE	30.4	38.6	38.6	43.1	1007.6	0.00	0.0	355	0.51	355	2.7	0.02	2.7	0.000	0.008	29.3	66	22.3	32.7	11.86	1.1303	0.00	22	1	95.7	1
03/07/19	3:54 p	30.4	30.4	30.4	79	26.3	1.3	NNE	0.08	2.7	NNE	30.4	38.6	38.6	43.2	1007.6	0.00	0.0	360	0.52	360	2.7	0.02	2.7	0.000	0.008	29.2	66	22.2	32.6	11.86	1.1306	0.00	22	1	95.7	1
03/07/19	3:55 p	30.4	30.4	30.4	80	26.6	1.8	NNW	0.11	3.6	NNE	30.4	39.1	39.1	43.9	1007.6	0.00	0.0	376	0.54	381	2.7	0.02	2.7	0.000	0.008	29.3	66	22.3	32.7	11.86	1.1304	0.00	24	1	100.0	1
03/07/19	3:56 p	30.5	30.5	30.4	80	26.7	1.3	NNW	0.08	2.2	N	30.5	39.3	39.3	44.1	1007.6	0.00	0.0	376	0.54	376	2.7	0.02	2.7	0.000	0.008	29.3	66	22.3	32.7	11.86	1.1303	0.00	23	1	100.0	1
03/07/19	3:57 p	30.6	30.6	30.6	80	26.7	2.2	N	0.13	3.6	N	30.6	39.4	39.4	44.4	1007.5	0.00	0.0	387	0.55	387	2.7	0.02	2.7	0.000	0.008	29.3	66	22.3	32.7	11.86	1.1302	0.00	23	1	100.0	1
03/07/19	3:58 p	30.6	30.6	30.6	80	26.8	1.8	NNE	0.11	3.1	NNE	30.6	39.6	39.6	44.5	1007.6	0.00	0.0	385	0.55	385	2.6	0.02	2.6	0.000	0.009	29.3	66	22.3	32.7	11.86	1.1303	0.00	23	1	100.0	1
03/07/19	3:59 p	30.6	30.6	30.6	79	26.6	3.6	N	0.21	5.8	N	30.6	39.3	39.3	43.7	1007.6	0.00	0.0	371	0.53	371	2.6	0.02	2.6	0.000	0.009	29.3	66	22.3	32.7	11.86	1.1303	0.00	23	1	100.0	1
03/07/19	4:00 p	30.6	30.6	30.6	79	26.6	2.7	N	0.16	4.0	NNW	30.6	39.3	39.3	44.1	1007.6	0.00	0.0	374	0.54	378	2.5	0.02	2.5	0.000	0.009	29.3	66	22.3	32.7	11.86	1.1303	0.33	24	1	100.0	1
03/07/19	4:01 p	30.6	30.6	30.6	79	26.5	3.1	NE	0.19	4.9	NE	30.6	39.2	39.2	44.0	1007.5	0.00	0.0	390	0.56	390	2.5	0.02	2.5	0.000	0.008	29.3	66	22.3	32.7	11.86	1.1303	0.00	23	1	100.0	1
03/07/19	4:02 p	30.6	30.6	30.6	79	26.5	3.1	N	0.19	4.5	NNE	30.6	39.2	39.2	44.3	1007.6	0.00	0.0	417	0.60	417	2.6	0.02	2.6	0.000	0.008	29.3	66	22.3	32.7	11.86	1.1303	0.00	24	1	100.0	1
03/07/19	4:03 p	30.7	30.7	30.6	79	26.6	1.8	N	0.11	2.2	NNW	30.7	39.5	39.5	44.9	1007.6	0.00	0.0	427	0.61	427	2.6	0.02	2.6	0.000	0.009	29.3	66	22.3	32.7	11.86	1.1304	0.00	23	1	100.0	1
03/07/19	4:04 p	30.8	30.8	30.7	79	26.7	1.8	NW	0.11	3.6	N	30.8	39.8	39.8	45.3	1007.6	0.00	0.0	432	0.62	432	2.6	0.02	2.6	0.000	0.009	29.3	67	22.5	32.9	12.06	1.1299	0.00	23	1	100.0	1
03/07/19	4:05 p	30.8	30.8	30.8	79	26.8	2.2	NW	0.13	3.6	N	30.8	40.0	40.0	45.6	1007.7	0.00	0.0	443	0.64	443	2.6	0.02	2.6	0.000	0.009	29.3	66	22.3	32.7	11.86	1.1304	0.00	24	1	100.0	1
03/07/19	4:06 p	30.8	30.8	30.8	78	26.5	2.2	NNW	0.13	4.5	NW	30.8	39.7	39.7	45.3	1007.7	0.00	0.0	446	0.64	462	2.6	0.02	2.6	0.000	0.009	29.3	67	22.5	32.9	12.06	1.1300	0.00	23	1	100.0	1
03/07/19	4:07 p	30.9	30.9	30.9	77	26.4	3.1	NNW	0.19	4.9	NNE	30.9	39.6	39.6	44.3	1007.7	0.00	0.0	374	0.54	374	2.5	0.02	2.5	0.000	0.009	29.3	67	22.5	32.9	12.06	1.1300	0.00	24	1	100.0	1
03/07/19	4:08 p	30.9	30.9	30.9	76	26.2	2.2	NNW	0.13	4.0	NW	30.9	39.4	39.4	45.1	1007.7	0.00	0.0	457	0.66	457	2.5	0.02	2.5	0.000	0.009	29.3	67	22.5	32.9	12.06	1.1300	0.00	23	1	100.0	1
03/07/19	4:09 p	30.9	30.9	30.9	76	26.2	2.2	NNW	0.13	4.9	W	30.9	39.4	39.4	45.2	1007.7	0.00	0.0	471	0.68	471	2.5	0.02	2.5	0.000	0.009	29.3	67	22.6	33.0	12.05	1.1297	0.00	24	1	100.0	1
03/07/19	4:10 p	30.9	30.9	30.9	76	26.2	2.2	N	0.13	4.0	N	30.9	39.4	39.4	45.3	1007.8	0.00	0.0	471	0.68	471	2.5	0.02	2.5	0.000	0.009	29.3	67	22.6	33.0	12.05	1.1298	0.00	23	1	100.0	1
03/07/19	4:11 p	30.9	30.9	30.9	76	26.2	3.6	NNW	0.21	4.5	N	30.9	39.4	39.3	44.9	1007.8	0.00	0.0	482	0.69	482	2.5	0.02	2.5	0.000	0.009	29.3	67	22.5	32.9	12.06	1.1301	0.00	23	1	100.0	1
03/07/19	4:12 p	30.9	30.9	30.9	76	26.2	2.7	N	0.16	4.0	NNW	30.9	39.2	39.2	45.1	1007.7	0.00	0.0	462	0.66	466	2.4	0.02	2.4	0.000	0.009	29.3	67	22.6	33.0	12.05	1.1297	0.00	24	1	100.0	1
03/07/19	4:13 p	30.8	30.9	30.8	76	26.1	4.5	N	0.27	6.3	NNW	30.6	39.1	38.8	43.4	1007.9	0.00	0.0	418	0.60	418	2.4	0.02	2.4	0.000	0.009	29.3	67	22.6	33.0	12.05	1.1299	0.00	23	1	100.0	1
03/07/19	4:14 p	30.8	30.8	30.8	76	26.1	3.1	NNE	0.19	4.9	NNE	30.8	39.1	39.1	43.8	1007.8	0.00	0.0	369	0.53	369	2.2	0.02	2.2	0.000	0.009	29.3	67	22.6	33.0	12.05	1.1298	0.00	24	1	100.0	1
03/07/19	4:15 p	30.8	30.8	30.8	77	26.3	2.2	NNE	0.13	4.0	NNE	30.8	39.4	39.4	43.1	1007.7	0.00	0.0	271	0.39	271	2.0	0.01	2.0	0.000	0.009	29.3	67	22.6	33.0	12.05	1.1297	0.00	22	1	95.7	1
03/07/19	4:16 p	30.8	30.8	30.8	77	26.3	2.7	NNW	0.16	5.4	NNW	30.8	39.2	39.2	42.6	1007.8	0.00	0.0	244	0.35	244	1.9	0.01	1.9	0.000	0.009	29.4	67	22.6	33.2	12.05	1.1295	0.00	22	1	95.7	1
03/07/19	4:17 p	30.7	30.8	30.7	77	26.2	3.1	N	0.19	6.3	N	30.7	39.1	39.1	41.8	1007.8	0.00	0.0	204	0.29	204	1.8	0.01	1.8	0.000	0.009	29.3	67	22.6	33.0	12.05	1.1298	0.00	24	1	100.0	1
03/07/19	4:18 p	30.6	30.7	30.6	76	25.9	3.1	NNW	0.19	5.4	N	30.6	38.4	38.4	41.1	1007.8	0.00	0.0	203	0.29	213	1.8	0.01	1.8	0.000	0.009	29.3	67	22.6	33.0	12.05	1.1298	0.00	23	1	100.0	1
03/07/19	4:19 p	30.6	30.6	30.6	77	26.1	2.2	NW	0.13	4.5	NNW	30.6	38.6	38.6	41.8	1007.8	0.00	0.0	237	0.34	237	1.9	0.01	1.9	0.000	0.008	29.4	67	22.6	33.2	12.05	1.1295	0.00	24	1	100.0	1
03/07/19	4:20 p	30.6	30.6	30.6	77	26.1	2.2	NW	0.13	4.5	WNW	30.6	38.6	38.6	41.8	1007.8	0.00	0.0	237	0.34	237	2.1	0.01	2.1	0.000	0.008	29.3	67	22.6	33.0	12.05	1.1298	0.00	22	1	95.7	1
03/07/19	4:21 p	30.6	30.6	30.6	77	26.1	2.7	N	0.16	4.9	N	30.6	38.7	38.7	44.0	1007.9	0.00	0.0	399	0.57	399	2.0	0.01	2.0	0.000	0.009	29.3	67	22.6	33.0	12.05	1.1299	0.00	22	1	95.7	1
03/07/19	4:22 p	30.6	30.6	30.6	76	25.9	3.1	NNW	0.19	5.4	N	30.6	38.4	38.4	43.5	1007.9	0.00	0.0	396	0.57	396	2.0	0.01	2.0	0.000	0.009	29.3	67	22.6	33.0	12.05	1.1299	0.00	24	1	100.0	1
03/07/19	4:23 p	30.7	30.7	30.6	76	25.9	2.7	N	0.16	4.5	NNE	30.7	38.6	38.6	44.0	1007.9	0.00	0.0	411	0.59	411	2.0	0.01	2.0	0.000	0.009	29.3	67	22.6	33.0	12.05	1.1299	0.00	22	1	95.7	1
03/07/19	4:24 p	30.7	30.7	30.7	76	26.0	2.7	N	0.16	6.3	N	30.7	38.7	38.7	44.3	1008.0	0.00	0.0	421	0.60	422	2.0	0.01	2.0	0.000	0.009	29.4	67	22.6	33.2	12.05	1.1297	0.00	23	1	100.0	1
03/07/19	4:25 p	30.7	30.7	30.7	76	26.0	3.1	N	0.19	5.4	NNE	30.7	38.7	38.7	44.3	1007.9	0.00	0.0	431	0.62	431	2.0	0.01	2.0	0.000	0.009	29.4	67	22.6	33.2	12.05	1.1296	0.00	22	1	95.7	1
03/07/19	4:26 p	30.7	30.7	30.7	76	26.0	3.1	NNW	0.19	5.4	WSW	30.7	38.7	38.7	44.3	1007.9	0.00	0.0	434	0.62	434	2.0	0.01	2.0	0.000	0.009	29.4	67	22.6	33.2	12.05	1.1296	0.00	23	1	100.0	1
03/07/19	4:27 p	30.8	30.8	30.7	76	26.1	3.6	NNW	0.21	6.3	NE	30.7	38.9	38.8	44.2	1007.9	0.00	0.0	434	0.62	434	1.9	0.01	1.9	0.000	0.009	29.4	67	22.6	33.2	12.05	1.1296	0.00	22	1	95.7	1
03/07/19	4:28 p	30.7	30.8	30.7	76	26.0	3.6	N	0.21	6.3	NE	30.7	38.7	38.7	44.0	1007.9	0.00	0.0	429	0.61	429	1.9	0.01	1.9	0.000	0.009	29.4	67	22.6	33.2	12.05	1.1296	0.00	22	1	95.7	1
03/07/19	4:29 p	30.8	30.8	30.8	77	26.3	3.1	NNW	0.19	6.3	NE	30.8	39.4	39.4	45.1	1007.9	0.00	0.0	436	0.63	436	1.9	0.01	1.9	0.000	0.009	29.4	67	22.6	33.2	12.05	1.1297	0.00	23	1	100.0	1
03/07/19	4:30 p	30.8	30.8	30.8	77	26.3	3.1	NW	0.19	5.4	NNW	30.8	39.4	39.4	44.6	1007.8	0.00	0.0	385	0.55	413	1.8	0.01	1.8	0.000	0.009	29.4	67	22.6	33.2	12.05	1.1295	0.00	21	1	91.3	1
03/07/19	4:31 p	30.8	30.8	30.8	77	26.3	4.5	NNE	0.27	6.3	N	30.5	39.2	38.9	42.9	1007.9	0.00	0.0	325	0.47	325	1.7	0.01	1.7	0.000	0.009	29.4	67	22.6	33.2	12.05	1.1296	0.00	24	1	100.0	1
03/07/19	4:32 p	30.8	30.8	30.8	76	26.1	3.6	NNE	0.21	4.9	NNW	30.7	38.9	38.8	42.9	1007.9	0.00	0.0	309	0.44	309	1.6	0.01	1.6	0.000	0.009	29.4	67	22.7	33.3	12.05	1.1293	0.00	23	1	100.0	1
03/07/19	4:33 p	30.7	30.8	30.7	76	26.0	4.0	N	0.24	6.3	NE	30.5	38.7	38.5	42.5	1007.8	0.00	0.0	316	0.45	316	1.6	0.01	1.6	0.000	0.009	29.4	67	22.6	33.2	12.05	1.1295	0.00	23	1	100.0	1
03/07/19	4:34 p	30.7	30.7	30.7	76	25.9	3.1	NNE	0.19	5.8	NNE	30.7	38.6	38.6	42.7	1007.8	0.00	0.0	301	0.43	301	1.6	0.01	1.6	0.000	0.009	29.4	67	22.7	33.3	12.05	1.1292	0.00	24	1	100.0	1
03/07/19	4:35 p	30.7	30.7	30.7	76	25.9	3.1	N	0.19	5.4	NNE	30.7	38.6	38.6	42.2	1007.8	0.00	0.0	258	0.37	258	1.5	0.01	1.5	0.000	0.009	29.4	67	22.6	33.2	12.05	1.1295	0.00	23	1	100.0	1
03/07/19	4:36 p	30.6	30.7	30.6	76	25.9	2.2	NNW	0.13	3.1	N	30.6	38.4	38.4	42.3	1007.8	0.00	0.0	269	0.39	272	1.5	0.01	1.5	0.000	0.009	29.4	67	22.7	33.3	12.05	1.1292	0.00	24	1	100.0	1
03/07/19	4:37 p	30.6	30.6	30.6	77	26.1	1.3	NNE	0.08	1.8	NNE	30.6	38.7	38.7	42.4	1007.8	0.00	0.0	255	0.37	255	1.5	0.01	1.5	0.000	0.009	29.4	67	22.7	33.3	12.05	1.1291	0.00	22	1	95.7	1
03/07/19	4:38 p	30.6	30.6	30.6	78	26.3	2.2	NNE	0.13	3.6	NNE	30.6	39.0	39.0	42.8	1007.8	0.00	0.0	260	0.37	260	1.4	0.01	1.4	0.000	0.009	29.4	67	22.7	33.3	12.05	1.1292	0.00	24	1	100.0	1
03/07/19	4:39 p	30.6	30.6	30.6	77	26.1	3.6	N	0.21	6.3	NE	30.5	38.6	38.5	42.1	1007.8	0.00	0.0	264	0.38	264	1.4	0.01	1.4	0.000	0.008	29.4	67	22.7	33.3	12.05	1.1291	0.00	23	1	100.0	1
03/07/19	4:40 p	30.5	30.6	30.5	77	26.0	2.7	N	0.16	5.4	NNE	30.5	38.4	38.4	42.3	1007.8	0.00	0.0	271	0.39	271	1.4	0.01	1.4	0.000	0.008	29.4	67	22.7	33.3	12.05	1.1292	0.00	23	1	100.0	1
03/07/19	4:41 p	30.5	30.5	30.5	77	26.0	2.7	NNE	0.16	5.8	NNE	30.5	38.4	38.4	42.3	1007.8	0.00	0.0	267	0.38	269	1.3	0.01	1.3	0.000	0.008	29.4	67	22.7	33.3	12.05	1.1292	0.00	24	1	100.0	1
03/07/19	4:42 p	30.4	30.5	30.4	77	26.0	3.1	NNE	0.19	4.5	NE	30.4	38.2	38.2	42.6	1007.8	0.00	0.0	308	0.44	308	1.3	0.01	1.3	0.000	0.008	29.4	67	22.6	33.2	12.05	1.1295	0.00	23	1	100.0	1
03/07/19	4:43 p	30.4	30.4	30.4	77	26.0	1.8	NNW	0.11	2.7	NNW	30.4	38.2	38.2	43.2	1007.8	0.00	0.0	345	0.49	345	1.4	0.01	1.4	0.000	0.008	29.4	67	22.7	33.3	12.05	1.1292	0.00	23	1	100.0	1
03/07/19	4:44 p	30.4	30.4	30.4	77	26.0	1.8	NNE	0.11	4.0	NE	30.4	38.2	38.2	42.8	1007.8	0.00	0.0	313	0.45	313	1.3	0.01	1.3	0.000	0.008	29.4	67	22.6	33.2	12.05	1.1295	0.00	23	1	100.0	1
03/07/19	4:45 p	30.5	30.5	30.4	77	26.0	2.2	NNE	0.13	4.0	NNW	30.5	38.4	38.4	42.6	1007.8	0.00	0.0	283	0.41	283	1.3	0.01	1.3	0.000	0.008	29.4	67	22.6	33.2	12.05	1.1295	0.00	23	1	100.0	1
03/07/19	4:46 p	30.4	30.5	30.4	77	26.0	3.1	N	0.19	5.4	N	30.4	38.2	38.2	42.0	1007.8	0.00	0.0	260	0.37	260	1.2	0.01	1.2	0.000	0.008	29.4	67	22.6	33.2	12.05	1.1295	0.00	24	1	100.0	1
03/07/19	4:47 p	30.4	30.4	30.4	77	25.9	2.7	NNW	0.16	4.5	NNW	30.4	38.1	38.1	41.4	1007.8	0.00	0.0	220	0.32	232	1.2	0.01	1.2	0.000	0.008	29.4	67	22.7	33.3	12.05	1.1292	0.00	23	1	100.0	1
03/07/19	4:48 p	30.3	30.4	30.3	76	25.6	2.2	NNW	0.13	3.6	NNW	30.3	37.6	37.6	40.8	1007.8	0.00	0.0	207	0.30	207	1.1	0.01	1.1	0.000	0.008	29.4	67	22.6	33.2	12.05	1.1295	0.00	24	1	100.0	1
03/07/19	4:49 p	30.3	30.3	30.3	77	25.8	2.2	NW	0.13	4.5	ENE	30.3	37.9	37.9	41.3	1007.8	0.00	0.0	221	0.32	221	1.1	0.01	1.1	0.000	0.008	29.4	67	22.7	33.3	12.05	1.1292	0.00	23	1	100.0	1
03/07/19	4:50 p	30.3	30.3	30.3	77	25.8	3.6	NNE	0.21	5.4	NNW	30.2	37.7	37.7	40.6	1007.8	0.00	0.0	206	0.30	206	1.1	0.01	1.1	0.000	0.008	29.4	67	22.7	33.3	12.05	1.1292	0.00	24	1	100.0	1
03/07/19	4:51 p	30.2	30.3	30.2	77	25.7	2.2	NNE	0.13	4.5	NNE	30.2	37.6	37.6	40.6	1007.8	0.00	0.0	195	0.28	195	1.0	0.01	1.0	0.000	0.008	29.4	67	22.7	33.3	12.05	1.1292	0.00	23	1	100.0	1
03/07/19	4:52 p	30.2	30.3	30.2	77	25.7	3.1	N	0.19	4.5	N	30.2	37.6	37.6	40.2	1007.8	0.00	0.0	179	0.26	179	1.0	0.01	1.0	0.000	0.008	29.4	67	22.6	33.2	12.05	1.1295	0.00	23	1	100.0	1
03/07/19	4:53 p	30.2	30.2	30.2	78	25.9	2.7	N	0.16	6.3	N	30.2	37.7	37.7	39.9	1007.8	0.00	0.0	152	0.22	156	1.0	0.01	1.0	0.000	0.008	29.4	67	22.7	33.3	12.05	1.1291	0.00	24	1	100.0	1
03/07/19	4:54 p	30.2	30.2	30.2	78	26.0	3.6	NNE	0.21	5.4	N	30.1	37.8	37.7	39.8	1007.8	0.00	0.0	148	0.21	148	0.9	0.01	0.9	0.000	0.008	29.4	67	22.7	33.3	12.05	1.1292	0.00	23	1	100.0	1
03/07/19	4:55 p	30.1	30.2	30.1	78	25.8	3.1	N	0.19	5.4	NNE	30.1	37.5	37.5	39.6	1007.7	0.00	0.0	141	0.20	141	0.9	0.01	0.9	0.000	0.008	29.4	67	22.7	33.3	12.05	1.1291	0.00	23	1	100.0	1
03/07/19	4:56 p	30.1	30.1	30.1	78	25.8	3.1	NNE	0.19	4.9	N	30.1	37.5	37.5	39.6	1007.7	0.00	0.0	135	0.19	135	0.9	0.01	0.9	0.000	0.008	29.4	67	22.7	33.3	12.05	1.1291	0.00	22	1	95.7	1
03/07/19	4:57 p	30.1	30.1	30.1	78	25.8	2.7	N	0.16	4.5	N	30.1	37.3	37.3	39.4	1007.7	0.00	0.0	135	0.19	135	0.8	0.01	0.8	0.000	0.008	29.4	67	22.7	33.3	12.05	1.1291	0.00	22	1	95.7	1
03/07/19	4:58 p	30.0	30.1	30.0	79	26.0	2.2	NNW	0.13	4.5	NNW	30.0	37.4	37.4	39.5	1007.6	0.00	0.0	135	0.19	135	0.8	0.01	0.8	0.000	0.008	29.4	67	22.7	33.3	12.05	1.1290	0.00	24	1	100.0	1
03/07/19	4:59 p	29.9	30.1	29.9	79	25.9	2.2	NNE	0.13	4.0	NNW	29.9	37.3	37.3	39.3	1007.7	0.00	0.0	133	0.19	134	0.8	0.01	0.8	0.000	0.008	29.4	67	22.7	33.3	12.05	1.1291	0.00	22	1	95.7	1
03/07/19	5:00 p	29.9	29.9	29.9	79	25.9	1.8	NNE	0.11	2.2	N	29.9	37.3	37.3	39.3	1007.7	0.00	0.0	132	0.19	132	0.8	0.01	0.8	0.000	0.008	29.4	67	22.7	33.3	12.05	1.1291	0.25	24	1	100.0	1
03/07/19	5:01 p	29.9	29.9	29.9	80	26.1	2.7	N	0.16	4.9	NNW	29.9	37.6	37.6	39.6	1007.7	0.00	0.0	132	0.19	132	0.8	0.01	0.8	0.000	0.008	29.4	67	22.7	33.3	12.05	1.1291	0.00	22	1	95.7	1
03/07/19	5:02 p	29.9	29.9	29.9	80	26.1	1.3	NW	0.08	3.6	N	29.9	37.6	37.6	39.7	1007.8	0.00	0.0	134	0.19	134	0.7	0.00	0.7	0.000	0.008	29.4	67	22.7	33.3	12.05	1.1291	0.00	24	1	100.0	1
03/07/19	5:03 p	29.9	29.9	29.9	79	25.9	2.7	N	0.16	4.0	ENE	29.9	37.3	37.3	39.4	1007.8	0.00	0.0	137	0.20	137	0.7	0.00	0.7	0.000	0.008	29.4	67	22.7	33.3	12.05	1.1292	0.00	22	1	95.7	1
03/07/19	5:04 p	29.9	29.9	29.9	79	25.8	2.7	N	0.16	4.0	N	29.9	37.2	37.2	39.4	1007.8	0.00	0.0	144	0.21	144	0.7	0.00	0.7	0.000	0.008	29.4	67	22.7	33.3	12.05	1.1292	0.00	23	1	100.0	1
03/07/19	5:05 p	29.9	29.9	29.9	80	26.1	2.2	N	0.13	5.4	N	29.9	37.4	37.4	39.9	1007.7	0.00	0.0	157	0.23	158	0.7	0.00	0.7	0.000	0.008	29.4	67	22.6	33.2	12.05	1.1294	0.00	24	1	100.0	1
03/07/19	5:06 p	29.9	29.9	29.9	79	25.9	3.6	NNE	0.21	5.4	N	29.8	37.3	37.2	39.6	1007.8	0.00	0.0	156	0.22	156	0.7	0.00	0.7	0.000	0.008	29.4	67	22.7	33.3	12.05	1.1291	0.00	23	1	100.0	1
03/07/19	5:07 p	29.9	29.9	29.9	79	25.8	2.7	NNW	0.16	4.5	NNE	29.9	37.2	37.2	39.6	1007.8	0.00	0.0	153	0.22	153	0.7	0.00	0.7	0.000	0.008	29.4	67	22.6	33.2	12.05	1.1295	0.00	24	1	100.0	1
03/07/19	5:08 p	29.9	29.9	29.9	80	26.1	2.2	N	0.13	4.5	N	29.9	37.6	37.6	40.0	1007.7	0.00	0.0	151	0.22	151	0.7	0.00	0.7	0.000	0.008	29.4	67	22.7	33.3	12.05	1.1291	0.00	23	1	100.0	1
03/07/19	5:09 p	29.8	29.9	29.8	80	26.0	1.3	N	0.08	2.7	NNW	29.8	37.3	37.3	39.8	1007.7	0.00	0.0	156	0.22	156	0.7	0.00	0.7	0.000	0.008	29.4	67	22.7	33.3	12.05	1.1290	0.00	23	1	100.0	1
03/07/19	5:10 p	29.9	29.9	29.8	81	26.3	1.8	N	0.11	4.0	N	29.9	37.7	37.7	40.3	1007.7	0.00	0.0	160	0.23	160	0.6	0.00	0.6	0.000	0.008	29.4	67	22.7	33.3	12.05	1.1291	0.00	24	1	100.0	1
03/07/19	5:11 p	29.9	29.9	29.8	80	26.1	2.2	N	0.13	3.6	N	29.9	37.4	37.4	40.1	1007.8	0.00	0.0	163	0.23	167	0.6	0.00	0.6	0.000	0.008	29.4	67	22.6	33.2	12.05	1.1295	0.00	23	1	100.0	1
03/07/19	5:12 p	29.9	29.9	29.9	81	26.3	1.3	NNE	0.08	1.8	NE	29.9	37.7	37.7	40.6	1007.8	0.00	0.0	171	0.25	171	0.6	0.00	0.6	0.000	0.008	29.4	67	22.6	33.2	12.05	1.1295	0.00	24	1	100.0	1
03/07/19	5:13 p	29.9	29.9	29.9	81	26.3	0.9	NNW	0.05	2.2	N	29.9	37.7	37.7	39.6	1007.7	0.00	0.0	118	0.17	118	0.6	0.00	0.6	0.000	0.008	29.4	67	22.7	33.3	12.05	1.1291	0.00	23	1	100.0	1
03/07/19	5:14 p	29.9	29.9	29.9	81	26.3	2.7	NNE	0.16	4.0	NNW	29.9	37.7	37.7	41.2	1007.8	0.00	0.0	204	0.29	204	0.6	0.00	0.6	0.000	0.008	29.4	67	22.7	33.3	12.05	1.1292	0.00	24	1	100.0	1
03/07/19	5:15 p	29.9	29.9	29.9	81	26.3	1.8	N	0.11	3.1	NNE	29.9	37.9	37.9	41.1	1007.7	0.00	0.0	190	0.27	190	0.6	0.00	0.6	0.000	0.008	29.4	67	22.7	33.3	12.05	1.1291	0.00	23	1	100.0	1
03/07/19	5:16 p	29.9	29.9	29.9	81	26.3	2.7	N	0.16	4.0	N	29.9	37.7	37.7	41.3	1007.8	0.00	0.0	211	0.30	211	0.6	0.00	0.6	0.000	0.008	29.4	67	22.7	33.3	12.05	1.1291	0.00	22	1	95.7	1
03/07/19	5:17 p	29.9	29.9	29.9	80	26.1	3.1	N	0.19	4.5	N	29.9	37.4	37.4	41.2	1007.8	0.00	0.0	232	0.33	236	0.6	0.00	0.6	0.000	0.008	29.4	67	22.7	33.3	12.05	1.1292	0.00	24	1	100.0	1
03/07/19	5:18 p	29.9	29.9	29.9	81	26.3	1.8	NNW	0.11	2.2	NNW	29.9	37.9	37.9	42.1	1007.8	0.00	0.0	244	0.35	244	0.6	0.00	0.6	0.000	0.008	29.4	67	22.6	33.2	12.05	1.1295	0.00	23	1	100.0	1
03/07/19	5:19 p	29.9	29.9	29.9	81	26.3	1.8	NNE	0.11	4.0	NNE	29.9	37.9	37.9	42.0	1007.9	0.00	0.0	241	0.35	241	0.6	0.00	0.6	0.000	0.008	29.4	67	22.7	33.3	12.05	1.1293	0.00	24	1	100.0	1
03/07/19	5:20 p	29.9	29.9	29.9	81	26.3	2.7	NE	0.16	4.9	NE	29.9	37.9	37.9	41.9	1007.9	0.00	0.0	237	0.34	237	0.5	0.00	0.5	0.000	0.008	29.4	67	22.6	33.2	12.05	1.1296	0.00	23	1	100.0	1
03/07/19	5:21 p	30.0	30.0	29.9	80	26.2	3.1	NNE	0.19	4.9	N	30.0	37.7	37.7	41.7	1008.0	0.00	0.0	234	0.34	234	0.5	0.00	0.5	0.000	0.008	29.4	67	22.7	33.3	12.05	1.1294	0.00	23	1	100.0	1
03/07/19	5:22 p	29.9	30.0	29.9	81	26.3	4.0	NNE	0.24	5.8	NNE	29.7	37.9	37.6	41.2	1007.9	0.00	0.0	227	0.33	229	0.5	0.00	0.5	0.000	0.008	29.4	67	22.7	33.3	12.05	1.1293	0.00	24	1	100.0	1
03/07/19	5:23 p	30.0	30.0	29.9	80	26.2	2.7	NNW	0.16	4.5	N	30.0	37.7	37.7	41.5	1008.0	0.00	0.0	214	0.31	214	0.5	0.00	0.5	0.000	0.008	29.4	67	22.6	33.2	12.05	1.1297	0.00	23	1	100.0	1
03/07/19	5:24 p	29.9	30.0	29.9	81	26.3	3.1	N	0.19	4.5	N	29.9	37.9	37.9	41.3	1008.0	0.00	0.0	199	0.29	199	0.5	0.00	0.5	0.000	0.008	29.4	67	22.7	33.3	12.05	1.1294	0.00	24	1	100.0	1
03/07/19	5:25 p	29.9	30.0	29.9	80	26.1	3.1	NNE	0.19	4.5	NNE	29.9	37.6	37.6	40.8	1007.9	0.00	0.0	188	0.27	188	0.5	0.00	0.5	0.000	0.008	29.4	68	22.9	33.4	12.25	1.1289	0.00	23	1	100.0	1
03/07/19	5:26 p	29.9	29.9	29.9	81	26.3	3.1	N	0.19	5.4	N	29.9	37.9	37.9	41.2	1008.0	0.00	0.0	190	0.27	190	0.5	0.00	0.5	0.000	0.008	29.4	68	22.9	33.4	12.25	1.1289	0.00	22	1	95.7	1
03/07/19	5:27 p	29.9	29.9	29.9	81	26.3	4.0	NNE	0.24	5.8	NNE	29.6	37.7	37.4	40.6	1008.0	0.00	0.0	197	0.28	197	0.0	0.00	0.0	0.000	0.008	29.4	68	22.9	33.4	12.25	1.1289	0.00	24	1	100.0	1
03/07/19	5:28 p	29.9	29.9	29.9	81	26.3	1.8	NNE	0.11	4.0	NNE	29.9	37.7	37.7	41.2	1007.9	0.00	0.0	192	0.28	197	0.0	0.00	0.0	0.000	0.008	29.4	68	22.9	33.4	12.25	1.1289	0.00	23	1	100.0	1
03/07/19	5:29 p	29.9	29.9	29.9	81	26.3	2.7	N	0.16	4.9	N	29.9	37.7	37.7	41.1	1008.0	0.00	0.0	186	0.27	186	0.0	0.00	0.0	0.000	0.008	29.4	68	22.9	33.4	12.25	1.1289	0.00	22	1	95.7	1
03/07/19	5:30 p	29.9	29.9	29.9	82	26.5	2.7	NNW	0.16	4.5	NNW	29.9	38.0	38.0	40.9	1007.9	0.00	0.0	163	0.23	163	0.0	0.00	0.0	0.000	0.008	29.4	68	22.9	33.4	12.25	1.1289	0.00	23	1	100.0	1
03/07/19	5:31 p	29.8	29.9	29.8	82	26.4	1.8	NW	0.11	4.9	NNW	29.8	37.8	37.8	40.6	1007.9	0.00	0.0	151	0.22	151	0.0	0.00	0.0	0.000	0.008	29.4	68	22.9	33.4	12.25	1.1288	0.00	23	1	100.0	1
03/07/19	5:32 p	29.8	29.9	29.8	82	26.4	2.7	NNW	0.16	4.5	N	29.8	37.8	37.8	40.4	1008.0	0.00	0.0	144	0.21	144	0.0	0.00	0.0	0.000	0.008	29.4	68	22.9	33.4	12.25	1.1289	0.00	23	1	100.0	1
03/07/19	5:33 p	29.8	29.8	29.8	82	26.4	2.7	NNW	0.16	4.5	NNW	29.8	37.8	37.8	40.4	1007.9	0.00	0.0	144	0.21	144	0.0	0.00	0.0	0.000	0.008	29.4	68	22.9	33.4	12.25	1.1289	0.00	21	1	91.3	1
03/07/19	5:34 p	29.8	29.8	29.8	83	26.6	2.2	NNW	0.13	4.5	NW	29.8	37.9	37.9	40.9	1007.9	0.00	0.0	158	0.23	165	0.0	0.00	0.0	0.000	0.008	29.4	68	22.9	33.4	12.25	1.1288	0.00	24	1	100.0	1
03/07/19	5:35 p	29.7	29.8	29.7	83	26.5	2.2	N	0.13	4.5	NNE	29.7	37.8	37.8	41.1	1007.9	0.00	0.0	179	0.26	179	0.0	0.00	0.0	0.000	0.008	29.4	68	22.9	33.4	12.25	1.1288	0.00	22	1	95.7	1
03/07/19	5:36 p	29.7	29.8	29.7	83	26.5	3.1	NNW	0.19	4.5	N	29.7	37.8	37.8	41.1	1008.0	0.00	0.0	186	0.27	186	0.0	0.00	0.0	0.000	0.008	29.4	68	22.9	33.4	12.25	1.1289	0.00	24	1	100.0	1
03/07/19	5:37 p	29.7	29.7	29.7	83	26.5	1.8	NNE	0.11	4.0	N	29.7	37.8	37.8	41.3	1007.9	0.00	0.0	188	0.27	188	0.0	0.00	0.0	0.000	0.008	29.4	68	22.9	33.3	12.25	1.1292	0.00	22	1	95.7	1
03/07/19	5:38 p	29.8	29.8	29.7	83	26.6	3.1	NNW	0.19	5.8	NNW	29.8	37.9	37.9	41.3	1008.0	0.00	0.0	186	0.27	186	0.0	0.00	0.0	0.000	0.008	29.4	68	22.9	33.4	12.25	1.1289	0.00	23	1	100.0	1
03/07/19	5:39 p	29.7	29.8	29.7	83	26.5	2.2	NW	0.13	4.0	NNE	29.7	37.8	37.8	41.3	1008.0	0.00	0.0	185	0.27	185	0.0	0.00	0.0	0.000	0.008	29.4	68	22.9	33.4	12.25	1.1289	0.00	24	1	100.0	1
03/07/19	5:40 p	29.8	29.8	29.7	83	26.6	2.2	N	0.13	3.6	N	29.8	37.9	37.9	41.3	1007.9	0.00	0.0	180	0.26	181	0.0	0.00	0.0	0.000	0.008	29.4	68	22.9	33.3	12.25	1.1292	0.00	22	1	95.7	1
03/07/19	5:41 p	29.8	29.8	29.7	83	26.6	1.3	N	0.08	2.2	N	29.8	37.9	37.9	41.3	1008.0	0.00	0.0	176	0.25	176	0.0	0.00	0.0	0.000	0.008	29.4	68	22.9	33.4	12.25	1.1289	0.00	24	1	100.0	1
03/07/19	5:42 p	29.8	29.8	29.7	83	26.6	0.9	NNW	0.05	1.8	NNW	29.8	37.9	37.9	41.2	1008.0	0.00	0.0	171	0.25	171	0.0	0.00	0.0	0.000	0.008	29.4	68	22.9	33.4	12.25	1.1289	0.00	23	1	100.0	1
03/07/19	5:43 p	29.8	29.8	29.8	83	26.6	1.3	N	0.08	2.2	N	29.8	37.9	37.9	41.1	1008.0	0.00	0.0	165	0.24	165	0.0	0.00	0.0	0.000	0.008	29.4	68	22.9	33.4	12.25	1.1289	0.00	24	1	100.0	1
03/07/19	5:44 p	29.8	29.8	29.8	82	26.4	2.2	N	0.13	4.5	N	29.8	37.7	37.7	40.8	1008.0	0.00	0.0	162	0.23	162	0.0	0.00	0.0	0.000	0.008	29.4	68	22.9	33.4	12.25	1.1289	0.00	23	1	100.0	1
03/07/19	5:45 p	29.8	29.8	29.8	82	26.4	1.8	NNW	0.11	2.7	NE	29.8	37.7	37.7	40.7	1008.0	0.00	0.0	156	0.22	156	0.0	0.00	0.0	0.000	0.008	29.4	68	22.9	33.4	12.25	1.1289	0.00	23	1	100.0	1
03/07/19	5:46 p	29.8	29.8	29.8	83	26.6	1.8	NW	0.11	4.0	NW	29.8	37.9	37.9	40.2	1008.0	0.00	0.0	119	0.17	120	0.0	0.00	0.0	0.000	0.008	29.4	68	22.9	33.3	12.25	1.1292	0.00	24	1	100.0	1
03/07/19	5:47 p	29.8	29.8	29.8	82	26.4	2.7	NNE	0.16	4.0	NNE	29.8	37.7	37.7	39.9	1008.0	0.00	0.0	118	0.17	118	0.0	0.00	0.0	0.000	0.008	29.4	68	22.9	33.4	12.25	1.1289	0.00	23	1	100.0	1
03/07/19	5:48 p	29.8	29.8	29.8	82	26.4	2.7	NNE	0.16	4.0	NE	29.8	37.7	37.7	39.8	1007.9	0.00	0.0	113	0.16	113	0.0	0.00	0.0	0.000	0.008	29.4	68	22.9	33.4	12.25	1.1289	0.00	24	1	100.0	1
03/07/19	5:49 p	29.7	29.8	29.7	83	26.5	1.8	N	0.11	2.7	NW	29.7	37.8	37.8	39.9	1008.0	0.00	0.0	113	0.16	113	0.0	0.00	0.0	0.000	0.008	29.4	68	22.9	33.4	12.25	1.1289	0.00	23	1	100.0	1
03/07/19	5:50 p	29.7	29.8	29.7	82	26.3	2.7	NNE	0.16	4.5	NE	29.7	37.5	37.5	39.6	1008.1	0.00	0.0	107	0.15	107	0.0	0.00	0.0	0.000	0.008	29.4	68	22.9	33.4	12.25	1.1290	0.00	23	1	100.0	1
03/07/19	5:51 p	29.7	29.7	29.7	82	26.3	2.2	NNW	0.13	4.0	NNW	29.7	37.3	37.3	39.3	1008.0	0.00	0.0	104	0.15	104	0.0	0.00	0.0	0.000	0.008	29.4	68	22.9	33.3	12.25	1.1293	0.00	24	1	100.0	1
03/07/19	5:52 p	29.7	29.7	29.7	83	26.5	1.8	NNW	0.11	3.1	NE	29.7	37.6	37.6	39.5	1008.0	0.00	0.0	98	0.14	98	0.0	0.00	0.0	0.000	0.008	29.4	68	22.9	33.3	12.25	1.1293	0.00	23	1	100.0	1
03/07/19	5:53 p	29.7	29.7	29.7	82	26.3	1.8	NNW	0.11	2.7	NNW	29.7	37.5	37.5	39.4	1008.0	0.00	0.0	97	0.14	97	0.0	0.00	0.0	0.000	0.008	29.4	68	22.9	33.3	12.25	1.1292	0.00	24	1	100.0	1
03/07/19	5:54 p	29.7	29.7	29.7	83	26.5	1.8	NNW	0.11	2.7	N	29.7	37.6	37.6	39.3	1008.0	0.00	0.0	91	0.13	91	0.0	0.00	0.0	0.000	0.008	29.4	68	22.9	33.3	12.25	1.1293	0.00	23	1	100.0	1
03/07/19	5:55 p	29.7	29.7	29.6	83	26.5	1.3	N	0.08	2.2	N	29.7	37.6	37.6	39.3	1007.9	0.00	0.0	88	0.13	88	0.0	0.00	0.0	0.000	0.008	29.4	68	22.9	33.3	12.25	1.1292	0.00	24	1	100.0	1
03/07/19	5:56 p	29.6	29.7	29.6	83	26.4	1.8	NNE	0.11	3.1	NNE	29.6	37.4	37.4	39.1	1008.1	0.00	0.0	86	0.12	86	0.0	0.00	0.0	0.000	0.008	29.4	68	22.9	33.3	12.25	1.1293	0.00	22	1	95.7	1
03/07/19	5:57 p	29.6	29.6	29.6	83	26.4	2.2	NW	0.13	3.6	NW	29.6	37.4	37.4	39.1	1008.1	0.00	0.0	83	0.12	83	0.0	0.00	0.0	0.000	0.008	29.4	68	22.9	33.4	12.25	1.1290	0.00	23	1	100.0	1
03/07/19	5:58 p	29.6	29.6	29.6	83	26.4	1.3	N	0.08	2.2	NNW	29.6	37.4	37.4	38.9	1008.1	0.00	0.0	79	0.11	81	0.0	0.00	0.0	0.000	0.008	29.4	68	22.9	33.4	12.25	1.1291	0.00	24	1	100.0	1
03/07/19	5:59 p	29.6	29.6	29.6	83	26.4	1.3	WNW	0.08	2.2	NNE	29.6	37.4	37.4	38.9	1008.0	0.00	0.0	76	0.11	76	0.0	0.00	0.0	0.000	0.008	29.4	68	22.9	33.3	12.25	1.1293	0.00	23	1	100.0	1
03/07/19	6:00 p	29.6	29.6	29.6	83	26.4	2.7	N	0.16	5.4	NNE	29.6	37.4	37.4	38.8	1008.0	0.00	0.0	72	0.10	72	0.0	0.00	0.0	0.000	0.008	29.4	69	23.1	33.6	12.35	1.1288	0.13	23	1	100.0	1
03/07/19	6:01 p	29.6	29.6	29.6	82	26.2	2.7	N	0.16	4.5	NE	29.6	37.0	37.0	38.3	1008.0	0.00	0.0	70	0.10	70	0.0	0.00	0.0	0.000	0.008	29.4	69	23.2	33.7	12.35	1.1285	0.00	23	1	100.0	1
03/07/19	6:02 p	29.6	29.6	29.6	83	26.4	1.3	N	0.08	2.2	N	29.6	37.3	37.3	38.6	1008.0	0.00	0.0	67	0.10	67	0.0	0.00	0.0	0.000	0.008	29.4	69	23.2	33.7	12.35	1.1285	0.00	23	1	100.0	1
03/07/19	6:03 p	29.6	29.6	29.6	83	26.4	1.8	N	0.11	4.9	NNE	29.6	37.3	37.3	38.5	1008.0	0.00	0.0	65	0.09	65	0.0	0.00	0.0	0.000	0.008	29.4	69	23.1	33.6	12.35	1.1288	0.00	23	1	100.0	1
03/07/19	6:04 p	29.5	29.6	29.5	82	26.1	3.1	NNE	0.19	5.4	NW	29.5	36.8	36.8	37.9	1008.0	0.00	0.0	60	0.09	60	0.0	0.00	0.0	0.000	0.008	29.4	69	23.1	33.6	12.35	1.1288	0.00	23	1	100.0	1
03/07/19	6:05 p	29.5	29.5	29.5	83	26.3	1.8	N	0.11	4.5	NE	29.5	37.1	37.1	38.2	1008.0	0.00	0.0	58	0.08	58	0.0	0.00	0.0	0.000	0.008	29.4	69	23.1	33.6	12.35	1.1288	0.00	22	1	95.7	1
03/07/19	6:06 p	29.4	29.5	29.4	82	26.0	2.2	N	0.13	4.0	NE	29.4	36.7	36.7	37.6	1008.0	0.00	0.0	54	0.08	54	0.0	0.00	0.0	0.000	0.008	29.4	69	23.1	33.6	12.35	1.1288	0.00	23	1	100.0	1
03/07/19	6:07 p	29.4	29.5	29.4	83	26.3	2.7	NNE	0.16	4.5	N	29.4	36.9	36.9	37.9	1007.9	0.00	0.0	53	0.08	53	0.0	0.00	0.0	0.000	0.008	29.4	69	23.1	33.6	12.35	1.1287	0.00	23	1	100.0	1
03/07/19	6:08 p	29.4	29.5	29.4	83	26.3	2.7	NNE	0.16	4.9	NNE	29.4	36.9	36.9	37.8	1008.0	0.00	0.0	49	0.07	49	0.0	0.00	0.0	0.000	0.008	29.4	69	23.1	33.6	12.35	1.1288	0.00	22	1	95.7	1
03/07/19	6:09 p	29.4	29.4	29.4	82	26.0	3.6	N	0.21	5.8	N	29.3	36.7	36.6	37.2	1008.0	0.00	0.0	44	0.06	46	0.0	0.00	0.0	0.000	0.008	29.4	69	23.1	33.6	12.35	1.1288	0.00	22	1	95.7	1
03/07/19	6:10 p	29.4	29.4	29.4	82	26.0	2.2	N	0.13	3.6	N	29.4	36.5	36.5	37.1	1008.0	0.00	0.0	39	0.06	39	0.0	0.00	0.0	0.000	0.008	29.4	69	23.1	33.6	12.35	1.1288	0.00	24	1	100.0	1
03/07/19	6:11 p	29.4	29.4	29.4	82	26.0	2.7	NNE	0.16	4.0	NE	29.4	36.5	36.5	37.1	1008.0	0.00	0.0	37	0.05	37	0.0	0.00	0.0	0.000	0.008	29.4	69	23.1	33.6	12.35	1.1287	0.00	21	1	91.3	1
03/07/19	6:12 p	29.3	29.4	29.3	82	25.9	3.6	NNE	0.21	5.4	N	29.2	36.3	36.2	36.7	1008.0	0.00	0.0	35	0.05	35	0.0	0.00	0.0	0.000	0.008	29.4	69	23.1	33.6	12.35	1.1288	0.00	23	1	100.0	1
03/07/19	6:13 p	29.3	29.3	29.3	82	25.9	2.2	NNE	0.13	3.6	NNE	29.3	36.3	36.3	36.8	1008.0	0.00	0.0	33	0.05	33	0.0	0.00	0.0	0.000	0.008	29.4	69	23.1	33.6	12.35	1.1287	0.00	23	1	100.0	1
03/07/19	6:14 p	29.3	29.3	29.3	82	25.9	3.1	N	0.19	5.4	N	29.3	36.3	36.3	36.8	1008.0	0.00	0.0	32	0.05	32	0.0	0.00	0.0	0.000	0.008	29.4	69	23.1	33.6	12.35	1.1287	0.00	23	1	100.0	1
03/07/19	6:15 p	29.3	29.3	29.3	82	25.9	1.8	NNW	0.11	4.0	NNW	29.3	36.2	36.2	36.6	1008.0	0.00	0.0	29	0.04	30	0.0	0.00	0.0	0.000	0.008	29.4	69	23.1	33.6	12.35	1.1288	0.00	24	1	100.0	1
03/07/19	6:16 p	29.3	29.3	29.3	82	25.9	1.8	NNE	0.11	2.2	NE	29.3	36.2	36.2	36.5	1008.0	0.00	0.0	25	0.04	25	0.0	0.00	0.0	0.000	0.008	29.4	69	23.1	33.6	12.35	1.1288	0.00	23	1	100.0	1
03/07/19	6:17 p	29.2	29.3	29.2	82	25.8	2.7	N	0.16	4.5	N	29.2	36.1	36.1	36.2	1008.0	0.00	0.0	21	0.03	21	0.0	0.00	0.0	0.000	0.008	29.4	69	23.1	33.6	12.35	1.1288	0.00	24	1	100.0	1
03/07/19	6:18 p	29.2	29.2	29.2	82	25.8	1.8	NE	0.11	3.1	NNE	29.2	36.1	36.1	36.2	1008.0	0.00	0.0	19	0.03	19	0.0	0.00	0.0	0.000	0.008	29.4	69	23.1	33.6	12.35	1.1287	0.00	23	1	100.0	1
03/07/19	6:19 p	29.2	29.2	29.2	82	25.8	1.3	NE	0.08	3.6	N	29.2	36.1	36.1	36.1	1008.0	0.00	0.0	16	0.02	16	0.0	0.00	0.0	0.000	0.008	29.3	69	23.1	33.4	12.36	1.1291	0.00	24	1	100.0	1
03/07/19	6:20 p	29.2	29.2	29.2	83	26.0	1.3	NE	0.08	2.2	NNW	29.2	36.1	36.1	36.1	1008.0	0.00	0.0	14	0.02	14	0.0	0.00	0.0	0.000	0.008	29.4	69	23.1	33.6	12.35	1.1287	0.00	23	1	100.0	1
03/07/19	6:21 p	29.2	29.2	29.1	83	26.0	2.2	N	0.13	4.0	N	29.2	36.1	36.1	36.0	1008.0	0.00	0.0	10	0.01	11	0.0	0.00	0.0	0.000	0.008	29.3	69	23.1	33.4	12.36	1.1291	0.00	23	1	100.0	1
03/07/19	6:22 p	29.1	29.1	29.1	82	25.7	3.1	NNE	0.19	4.5	NNW	29.1	35.7	35.7	35.5	1007.9	0.00	0.0	7	0.01	7	0.0	0.00	0.0	0.000	0.007	29.3	69	23.1	33.4	12.36	1.1290	0.00	24	1	100.0	1
03/07/19	6:23 p	29.1	29.1	29.1	83	25.9	2.7	N	0.16	4.5	NE	29.1	35.8	35.8	35.5	1008.0	0.00	0.0	5	0.01	5	0.0	0.00	0.0	0.000	0.007	29.4	69	23.1	33.6	12.35	1.1287	0.00	23	1	100.0	1
03/07/19	6:24 p	29.1	29.1	29.1	83	25.9	2.7	NNE	0.16	4.0	NNE	29.1	35.8	35.8	35.4	1007.9	0.00	0.0	0	0.00	0	0.0	0.00	0.0	0.000	0.007	29.3	69	23.1	33.4	12.36	1.1290	0.00	24	1	100.0	1
03/07/19	6:25 p	29.0	29.1	29.0	83	25.8	2.2	NNE	0.13	2.7	N	29.0	35.6	35.6	35.2	1008.0	0.00	0.0	0	0.00	0	0.0	0.00	0.0	0.000	0.007	29.3	69	23.1	33.4	12.36	1.1291	0.00	23	1	100.0	1
03/07/19	6:26 p	29.0	29.1	29.0	83	25.8	2.7	N	0.16	4.9	N	29.0	35.6	35.6	35.2	1007.9	0.00	0.0	0	0.00	0	0.0	0.00	0.0	0.000	0.007	29.3	69	23.1	33.4	12.36	1.1290	0.00	23	1	100.0	1
03/07/19	6:27 p	29.0	29.1	29.0	83	25.8	2.7	NNE	0.16	4.5	N	29.0	35.6	35.6	35.2	1007.9	0.00	0.0	0	0.00	0	0.0	0.00	0.0	0.000	0.007	29.3	69	23.1	33.4	12.36	1.1290	0.00	24	1	100.0	1
03/07/19	6:28 p	28.9	29.0	28.9	83	25.8	2.2	N	0.13	3.6	N	28.9	35.5	35.5	35.1	1007.9	0.00	0.0	0	0.00	0	0.0	0.00	0.0	0.000	0.007	29.3	69	23.1	33.4	12.36	1.1290	0.00	23	1	100.0	1
03/07/19	6:29 p	28.9	29.0	28.9	83	25.8	1.8	NNE	0.11	3.1	NNE	28.9	35.5	35.5	35.1	1008.0	0.00	0.0	0	0.00	0	0.0	0.00	0.0	0.000	0.007	29.3	69	23.1	33.4	12.36	1.1291	0.00	24	1	100.0	1
03/07/19	6:30 p	28.9	28.9	28.9	83	25.8	1.8	N	0.11	2.7	NNW	28.9	35.5	35.5	35.1	1007.9	0.00	0.0	0	0.00	0	0.0	0.00	0.0	0.000	0.007	29.3	69	23.1	33.4	12.36	1.1289	0.00	23	1	100.0	1
03/07/19	6:31 p	28.9	28.9	28.9	83	25.8	1.3	ENE	0.08	2.2	NNE	28.9	35.5	35.5	35.1	1007.9	0.00	0.0	0	0.00	0	0.0	0.00	0.0	0.000	0.007	29.3	69	23.1	33.4	12.36	1.1290	0.00	23	1	100.0	1
03/07/19	6:32 p	28.9	28.9	28.9	83	25.7	1.8	N	0.11	3.6	N	28.9	35.3	35.3	34.9	1008.0	0.00	0.0	0	0.00	0	0.0	0.00	0.0	0.000	0.007	29.3	69	23.1	33.4	12.36	1.1291	0.00	24	1	100.0	1
03/07/19	6:33 p	28.9	28.9	28.9	83	25.7	1.8	NNE	0.11	3.6	N	28.9	35.3	35.3	34.9	1008.0	0.00	0.0	0	0.00	0	0.0	0.00	0.0	0.000	0.007	29.3	69	23.1	33.4	12.36	1.1291	0.00	23	1	100.0	1
03/07/19	6:34 p	28.8	28.8	28.8	83	25.7	1.8	NNE	0.11	3.6	E	28.8	35.2	35.2	34.8	1008.0	0.00	0.0	0	0.00	0	0.0	0.00	0.0	0.000	0.007	29.3	69	23.0	33.3	12.36	1.1294	0.00	24	1	100.0	1
03/07/19	6:35 p	28.8	28.8	28.8	84	25.9	2.2	NE	0.13	4.5	N	28.8	35.4	35.4	35.0	1008.0	0.00	0.0	0	0.00	0	0.0	0.00	0.0	0.000	0.007	29.3	69	23.1	33.4	12.36	1.1291	0.00	23	1	100.0	1
03/07/19	6:36 p	28.8	28.8	28.8	84	25.8	2.2	N	0.13	4.5	NNE	28.8	35.2	35.2	34.8	1008.1	0.00	0.0	0	0.00	0	0.0	0.00	0.0	0.000	0.007	29.3	69	23.0	33.3	12.36	1.1295	0.00	24	1	100.0	1
03/07/19	6:37 p	28.8	28.8	28.8	84	25.8	1.8	NNE	0.11	2.7	NE	28.8	35.2	35.2	34.8	1008.1	0.00	0.0	0	0.00	0	0.0	0.00	0.0	0.000	0.007	29.3	69	23.1	33.4	12.36	1.1292	0.00	23	1	100.0	1
03/07/19	6:38 p	28.8	28.8	28.8	84	25.8	2.2	NNE	0.13	3.6	N	28.8	35.2	35.2	34.8	1008.1	0.00	0.0	0	0.00	0	0.0	0.00	0.0	0.000	0.007	29.3	69	23.1	33.4	12.36	1.1292	0.00	22	1	95.7	1
03/07/19	6:39 p	28.8	28.8	28.7	84	25.8	1.8	NE	0.11	3.1	N	28.8	35.2	35.2	34.8	1008.1	0.00	0.0	0	0.00	0	0.0	0.00	0.0	0.000	0.007	29.3	69	23.0	33.3	12.36	1.1296	0.00	23	1	100.0	1
03/07/19	6:40 p	28.8	28.8	28.8	84	25.8	1.8	NE	0.11	2.7	NE	28.8	35.2	35.2	34.8	1008.1	0.00	0.0	0	0.00	0	0.0	0.00	0.0	0.000	0.007	29.3	69	23.0	33.3	12.36	1.1296	0.00	23	1	100.0	1
03/07/19	6:41 p	28.7	28.8	28.7	84	25.7	2.2	NNE	0.13	4.9	N	28.7	35.1	35.1	34.6	1008.1	0.00	0.0	0	0.00	0	0.0	0.00	0.0	0.000	0.007	29.3	69	23.0	33.3	12.36	1.1295	0.00	23	1	100.0	1
03/07/19	6:42 p	28.8	28.8	28.7	84	25.8	3.1	NE	0.19	4.9	NNE	28.8	35.2	35.2	34.7	1008.2	0.00	0.0	0	0.00	0	0.0	0.00	0.0	0.000	0.007	29.3	69	23.0	33.3	12.36	1.1296	0.00	23	1	100.0	1
03/07/19	6:43 p	28.7	28.7	28.7	84	25.7	1.3	NE	0.08	2.2	NE	28.7	35.1	35.1	34.6	1008.2	0.00	0.0	0	0.00	0	0.0	0.00	0.0	0.000	0.007	29.3	69	23.0	33.3	12.36	1.1296	0.00	22	1	95.7	1
03/07/19	6:44 p	28.7	28.7	28.7	84	25.7	0.9	NE	0.05	2.2	NE	28.7	35.1	35.1	34.6	1008.2	0.00	0.0	0	0.00	0	0.0	0.00	0.0	0.000	0.007	29.3	69	23.0	33.3	12.36	1.1296	0.00	24	1	100.0	1
03/07/19	6:45 p	28.7	28.7	28.7	84	25.7	0.9	NE	0.05	2.2	NNE	28.7	34.9	34.9	34.4	1008.2	0.00	0.0	0	0.00	0	0.0	0.00	0.0	0.000	0.007	29.3	69	23.0	33.3	12.36	1.1296	0.00	22	1	95.7	1
03/07/19	6:46 p	28.7	28.7	28.7	84	25.7	1.3	N	0.08	3.1	NNE	28.7	34.9	34.9	34.4	1008.3	0.00	0.0	0	0.00	0	0.0	0.00	0.0	0.000	0.007	29.3	69	23.0	33.3	12.36	1.1298	0.00	23	1	100.0	1
03/07/19	6:47 p	28.7	28.7	28.6	84	25.7	1.8	NNE	0.11	3.6	N	28.7	34.9	34.9	34.4	1008.3	0.00	0.0	0	0.00	0	0.0	0.00	0.0	0.000	0.007	29.3	69	23.0	33.3	12.36	1.1298	0.00	23	1	100.0	1
03/07/19	6:48 p	28.6	28.7	28.6	84	25.6	1.8	NNW	0.11	3.6	N	28.6	34.8	34.8	34.3	1008.3	0.00	0.0	0	0.00	0	0.0	0.00	0.0	0.000	0.007	29.3	69	23.0	33.3	12.36	1.1298	0.00	24	1	100.0	1
03/07/19	6:49 p	28.6	28.7	28.6	84	25.6	1.8	NE	0.11	3.1	NNE	28.6	34.8	34.8	34.3	1008.5	0.00	0.0	0	0.00	0	0.0	0.00	0.0	0.000	0.007	29.3	69	23.0	33.3	12.36	1.1300	0.00	23	1	100.0	1
03/07/19	6:50 p	28.6	28.6	28.6	84	25.6	0.9	NE	0.05	1.8	NE	28.6	34.8	34.8	34.3	1008.4	0.00	0.0	0	0.00	0	0.0	0.00	0.0	0.000	0.007	29.3	69	23.0	33.3	12.36	1.1298	0.00	23	1	100.0	1
03/07/19	6:51 p	28.6	28.6	28.6	84	25.6	0.9	NE	0.05	1.8	NE	28.6	34.8	34.8	34.3	1008.5	0.00	0.0	0	0.00	0	0.0	0.00	0.0	0.000	0.007	29.3	69	23.0	33.3	12.36	1.1300	0.00	24	1	100.0	1
03/07/19	6:52 p	28.6	28.6	28.6	85	25.8	0.9	N	0.05	1.8	N	28.6	34.9	34.9	34.4	1008.6	0.00	0.0	0	0.00	0	0.0	0.00	0.0	0.000	0.007	29.3	69	23.0	33.3	12.36	1.1301	0.00	22	1	95.7	1
03/07/19	6:53 p	28.6	28.6	28.6	85	25.8	1.3	NNE	0.08	1.8	NNE	28.6	34.9	34.9	34.4	1008.5	0.00	0.0	0	0.00	0	0.0	0.00	0.0	0.000	0.007	29.3	69	23.0	33.3	12.36	1.1300	0.00	24	1	100.0	1
03/07/19	6:54 p	28.6	28.6	28.6	84	25.6	0.9	NE	0.05	1.8	NE	28.6	34.8	34.8	34.3	1008.6	0.00	0.0	0	0.00	0	0.0	0.00	0.0	0.000	0.007	29.3	69	23.0	33.3	12.36	1.1302	0.00	22	1	95.7	1
03/07/19	6:55 p	28.6	28.6	28.6	84	25.6	0.9	ENE	0.05	1.3	ENE	28.6	34.6	34.6	34.1	1008.6	0.00	0.0	0	0.00	0	0.0	0.00	0.0	0.000	0.007	29.3	69	23.0	33.3	12.36	1.1301	0.00	23	1	100.0	1
03/07/19	6:56 p	28.6	28.6	28.6	84	25.6	0.4	NNE	0.03	0.9	NNE	28.6	34.8	34.8	34.3	1008.7	0.00	0.0	0	0.00	0	0.0	0.00	0.0	0.000	0.007	29.2	69	22.9	33.2	12.37	1.1306	0.00	23	1	100.0	1
03/07/19	6:57 p	28.6	28.6	28.6	84	25.6	0.4	NNE	0.03	0.9	N	28.6	34.6	34.6	34.1	1008.7	0.00	0.0	0	0.00	0	0.0	0.00	0.0	0.000	0.007	29.2	69	22.9	33.2	12.37	1.1306	0.00	23	1	100.0	1
03/07/19	6:58 p	28.6	28.6	28.6	84	25.6	0.9	N	0.05	1.3	NE	28.6	34.6	34.6	34.1	1008.7	0.00	0.0	0	0.00	0	0.0	0.00	0.0	0.000	0.007	29.2	69	22.9	33.2	12.37	1.1306	0.00	24	1	100.0	1
03/07/19	6:59 p	28.6	28.6	28.6	85	25.8	1.3	NNE	0.08	1.8	NNE	28.6	34.8	34.8	34.3	1008.8	0.00	0.0	0	0.00	0	0.0	0.00	0.0	0.000	0.007	29.2	69	22.9	33.2	12.37	1.1307	0.00	23	1	100.0	1
03/07/19	7:00 p	28.6	28.6	28.6	85	25.8	0.9	NE	0.05	1.3	NE	28.6	34.8	34.8	34.3	1008.8	0.00	0.0	0	0.00	0	0.0	0.00	0.0	0.000	0.007	29.2	69	22.9	33.2	12.37	1.1306	0.03	24	1	100.0	1
03/07/19	7:01 p	28.6	28.6	28.6	85	25.8	0.4	ENE	0.03	0.9	ENE	28.6	34.8	34.8	34.3	1008.8	0.00	0.0	0	0.00	0	0.0	0.00	0.0	0.000	0.007	29.2	69	22.9	33.2	12.37	1.1306	0.00	23	1	100.0	1
03/07/19	7:02 p	28.6	28.6	28.6	85	25.8	0.0	ENE	0.00	0.4	ENE	28.6	34.8	34.8	34.3	1008.7	0.00	0.0	0	0.00	0	0.0	0.00	0.0	0.000	0.007	29.2	69	22.9	33.2	12.37	1.1306	0.00	23	1	100.0	1
03/07/19	7:03 p	28.6	28.6	28.5	85	25.8	0.4	NE	0.03	0.9	NE	28.6	34.8	34.8	34.3	1008.8	0.00	0.0	0	0.00	0	0.0	0.00	0.0	0.000	0.007	29.2	69	22.9	33.2	12.37	1.1307	0.00	24	1	100.0	1
03/07/19	7:04 p	28.6	28.6	28.5	85	25.8	0.0	NE	0.00	0.4	NE	28.6	34.8	34.8	34.3	1008.9	0.00	0.0	0	0.00	0	0.0	0.00	0.0	0.000	0.007	29.3	69	23.0	33.3	12.36	1.1304	0.00	23	1	100.0	1
03/07/19	7:05 p	28.5	28.6	28.5	85	25.7	0.4	E	0.03	1.3	E	28.5	34.7	34.7	34.2	1008.9	0.00	0.0	0	0.00	0	0.0	0.00	0.0	0.000	0.007	29.2	69	22.9	33.2	12.37	1.1307	0.00	24	1	100.0	1
03/07/19	7:06 p	28.5	28.6	28.5	85	25.7	0.4	E	0.03	0.9	E	28.5	34.7	34.7	34.2	1008.9	0.00	0.0	0	0.00	0	0.0	0.00	0.0	0.000	0.007	29.2	69	22.9	33.2	12.37	1.1308	0.00	23	1	100.0	1
03/07/19	7:07 p	28.5	28.6	28.5	85	25.7	0.4	E	0.03	0.9	E	28.5	34.7	34.7	34.2	1008.9	0.00	0.0	0	0.00	0	0.0	0.00	0.0	0.000	0.007	29.2	69	22.9	33.2	12.37	1.1308	0.00	23	1	100.0	1
03/07/19	7:08 p	28.5	28.5	28.5	85	25.7	0.4	E	0.03	0.4	E	28.5	34.7	34.7	34.2	1008.9	0.00	0.0	0	0.00	0	0.0	0.00	0.0	0.000	0.007	29.2	69	22.9	33.2	12.37	1.1308	0.00	24	1	100.0	1
03/07/19	7:09 p	28.5	28.5	28.5	85	25.7	0.4	E	0.03	0.9	E	28.5	34.7	34.7	34.2	1009.0	0.00	0.0	0	0.00	0	0.0	0.00	0.0	0.000	0.007	29.2	69	22.9	33.2	12.37	1.1309	0.00	23	1	100.0	1
03/07/19	7:10 p	28.4	28.5	28.4	85	25.7	0.4	ENE	0.03	0.9	NE	28.4	34.5	34.5	34.0	1008.9	0.00	0.0	0	0.00	0	0.0	0.00	0.0	0.000	0.007	29.2	69	22.9	33.2	12.37	1.1308	0.00	24	1	100.0	1
03/07/19	7:11 p	28.4	28.4	28.4	85	25.7	0.4	ENE	0.03	0.9	ENE	28.4	34.5	34.5	34.0	1008.9	0.00	0.0	0	0.00	0	0.0	0.00	0.0	0.000	0.007	29.2	69	22.9	33.2	12.37	1.1308	0.00	23	1	100.0	1
03/07/19	7:12 p	28.4	28.4	28.4	85	25.6	0.4	ENE	0.03	1.8	NNE	28.4	34.3	34.3	33.8	1009.0	0.00	0.0	0	0.00	0	0.0	0.00	0.0	0.000	0.007	29.2	69	22.9	33.1	12.37	1.1312	0.00	23	1	100.0	1
03/07/19	7:13 p	28.4	28.4	28.4	85	25.7	0.9	NE	0.05	1.3	NE	28.4	34.5	34.5	34.0	1009.0	0.00	0.0	0	0.00	0	0.0	0.00	0.0	0.000	0.007	29.2	69	22.9	33.2	12.37	1.1309	0.00	22	1	95.7	1
03/07/19	7:14 p	28.4	28.4	28.4	85	25.6	0.4	NE	0.03	1.3	N	28.4	34.3	34.3	33.8	1009.0	0.00	0.0	0	0.00	0	0.0	0.00	0.0	0.000	0.007	29.2	69	22.9	33.1	12.37	1.1312	0.00	23	1	100.0	1
03/07/19	7:15 p	28.4	28.4	28.4	85	25.6	0.4	N	0.03	0.9	N	28.4	34.3	34.3	33.8	1008.9	0.00	0.0	0	0.00	0	0.0	0.00	0.0	0.000	0.007	29.2	69	22.9	33.1	12.37	1.1311	0.00	22	1	95.7	1
03/07/19	7:16 p	28.3	28.4	28.3	85	25.6	0.9	NNE	0.05	1.3	NNE	28.3	34.2	34.2	33.7	1009.0	0.00	0.0	0	0.00	0	0.0	0.00	0.0	0.000	0.007	29.2	69	22.9	33.2	12.37	1.1309	0.00	23	1	100.0	1
03/07/19	7:17 p	28.3	28.3	28.3	85	25.6	0.9	NNE	0.05	1.3	NNE	28.3	34.2	34.2	33.7	1009.1	0.00	0.0	0	0.00	0	0.0	0.00	0.0	0.000	0.007	29.2	69	22.9	33.1	12.37	1.1313	0.00	23	1	100.0	1
03/07/19	7:18 p	28.3	28.3	28.3	86	25.8	0.4	NNE	0.03	0.9	NNE	28.3	34.3	34.3	33.8	1009.1	0.00	0.0	0	0.00	0	0.0	0.00	0.0	0.000	0.007	29.2	69	22.9	33.1	12.37	1.1313	0.00	23	1	100.0	1
03/07/19	7:19 p	28.3	28.3	28.3	86	25.7	0.9	NNE	0.05	1.3	NNE	28.3	34.2	34.2	33.7	1009.1	0.00	0.0	0	0.00	0	0.0	0.00	0.0	0.000	0.007	29.2	69	22.9	33.2	12.37	1.1310	0.00	22	1	95.7	1
03/07/19	7:20 p	28.2	28.3	28.2	86	25.7	0.9	NNE	0.05	1.8	NE	28.2	34.1	34.1	33.6	1009.1	0.00	0.0	0	0.00	0	0.0	0.00	0.0	0.000	0.007	29.2	69	22.9	33.1	12.37	1.1314	0.00	24	1	100.0	1
03/07/19	7:21 p	28.2	28.2	28.2	86	25.7	1.3	NE	0.08	1.8	NNE	28.2	34.1	34.1	33.6	1009.2	0.00	0.0	0	0.00	0	0.0	0.00	0.0	0.000	0.007	29.2	69	22.9	33.1	12.37	1.1315	0.00	23	1	100.0	1
03/07/19	7:22 p	28.2	28.2	28.2	86	25.7	0.9	N	0.05	1.8	NNE	28.2	34.1	34.1	33.6	1009.2	0.00	0.0	0	0.00	0	0.0	0.00	0.0	0.000	0.007	29.2	70	23.1	33.3	12.58	1.1310	0.00	24	1	100.0	1
03/07/19	7:23 p	28.2	28.2	28.2	86	25.7	0.9	NE	0.05	1.3	NE	28.2	34.1	34.1	33.6	1009.1	0.00	0.0	0	0.00	0	0.0	0.00	0.0	0.000	0.007	29.2	69	22.9	33.1	12.37	1.1314	0.00	23	1	100.0	1
03/07/19	7:24 p	28.2	28.2	28.2	86	25.7	0.9	NE	0.05	1.3	NE	28.2	34.1	34.1	33.6	1009.1	0.00	0.0	0	0.00	0	0.0	0.00	0.0	0.000	0.007	29.2	70	23.1	33.3	12.58	1.1309	0.00	24	1	100.0	1
03/07/19	7:25 p	28.2	28.2	28.2	87	25.8	0.4	NE	0.03	0.9	NE	28.2	34.1	34.1	33.6	1009.1	0.00	0.0	0	0.00	0	0.0	0.00	0.0	0.000	0.007	29.2	70	23.1	33.3	12.58	1.1309	0.00	23	1	100.0	1
03/07/19	7:26 p	28.2	28.2	28.1	87	25.8	0.4	NE	0.03	0.9	NE	28.2	34.1	34.1	33.6	1009.2	0.00	0.0	0	0.00	0	0.0	0.00	0.0	0.000	0.007	29.2	70	23.1	33.3	12.58	1.1310	0.00	23	1	100.0	1
03/07/19	7:27 p	28.1	28.1	28.1	87	25.7	0.4	NE	0.03	0.4	NE	28.1	33.9	33.9	33.4	1009.1	0.00	0.0	0	0.00	0	0.0	0.00	0.0	0.000	0.007	29.2	70	23.1	33.3	12.58	1.1309	0.00	24	1	100.0	1
03/07/19	7:28 p	28.1	28.1	28.1	87	25.7	0.4	NE	0.03	0.9	NE	28.1	33.9	33.9	33.4	1009.2	0.00	0.0	0	0.00	0	0.0	0.00	0.0	0.000	0.007	29.2	70	23.1	33.3	12.58	1.1310	0.00	23	1	100.0	1
03/07/19	7:29 p	28.1	28.1	28.1	87	25.7	0.9	NE	0.05	1.3	NE	28.1	33.8	33.8	33.3	1009.1	0.00	0.0	0	0.00	0	0.0	0.00	0.0	0.000	0.007	29.2	70	23.1	33.3	12.58	1.1309	0.00	24	1	100.0	1
03/07/19	7:30 p	28.0	28.1	28.0	87	25.6	1.3	NE	0.08	1.3	NE	28.0	33.6	33.6	33.1	1009.2	0.00	0.0	0	0.00	0	0.0	0.00	0.0	0.000	0.007	29.1	70	23.1	33.2	12.59	1.1313	0.00	23	1	100.0	1
03/07/19	7:31 p	28.0	28.0	28.0	87	25.6	1.3	NE	0.08	1.8	NE	28.0	33.6	33.6	33.1	1009.2	0.00	0.0	0	0.00	0	0.0	0.00	0.0	0.000	0.007	29.2	70	23.1	33.3	12.58	1.1309	0.00	23	1	100.0	1
03/07/19	7:32 p	28.0	28.0	28.0	87	25.6	1.3	NE	0.08	1.8	NE	28.0	33.6	33.6	33.1	1009.2	0.00	0.0	0	0.00	0	0.0	0.00	0.0	0.000	0.007	29.2	70	23.1	33.3	12.58	1.1310	0.00	24	1	100.0	1
03/07/19	7:33 p	28.0	28.0	27.9	88	25.8	1.3	NE	0.08	1.8	NE	28.0	33.8	33.8	33.3	1009.2	0.00	0.0	0	0.00	0	0.0	0.00	0.0	0.000	0.007	29.2	70	23.1	33.3	12.58	1.1309	0.00	23	1	100.0	1
03/07/19	7:34 p	27.9	28.0	27.9	87	25.6	1.3	NE	0.08	1.8	NNE	27.9	33.5	33.5	33.0	1009.2	0.00	0.0	0	0.00	0	0.0	0.00	0.0	0.000	0.007	29.2	70	23.1	33.3	12.58	1.1310	0.00	24	1	100.0	1
03/07/19	7:35 p	27.9	27.9	27.9	87	25.6	1.8	NE	0.11	2.2	ENE	27.9	33.5	33.5	33.0	1009.2	0.00	0.0	0	0.00	0	0.0	0.00	0.0	0.000	0.007	29.1	70	23.1	33.2	12.59	1.1313	0.00	23	1	100.0	1
03/07/19	7:36 p	27.9	27.9	27.9	88	25.8	1.8	NE	0.11	2.2	NE	27.9	33.7	33.7	33.2	1009.2	0.00	0.0	0	0.00	0	0.0	0.00	0.0	0.000	0.007	29.2	70	23.1	33.3	12.58	1.1309	0.00	23	1	100.0	1
03/07/19	7:37 p	27.9	27.9	27.9	88	25.8	1.8	NE	0.11	2.2	NE	27.9	33.7	33.7	33.2	1009.2	0.00	0.0	0	0.00	0	0.0	0.00	0.0	0.000	0.007	29.2	70	23.1	33.3	12.58	1.1310	0.00	24	1	100.0	1
03/07/19	7:38 p	27.9	27.9	27.9	88	25.7	1.3	NE	0.08	2.2	NE	27.9	33.5	33.5	33.0	1009.1	0.00	0.0	0	0.00	0	0.0	0.00	0.0	0.000	0.007	29.1	70	23.1	33.2	12.59	1.1312	0.00	23	1	100.0	1
03/07/19	7:39 p	27.9	27.9	27.9	88	25.7	1.8	NE	0.11	2.2	NE	27.9	33.5	33.5	33.0	1009.2	0.00	0.0	0	0.00	0	0.0	0.00	0.0	0.000	0.007	29.1	70	23.1	33.2	12.59	1.1313	0.00	24	1	100.0	1
03/07/19	7:40 p	27.9	27.9	27.9	88	25.7	1.8	NE	0.11	2.2	NE	27.9	33.5	33.5	33.0	1009.3	0.00	0.0	0	0.00	0	0.0	0.00	0.0	0.000	0.007	29.2	70	23.1	33.3	12.58	1.1310	0.00	22	1	95.7	1
03/07/19	7:41 p	27.9	27.9	27.9	88	25.7	1.8	NE	0.11	2.2	NNE	27.9	33.5	33.5	33.0	1009.3	0.00	0.0	0	0.00	0	0.0	0.00	0.0	0.000	0.007	29.1	70	23.1	33.2	12.59	1.1314	0.00	24	1	100.0	1
03/07/19	7:42 p	27.8	27.9	27.8	88	25.7	1.8	NE	0.11	2.2	ENE	27.8	33.3	33.3	32.8	1009.4	0.00	0.0	0	0.00	0	0.0	0.00	0.0	0.000	0.007	29.1	70	23.1	33.2	12.59	1.1315	0.00	23	1	100.0	1
03/07/19	7:43 p	27.8	27.9	27.8	88	25.7	1.3	NE	0.08	1.8	NNE	27.8	33.3	33.3	32.8	1009.4	0.00	0.0	0	0.00	0	0.0	0.00	0.0	0.000	0.007	29.1	70	23.1	33.2	12.59	1.1315	0.00	23	1	100.0	1
03/07/19	7:44 p	27.9	27.9	27.8	88	25.7	1.3	NNE	0.08	1.8	NNE	27.9	33.5	33.5	33.0	1009.4	0.00	0.0	0	0.00	0	0.0	0.00	0.0	0.000	0.007	29.1	70	23.1	33.2	12.59	1.1315	0.00	23	1	100.0	1
03/07/19	7:45 p	27.8	27.9	27.8	88	25.7	0.9	NE	0.05	1.8	NE	27.8	33.3	33.3	32.8	1009.4	0.00	0.0	0	0.00	0	0.0	0.00	0.0	0.000	0.007	29.1	70	23.1	33.2	12.59	1.1315	0.00	23	1	100.0	1
03/07/19	7:46 p	27.8	27.9	27.8	88	25.7	1.3	NE	0.08	1.8	NE	27.8	33.3	33.3	32.8	1009.4	0.00	0.0	0	0.00	0	0.0	0.00	0.0	0.000	0.007	29.1	70	23.1	33.2	12.59	1.1314	0.00	22	1	95.7	1
03/07/19	7:47 p	27.8	27.8	27.8	88	25.7	0.9	NE	0.05	1.3	ENE	27.8	33.3	33.3	32.8	1009.4	0.00	0.0	0	0.00	0	0.0	0.00	0.0	0.000	0.007	29.1	70	23.1	33.2	12.59	1.1315	0.00	22	1	95.7	1
03/07/19	7:48 p	27.8	27.9	27.8	88	25.7	0.9	NNE	0.05	1.3	NNE	27.8	33.3	33.3	32.8	1009.4	0.00	0.0	0	0.00	0	0.0	0.00	0.0	0.000	0.007	29.1	70	23.1	33.2	12.59	1.1315	0.00	23	1	100.0	1
03/07/19	7:49 p	27.8	27.8	27.8	88	25.7	0.9	NNE	0.05	1.3	NE	27.8	33.3	33.3	32.8	1009.5	0.00	0.0	0	0.00	0	0.0	0.00	0.0	0.000	0.007	29.1	70	23.1	33.2	12.59	1.1316	0.00	23	1	100.0	1
03/07/19	7:50 p	27.8	27.8	27.8	88	25.7	1.3	ENE	0.08	1.8	NE	27.8	33.3	33.3	32.8	1009.6	0.00	0.0	0	0.00	0	0.0	0.00	0.0	0.000	0.007	29.1	70	23.1	33.2	12.59	1.1317	0.00	23	1	100.0	1
03/07/19	7:51 p	27.8	27.8	27.8	88	25.7	0.9	NE	0.05	1.3	NE	27.8	33.3	33.3	32.8	1009.5	0.00	0.0	0	0.00	0	0.0	0.00	0.0	0.000	0.007	29.1	70	23.1	33.2	12.59	1.1316	0.00	22	1	95.7	1
03/07/19	7:52 p	27.8	27.8	27.8	88	25.7	0.4	NE	0.03	0.9	NE	27.8	33.3	33.3	32.8	1009.5	0.00	0.0	0	0.00	0	0.0	0.00	0.0	0.000	0.007	29.1	70	23.1	33.2	12.59	1.1316	0.00	23	1	100.0	1
03/07/19	7:53 p	27.8	27.8	27.8	88	25.7	0.4	NE	0.03	0.9	NNE	27.8	33.3	33.3	32.8	1009.5	0.00	0.0	0	0.00	0	0.0	0.00	0.0	0.000	0.007	29.1	70	23.0	33.1	12.59	1.1319	0.00	23	1	100.0	1
03/07/19	7:54 p	27.8	27.8	27.8	89	25.9	0.4	NE	0.03	0.9	NE	27.8	33.5	33.5	33.0	1009.5	0.00	0.0	0	0.00	0	0.0	0.00	0.0	0.000	0.007	29.1	70	23.0	33.1	12.59	1.1319	0.00	23	1	100.0	1
03/07/19	7:55 p	27.8	27.8	27.8	89	25.9	0.9	ENE	0.05	1.3	NE	27.8	33.5	33.5	33.0	1009.5	0.00	0.0	0	0.00	0	0.0	0.00	0.0	0.000	0.007	29.1	70	23.0	33.1	12.59	1.1319	0.00	23	1	100.0	1
03/07/19	7:56 p	27.8	27.8	27.8	88	25.6	0.4	ENE	0.03	0.9	ENE	27.8	33.2	33.2	32.7	1009.5	0.00	0.0	0	0.00	0	0.0	0.00	0.0	0.000	0.007	29.1	70	23.0	33.1	12.59	1.1319	0.00	24	1	100.0	1
03/07/19	7:57 p	27.8	27.8	27.8	88	25.6	0.4	ENE	0.03	1.3	NE	27.8	33.2	33.2	32.7	1009.5	0.00	0.0	0	0.00	0	0.0	0.00	0.0	0.000	0.007	29.1	70	23.1	33.2	12.59	1.1316	0.00	22	1	95.7	1
03/07/19	7:58 p	27.8	27.8	27.8	88	25.6	0.9	ENE	0.05	1.3	ENE	27.8	33.2	33.2	32.7	1009.6	0.00	0.0	0	0.00	0	0.0	0.00	0.0	0.000	0.007	29.1	70	23.0	33.1	12.59	1.1320	0.00	24	1	100.0	1
03/07/19	7:59 p	27.8	27.8	27.8	88	25.6	0.4	ENE	0.03	0.9	ENE	27.8	33.2	33.2	32.7	1009.6	0.00	0.0	0	0.00	0	0.0	0.00	0.0	0.000	0.007	29.1	70	23.0	33.1	12.59	1.1320	0.00	23	1	100.0	1
03/07/19	8:00 p	27.8	27.8	27.8	88	25.6	0.4	ENE	0.03	0.9	ENE	27.8	33.2	33.2	32.7	1009.6	0.00	0.0	0	0.00	0	0.0	0.00	0.0	0.000	0.007	29.1	70	23.0	33.1	12.59	1.1320	0.03	23	1	100.0	1
03/07/19	8:01 p	27.8	27.8	27.8	88	25.6	0.4	ENE	0.03	0.9	ENE	27.8	33.2	33.2	32.7	1009.6	0.00	0.0	0	0.00	0	0.0	0.00	0.0	0.000	0.007	29.1	70	23.0	33.1	12.59	1.1321	0.00	24	1	100.0	1
03/07/19	8:02 p	27.8	27.8	27.8	88	25.7	0.4	ENE	0.03	0.9	ENE	27.8	33.3	33.3	32.8	1009.6	0.00	0.0	0	0.00	0	0.0	0.00	0.0	0.000	0.007	29.1	70	23.0	33.1	12.59	1.1321	0.00	23	1	100.0	1
03/07/19	8:03 p	27.8	27.8	27.8	88	25.7	0.9	E	0.05	1.3	E	27.8	33.3	33.3	32.8	1009.6	0.00	0.0	0	0.00	0	0.0	0.00	0.0	0.000	0.007	29.1	70	23.0	33.1	12.59	1.1321	0.00	24	1	100.0	1
03/07/19	8:04 p	27.8	27.8	27.8	88	25.7	0.9	E	0.05	0.9	E	27.8	33.3	33.3	32.8	1009.7	0.00	0.0	0	0.00	0	0.0	0.00	0.0	0.000	0.007	29.1	70	23.0	33.1	12.59	1.1321	0.00	23	1	100.0	1
03/07/19	8:05 p	27.8	27.8	27.8	88	25.7	0.9	E	0.05	1.3	E	27.8	33.3	33.3	32.8	1009.7	0.00	0.0	0	0.00	0	0.0	0.00	0.0	0.000	0.007	29.1	70	23.0	33.1	12.59	1.1321	0.00	24	1	100.0	1
03/07/19	8:06 p	27.8	27.9	27.8	88	25.7	0.4	E	0.03	0.9	E	27.8	33.3	33.3	32.8	1009.7	0.00	0.0	0	0.00	0	0.0	0.00	0.0	0.000	0.007	29.1	70	23.0	33.1	12.59	1.1321	0.00	23	1	100.0	1
03/07/19	8:07 p	27.8	27.9	27.8	88	25.7	0.9	ENE	0.05	1.3	ENE	27.8	33.3	33.3	32.8	1009.7	0.00	0.0	0	0.00	0	0.0	0.00	0.0	0.000	0.007	29.1	70	23.0	33.1	12.59	1.1321	0.00	22	1	95.7	1
03/07/19	8:08 p	27.8	27.8	27.8	88	25.7	0.9	NE	0.05	1.8	NE	27.8	33.3	33.3	32.8	1009.8	0.00	0.0	0	0.00	0	0.0	0.00	0.0	0.000	0.007	29.1	70	23.0	33.1	12.59	1.1322	0.00	24	1	100.0	1
03/07/19	8:09 p	27.8	27.8	27.8	88	25.7	0.4	ENE	0.03	0.9	ENE	27.8	33.3	33.3	32.8	1009.7	0.00	0.0	0	0.00	0	0.0	0.00	0.0	0.000	0.007	29.0	70	23.0	32.9	12.60	1.1325	0.00	23	1	100.0	1
03/07/19	8:10 p	27.8	27.8	27.8	88	25.7	0.4	ENE	0.03	0.9	ENE	27.8	33.3	33.3	32.8	1009.8	0.00	0.0	0	0.00	0	0.0	0.00	0.0	0.000	0.007	29.0	70	23.0	32.9	12.60	1.1326	0.00	24	1	100.0	1
03/07/19	8:11 p	27.8	27.8	27.8	88	25.6	0.4	ENE	0.03	0.9	ENE	27.8	33.2	33.2	32.7	1009.8	0.00	0.0	0	0.00	0	0.0	0.00	0.0	0.000	0.007	29.1	70	23.0	33.1	12.59	1.1323	0.00	23	1	100.0	1
03/07/19	8:12 p	27.8	27.8	27.8	89	25.8	0.9	ENE	0.05	1.8	NE	27.8	33.3	33.3	32.8	1009.8	0.00	0.0	0	0.00	0	0.0	0.00	0.0	0.000	0.007	29.0	70	23.0	32.9	12.60	1.1326	0.00	23	1	100.0	1
03/07/19	8:13 p	27.8	27.8	27.8	89	25.8	0.9	ENE	0.05	1.8	NE	27.8	33.3	33.3	32.8	1009.9	0.00	0.0	0	0.00	0	0.0	0.00	0.0	0.000	0.007	29.0	70	23.0	32.9	12.60	1.1327	0.00	23	1	100.0	1
03/07/19	8:14 p	27.8	27.8	27.8	88	25.6	1.3	NE	0.08	1.8	ENE	27.8	33.2	33.2	32.7	1009.8	0.00	0.0	0	0.00	0	0.0	0.00	0.0	0.000	0.007	29.0	70	23.0	32.9	12.60	1.1326	0.00	23	1	100.0	1
03/07/19	8:15 p	27.8	27.8	27.8	88	25.6	0.9	NE	0.05	1.8	ENE	27.8	33.2	33.2	32.7	1009.9	0.00	0.0	0	0.00	0	0.0	0.00	0.0	0.000	0.007	29.0	70	23.0	32.9	12.60	1.1327	0.00	24	1	100.0	1
03/07/19	8:16 p	27.8	27.8	27.8	88	25.7	0.9	NE	0.05	1.3	NNE	27.8	33.3	33.3	32.8	1009.9	0.00	0.0	0	0.00	0	0.0	0.00	0.0	0.000	0.007	29.0	70	23.0	32.9	12.60	1.1327	0.00	23	1	100.0	1
03/07/19	8:17 p	27.8	27.8	27.8	88	25.7	1.3	ENE	0.08	1.8	NNE	27.8	33.3	33.3	32.8	1009.8	0.00	0.0	0	0.00	0	0.0	0.00	0.0	0.000	0.007	29.0	70	23.0	32.9	12.60	1.1326	0.00	24	1	100.0	1
03/07/19	8:18 p	27.8	27.8	27.8	88	25.7	1.3	ESE	0.08	2.2	NE	27.8	33.3	33.3	32.8	1009.8	0.00	0.0	0	0.00	0	0.0	0.00	0.0	0.000	0.007	29.0	70	23.0	32.9	12.60	1.1326	0.00	23	1	100.0	1
03/07/19	8:19 p	27.8	27.9	27.8	89	25.9	0.9	NE	0.05	1.3	NNE	27.8	33.5	33.5	33.0	1009.8	0.00	0.0	0	0.00	0	0.0	0.00	0.0	0.000	0.007	29.0	70	23.0	32.9	12.60	1.1326	0.00	23	1	100.0	1
03/07/19	8:20 p	27.9	27.9	27.8	88	25.7	1.3	NE	0.08	1.8	NE	27.9	33.5	33.5	33.0	1009.9	0.00	0.0	0	0.00	0	0.0	0.00	0.0	0.000	0.007	29.0	70	23.0	32.9	12.60	1.1327	0.00	23	1	100.0	1
03/07/19	8:21 p	27.9	27.9	27.9	88	25.7	0.9	NE	0.05	1.3	NE	27.9	33.5	33.5	33.0	1009.8	0.00	0.0	0	0.00	0	0.0	0.00	0.0	0.000	0.007	29.0	70	23.0	32.9	12.60	1.1326	0.00	22	1	95.7	1
03/07/19	8:22 p	27.9	27.9	27.9	88	25.7	1.3	NE	0.08	1.8	NE	27.9	33.5	33.5	33.0	1009.9	0.00	0.0	0	0.00	0	0.0	0.00	0.0	0.000	0.007	29.0	70	23.0	32.9	12.60	1.1327	0.00	24	1	100.0	1
03/07/19	8:23 p	27.9	27.9	27.9	88	25.8	1.3	NE	0.08	1.8	NE	27.9	33.7	33.7	33.2	1009.9	0.00	0.0	0	0.00	0	0.0	0.00	0.0	0.000	0.007	29.0	70	23.0	32.9	12.60	1.1327	0.00	22	1	95.7	1
03/07/19	8:24 p	27.9	27.9	27.9	89	26.0	1.3	NE	0.08	1.3	NE	27.9	33.8	33.8	33.3	1009.9	0.00	0.0	0	0.00	0	0.0	0.00	0.0	0.000	0.007	28.9	70	22.9	32.8	12.60	1.1330	0.00	23	1	100.0	1
03/07/19	8:25 p	27.9	27.9	27.9	88	25.8	2.2	NE	0.13	3.1	NE	27.9	33.7	33.7	33.2	1009.9	0.00	0.0	0	0.00	0	0.0	0.00	0.0	0.000	0.007	29.0	70	23.0	32.9	12.60	1.1327	0.00	23	1	100.0	1
03/07/19	8:26 p	27.9	27.9	27.9	89	25.9	1.8	NE	0.11	2.7	NNE	27.9	33.7	33.7	33.2	1009.9	0.00	0.0	0	0.00	0	0.0	0.00	0.0	0.000	0.007	28.9	70	22.9	32.8	12.60	1.1330	0.00	21	1	91.3	1
03/07/19	8:27 p	27.9	27.9	27.9	89	26.0	0.9	NE	0.05	1.8	NE	27.9	33.8	33.8	33.3	1009.8	0.00	0.0	0	0.00	0	0.0	0.00	0.0	0.000	0.007	29.0	70	23.0	32.9	12.60	1.1326	0.00	23	1	100.0	1
03/07/19	8:28 p	27.9	27.9	27.9	89	26.0	1.8	NE	0.11	2.2	NE	27.9	33.8	33.8	33.3	1009.8	0.00	0.0	0	0.00	0	0.0	0.00	0.0	0.000	0.007	28.9	70	22.9	32.8	12.60	1.1328	0.00	22	1	95.7	1
03/07/19	8:29 p	27.9	27.9	27.9	89	26.0	1.8	NNE	0.11	2.7	NE	27.9	33.8	33.8	33.3	1009.8	0.00	0.0	0	0.00	0	0.0	0.00	0.0	0.000	0.007	28.9	70	22.9	32.8	12.60	1.1328	0.00	23	1	100.0	1
03/07/19	8:30 p	27.9	27.9	27.9	89	26.0	1.8	NE	0.11	2.7	NNE	27.9	33.8	33.8	33.3	1009.7	0.00	0.0	0	0.00	0	0.0	0.00	0.0	0.000	0.007	29.0	70	23.0	32.9	12.60	1.1325	0.00	24	1	100.0	1
03/07/19	8:31 p	27.9	27.9	27.9	89	26.0	1.3	NE	0.08	2.2	NE	27.9	33.8	33.8	33.3	1009.8	0.00	0.0	0	0.00	0	0.0	0.00	0.0	0.000	0.007	28.9	70	22.9	32.8	12.60	1.1328	0.00	23	1	100.0	1
03/07/19	8:32 p	27.9	27.9	27.9	89	26.0	0.9	NE	0.05	1.8	NNE	27.9	33.8	33.8	33.3	1009.7	0.00	0.0	0	0.00	0	0.0	0.00	0.0	0.000	0.007	28.9	70	22.9	32.8	12.60	1.1328	0.00	23	1	100.0	1
03/07/19	8:33 p	27.9	27.9	27.9	89	26.0	1.8	NE	0.11	2.2	NNE	27.9	33.8	33.8	33.3	1009.8	0.00	0.0	0	0.00	0	0.0	0.00	0.0	0.000	0.007	28.9	70	22.9	32.8	12.60	1.1328	0.00	23	1	100.0	1
03/07/19	8:34 p	27.9	27.9	27.9	89	25.9	1.8	NNE	0.11	2.2	NE	27.9	33.7	33.7	33.2	1009.6	0.00	0.0	0	0.00	0	0.0	0.00	0.0	0.000	0.007	28.9	70	22.9	32.8	12.60	1.1327	0.00	24	1	100.0	1
03/07/19	8:35 p	27.9	27.9	27.9	89	26.0	1.8	NNE	0.11	2.2	NE	27.9	33.8	33.8	33.3	1009.8	0.00	0.0	0	0.00	0	0.0	0.00	0.0	0.000	0.007	28.9	70	22.9	32.8	12.60	1.1328	0.00	23	1	100.0	1
03/07/19	8:36 p	27.9	27.9	27.9	89	26.0	1.8	NNE	0.11	2.2	N	27.9	33.8	33.8	33.3	1009.7	0.00	0.0	0	0.00	0	0.0	0.00	0.0	0.000	0.007	28.9	70	22.9	32.8	12.60	1.1328	0.00	23	1	100.0	1
03/07/19	8:37 p	27.9	27.9	27.9	89	25.9	2.2	NE	0.13	2.7	NE	27.9	33.7	33.7	33.2	1009.8	0.00	0.0	0	0.00	0	0.0	0.00	0.0	0.000	0.007	28.9	70	22.9	32.8	12.60	1.1328	0.00	24	1	100.0	1
03/07/19	8:38 p	27.9	27.9	27.9	89	25.9	1.8	NE	0.11	3.1	NE	27.9	33.7	33.7	33.2	1009.7	0.00	0.0	0	0.00	0	0.0	0.00	0.0	0.000	0.007	28.9	70	22.9	32.8	12.60	1.1328	0.00	23	1	100.0	1
03/07/19	8:39 p	27.9	27.9	27.8	89	25.9	1.8	NNE	0.11	2.7	NNE	27.9	33.7	33.7	33.2	1009.7	0.00	0.0	0	0.00	0	0.0	0.00	0.0	0.000	0.007	28.9	70	22.9	32.8	12.60	1.1328	0.00	24	1	100.0	1
03/07/19	8:40 p	27.8	27.9	27.8	89	25.9	2.2	NE	0.13	4.0	NNE	27.8	33.5	33.5	33.0	1009.8	0.00	0.0	0	0.00	0	0.0	0.00	0.0	0.000	0.007	28.9	70	22.9	32.8	12.60	1.1328	0.00	23	1	100.0	1
03/07/19	8:41 p	27.8	27.9	27.8	89	25.9	1.8	NNE	0.11	2.2	ENE	27.8	33.5	33.5	33.0	1009.8	0.00	0.0	0	0.00	0	0.0	0.00	0.0	0.000	0.007	28.9	70	22.9	32.8	12.60	1.1329	0.00	22	1	95.7	1
03/07/19	8:42 p	27.8	27.9	27.8	89	25.9	1.3	NNE	0.08	1.8	NE	27.8	33.5	33.5	33.0	1009.7	0.00	0.0	0	0.00	0	0.0	0.00	0.0	0.000	0.007	28.9	70	22.9	32.7	12.61	1.1331	0.00	24	1	100.0	1
03/07/19	8:43 p	27.9	27.9	27.8	90	26.1	1.3	NNE	0.08	2.2	ENE	27.9	33.8	33.8	33.3	1009.7	0.00	0.0	0	0.00	0	0.0	0.00	0.0	0.000	0.007	28.9	70	22.9	32.8	12.60	1.1328	0.00	23	1	100.0	1
03/07/19	8:44 p	27.8	27.9	27.8	90	26.0	2.2	NE	0.13	3.6	NNE	27.8	33.7	33.7	33.2	1009.7	0.00	0.0	0	0.00	0	0.0	0.00	0.0	0.000	0.007	28.9	71	23.1	32.8	12.89	1.1326	0.00	24	1	100.0	1
03/07/19	8:45 p	27.8	27.8	27.8	90	26.0	2.2	NE	0.13	3.6	ENE	27.8	33.7	33.7	33.2	1009.7	0.00	0.0	0	0.00	0	0.0	0.00	0.0	0.000	0.007	28.9	71	23.1	32.8	12.89	1.1326	0.00	23	1	100.0	1
03/07/19	8:46 p	27.8	27.8	27.8	90	26.0	1.3	NE	0.08	2.7	NNE	27.8	33.7	33.7	33.2	1009.8	0.00	0.0	0	0.00	0	0.0	0.00	0.0	0.000	0.007	28.9	71	23.1	32.8	12.89	1.1327	0.00	24	1	100.0	1
03/07/19	8:47 p	27.8	27.9	27.8	90	26.0	1.8	NE	0.11	2.2	ENE	27.8	33.7	33.7	33.2	1009.7	0.00	0.0	0	0.00	0	0.0	0.00	0.0	0.000	0.007	28.9	71	23.1	32.8	12.89	1.1327	0.00	23	1	100.0	1
03/07/19	8:48 p	27.8	27.8	27.8	90	26.0	1.8	NE	0.11	2.7	ENE	27.8	33.7	33.7	33.2	1009.7	0.00	0.0	0	0.00	0	0.0	0.00	0.0	0.000	0.007	28.9	71	23.1	32.8	12.89	1.1326	0.00	23	1	100.0	1
03/07/19	8:49 p	27.8	27.8	27.8	90	26.0	1.8	ENE	0.11	2.7	ENE	27.8	33.7	33.7	33.2	1009.7	0.00	0.0	0	0.00	0	0.0	0.00	0.0	0.000	0.007	28.9	71	23.1	32.8	12.89	1.1326	0.00	24	1	100.0	1
03/07/19	8:50 p	27.8	27.9	27.8	90	26.0	2.2	NE	0.13	4.0	ENE	27.8	33.7	33.7	33.2	1009.8	0.00	0.0	0	0.00	0	0.0	0.00	0.0	0.000	0.007	28.9	71	23.1	32.8	12.89	1.1327	0.00	23	1	100.0	1
03/07/19	8:51 p	27.8	27.8	27.8	90	26.0	1.8	NE	0.11	2.2	NE	27.8	33.7	33.7	33.2	1009.7	0.00	0.0	0	0.00	0	0.0	0.00	0.0	0.000	0.007	28.9	71	23.2	33.0	12.89	1.1323	0.00	24	1	100.0	1
03/07/19	8:52 p	27.8	27.8	27.8	90	26.0	1.8	NE	0.11	2.7	NE	27.8	33.7	33.7	33.2	1009.8	0.00	0.0	0	0.00	0	0.0	0.00	0.0	0.000	0.007	28.9	71	23.1	32.8	12.89	1.1327	0.00	23	1	100.0	1
03/07/19	8:53 p	27.8	27.8	27.8	90	26.0	1.8	NE	0.11	2.7	NE	27.8	33.7	33.7	33.2	1009.8	0.00	0.0	0	0.00	0	0.0	0.00	0.0	0.000	0.007	28.9	71	23.1	32.8	12.89	1.1327	0.00	23	1	100.0	1
03/07/19	8:54 p	27.8	27.8	27.8	90	26.0	2.2	NNE	0.13	4.0	NNE	27.8	33.7	33.7	33.2	1009.9	0.00	0.0	0	0.00	0	0.0	0.00	0.0	0.000	0.007	28.9	71	23.1	32.8	12.89	1.1328	0.00	22	1	95.7	1
03/07/19	8:55 p	27.8	27.8	27.8	90	26.0	1.8	NE	0.11	3.6	ENE	27.8	33.7	33.7	33.2	1009.8	0.00	0.0	0	0.00	0	0.0	0.00	0.0	0.000	0.007	28.9	71	23.1	32.8	12.89	1.1327	0.00	22	1	95.7	1
03/07/19	8:56 p	27.8	27.9	27.8	90	26.0	1.3	NNE	0.08	2.2	NNE	27.8	33.7	33.7	33.2	1009.8	0.00	0.0	0	0.00	0	0.0	0.00	0.0	0.000	0.007	28.8	71	23.0	32.7	12.89	1.1330	0.00	24	1	100.0	1
03/07/19	8:57 p	27.8	27.8	27.8	90	26.0	1.3	NNE	0.08	1.8	NNE	27.8	33.7	33.7	33.2	1009.8	0.00	0.0	0	0.00	0	0.0	0.00	0.0	0.000	0.007	28.9	71	23.1	32.8	12.89	1.1328	0.00	22	1	95.7	1
03/07/19	8:58 p	27.8	27.8	27.8	90	26.0	1.3	NNE	0.08	2.7	NE	27.8	33.7	33.7	33.2	1009.9	0.00	0.0	0	0.00	0	0.0	0.00	0.0	0.000	0.007	28.9	71	23.1	32.8	12.89	1.1328	0.00	24	1	100.0	1
03/07/19	8:59 p	27.8	27.8	27.8	90	26.0	3.1	NNE	0.19	5.4	NE	27.8	33.7	33.7	33.2	1009.8	0.00	0.0	0	0.00	0	0.0	0.00	0.0	0.000	0.007	28.9	71	23.1	32.8	12.89	1.1327	0.00	21	1	91.3	1
03/07/19	9:00 p	27.8	27.8	27.8	90	26.0	2.7	NNE	0.16	4.0	NE	27.8	33.5	33.5	33.0	1009.7	0.00	0.0	0	0.00	0	0.0	0.00	0.0	0.000	0.007	28.8	71	23.0	32.7	12.89	1.1330	0.03	23	1	100.0	1
03/07/19	9:01 p	27.8	27.8	27.8	90	26.0	2.2	N	0.13	4.0	NNE	27.8	33.5	33.5	33.0	1009.7	0.00	0.0	0	0.00	0	0.0	0.00	0.0	0.000	0.007	28.9	71	23.1	32.8	12.89	1.1327	0.00	23	1	100.0	1
03/07/19	9:02 p	27.8	27.8	27.8	90	26.0	2.2	NNE	0.13	4.0	NNE	27.8	33.5	33.5	33.0	1009.7	0.00	0.0	0	0.00	0	0.0	0.00	0.0	0.000	0.007	28.8	71	23.0	32.7	12.89	1.1330	0.00	23	1	100.0	1
03/07/19	9:03 p	27.8	27.8	27.8	90	26.0	2.2	NNE	0.13	3.6	NNW	27.8	33.7	33.7	33.2	1009.7	0.00	0.0	0	0.00	0	0.0	0.00	0.0	0.000	0.007	28.8	71	23.0	32.7	12.89	1.1329	0.00	23	1	100.0	1
03/07/19	9:04 p	27.8	27.8	27.8	90	26.0	2.2	NE	0.13	3.6	E	27.8	33.7	33.7	33.2	1009.8	0.00	0.0	0	0.00	0	0.0	0.00	0.0	0.000	0.007	28.8	71	23.0	32.7	12.89	1.1330	0.00	22	1	95.7	1
03/07/19	9:05 p	27.8	27.8	27.8	90	26.0	2.7	NNE	0.16	4.9	N	27.8	33.7	33.7	33.2	1009.8	0.00	0.0	0	0.00	0	0.0	0.00	0.0	0.000	0.007	28.8	71	23.0	32.7	12.89	1.1330	0.00	23	1	100.0	1
03/07/19	9:06 p	27.8	27.8	27.8	91	26.2	3.1	NNE	0.19	4.9	NNE	27.8	33.7	33.7	33.2	1009.7	0.00	0.0	0	0.00	0	0.0	0.00	0.0	0.000	0.007	28.8	71	23.0	32.7	12.89	1.1329	0.00	24	1	100.0	1
03/07/19	9:07 p	27.8	27.8	27.8	90	26.0	1.8	NNE	0.11	3.6	NNE	27.8	33.5	33.5	33.0	1009.8	0.00	0.0	0	0.00	0	0.0	0.00	0.0	0.000	0.007	28.8	71	23.0	32.7	12.89	1.1330	0.00	23	1	100.0	1
03/07/19	9:08 p	27.8	27.8	27.8	90	26.0	1.8	NE	0.11	3.1	E	27.8	33.5	33.5	33.0	1009.8	0.00	0.0	0	0.00	0	0.0	0.00	0.0	0.000	0.007	28.8	71	23.0	32.7	12.89	1.1331	0.00	24	1	100.0	1
03/07/19	9:09 p	27.8	27.8	27.8	91	26.2	2.2	N	0.13	4.0	N	27.8	33.7	33.7	33.2	1009.9	0.00	0.0	0	0.00	0	0.0	0.00	0.0	0.000	0.007	28.8	71	23.0	32.7	12.89	1.1331	0.00	23	1	100.0	1
03/07/19	9:10 p	27.8	27.8	27.8	91	26.2	2.7	NE	0.16	4.5	NE	27.8	33.7	33.7	33.2	1009.9	0.00	0.0	0	0.00	0	0.0	0.00	0.0	0.000	0.007	28.8	71	23.0	32.7	12.89	1.1331	0.00	24	1	100.0	1
03/07/19	9:11 p	27.8	27.8	27.8	90	26.0	1.8	NE	0.11	3.1	NNE	27.8	33.5	33.5	33.0	1009.9	0.00	0.0	0	0.00	0	0.0	0.00	0.0	0.000	0.007	28.8	71	23.0	32.7	12.89	1.1331	0.00	23	1	100.0	1
03/07/19	9:12 p	27.8	27.8	27.8	91	26.2	2.2	NNE	0.13	4.9	NNE	27.8	33.7	33.7	33.2	1009.9	0.00	0.0	0	0.00	0	0.0	0.00	0.0	0.000	0.007	28.8	71	23.0	32.7	12.89	1.1332	0.00	23	1	100.0	1
03/07/19	9:13 p	27.8	27.8	27.8	90	26.0	2.2	NE	0.13	4.0	N	27.8	33.7	33.7	33.2	1010.0	0.00	0.0	0	0.00	0	0.0	0.00	0.0	0.000	0.007	28.8	71	23.0	32.7	12.89	1.1332	0.00	24	1	100.0	1
03/07/19	9:14 p	27.8	27.8	27.8	90	26.0	3.1	NNE	0.19	4.9	NNW	27.8	33.5	33.5	33.0	1010.0	0.00	0.0	0	0.00	0	0.0	0.00	0.0	0.000	0.007	28.8	71	23.0	32.7	12.89	1.1332	0.00	23	1	100.0	1
03/07/19	9:15 p	27.8	27.8	27.8	90	26.0	2.7	NNE	0.16	4.5	NNE	27.8	33.7	33.7	33.2	1010.0	0.00	0.0	0	0.00	0	0.0	0.00	0.0	0.000	0.007	28.8	71	23.0	32.7	12.89	1.1333	0.00	24	1	100.0	1
03/07/19	9:16 p	27.8	27.8	27.8	90	26.0	2.2	NE	0.13	4.0	NNE	27.8	33.7	33.7	33.2	1010.0	0.00	0.0	0	0.00	0	0.0	0.00	0.0	0.000	0.007	28.8	71	23.0	32.7	12.89	1.1333	0.00	23	1	100.0	1
03/07/19	9:17 p	27.8	27.8	27.8	90	26.0	2.7	NE	0.16	4.9	N	27.8	33.7	33.7	33.2	1010.0	0.00	0.0	0	0.00	0	0.0	0.00	0.0	0.000	0.007	28.8	71	23.0	32.7	12.89	1.1333	0.00	23	1	100.0	1
03/07/19	9:18 p	27.8	27.8	27.8	90	26.0	3.1	NE	0.19	4.9	NE	27.8	33.7	33.7	33.2	1010.0	0.00	0.0	0	0.00	0	0.0	0.00	0.0	0.000	0.007	28.8	71	23.0	32.7	12.89	1.1332	0.00	24	1	100.0	1
03/07/19	9:19 p	27.8	27.8	27.8	90	26.0	1.8	NE	0.11	3.6	NNE	27.8	33.7	33.7	33.2	1009.9	0.00	0.0	0	0.00	0	0.0	0.00	0.0	0.000	0.007	28.8	71	23.0	32.7	12.89	1.1331	0.00	23	1	100.0	1
03/07/19	9:20 p	27.8	27.8	27.8	91	26.2	2.2	NE	0.13	4.0	ENE	27.8	33.9	33.9	33.4	1009.9	0.00	0.0	0	0.00	0	0.0	0.00	0.0	0.000	0.007	28.8	71	23.0	32.7	12.89	1.1332	0.00	24	1	100.0	1
03/07/19	9:21 p	27.8	27.8	27.8	91	26.2	1.8	NNE	0.11	3.6	N	27.8	33.9	33.9	33.4	1010.0	0.00	0.0	0	0.00	0	0.0	0.00	0.0	0.000	0.007	28.8	71	23.0	32.7	12.89	1.1333	0.00	23	1	100.0	1
03/07/19	9:22 p	27.8	27.8	27.8	91	26.2	2.2	NNE	0.13	4.0	NNE	27.8	33.9	33.9	33.4	1010.0	0.00	0.0	0	0.00	0	0.0	0.00	0.0	0.000	0.007	28.8	71	23.0	32.6	12.90	1.1336	0.00	24	1	100.0	1
03/07/19	9:23 p	27.8	27.8	27.8	91	26.2	2.2	NE	0.13	4.5	NE	27.8	33.9	33.9	33.4	1009.9	0.00	0.0	0	0.00	0	0.0	0.00	0.0	0.000	0.007	28.8	71	23.0	32.7	12.89	1.1331	0.00	23	1	100.0	1
03/07/19	9:24 p	27.8	27.8	27.8	91	26.2	2.7	NE	0.16	3.6	NNE	27.8	33.9	33.9	33.4	1009.9	0.00	0.0	0	0.00	0	0.0	0.00	0.0	0.000	0.007	28.8	71	23.0	32.7	12.89	1.1332	0.00	23	1	100.0	1
03/07/19	9:25 p	27.8	27.8	27.8	91	26.2	2.2	NE	0.13	4.9	NE	27.8	33.9	33.9	33.4	1010.0	0.00	0.0	0	0.00	0	0.0	0.00	0.0	0.000	0.007	28.8	71	23.0	32.6	12.90	1.1336	0.00	24	1	100.0	1
03/07/19	9:26 p	27.8	27.8	27.8	91	26.2	1.8	NNE	0.11	3.1	NE	27.8	33.9	33.9	33.4	1010.0	0.00	0.0	0	0.00	0	0.0	0.00	0.0	0.000	0.007	28.8	71	23.0	32.7	12.89	1.1332	0.00	23	1	100.0	1
03/07/19	9:27 p	27.8	27.8	27.8	91	26.2	1.8	NE	0.11	3.1	ENE	27.8	33.9	33.9	33.4	1010.0	0.00	0.0	0	0.00	0	0.0	0.00	0.0	0.000	0.007	28.8	71	23.0	32.7	12.89	1.1333	0.00	24	1	100.0	1
03/07/19	9:28 p	27.8	27.8	27.8	91	26.2	1.3	NNE	0.08	2.7	NNE	27.8	33.9	33.9	33.4	1010.0	0.00	0.0	0	0.00	0	0.0	0.00	0.0	0.000	0.007	28.8	71	23.0	32.6	12.90	1.1336	0.00	22	1	95.7	1
03/07/19	9:29 p	27.8	27.8	27.8	91	26.2	3.1	NNE	0.19	4.9	NE	27.8	33.9	33.9	33.4	1010.1	0.00	0.0	0	0.00	0	0.0	0.00	0.0	0.000	0.007	28.8	71	23.0	32.7	12.89	1.1334	0.00	23	1	100.0	1
03/07/19	9:30 p	27.8	27.8	27.8	91	26.2	1.3	N	0.08	2.2	NNE	27.8	33.9	33.9	33.4	1010.1	0.00	0.0	0	0.00	0	0.0	0.00	0.0	0.000	0.007	28.8	71	23.0	32.6	12.90	1.1337	0.00	23	1	100.0	1
03/07/19	9:31 p	27.8	27.8	27.8	91	26.2	2.7	NNE	0.16	4.9	NE	27.8	33.9	33.9	33.4	1010.1	0.00	0.0	0	0.00	0	0.0	0.00	0.0	0.000	0.007	28.8	72	23.2	32.8	13.25	1.1332	0.00	22	1	95.7	1
03/07/19	9:32 p	27.8	27.9	27.8	91	26.2	2.2	NE	0.13	3.6	N	27.8	33.9	33.9	33.4	1010.1	0.00	0.0	0	0.00	0	0.0	0.00	0.0	0.000	0.007	28.8	72	23.2	32.8	13.25	1.1332	0.00	24	1	100.0	1
03/07/19	9:33 p	27.9	27.9	27.8	91	26.3	1.8	NE	0.11	3.1	NNE	27.9	34.1	34.1	33.6	1010.1	0.00	0.0	0	0.00	0	0.0	0.00	0.0	0.000	0.007	28.8	72	23.3	32.9	13.25	1.1330	0.00	22	1	95.7	1
03/07/19	9:34 p	27.9	27.9	27.8	91	26.3	2.2	NE	0.13	3.6	NNE	27.9	34.1	34.1	33.6	1010.1	0.00	0.0	0	0.00	0	0.0	0.00	0.0	0.000	0.007	28.8	72	23.3	32.9	13.25	1.1330	0.00	23	1	100.0	1
03/07/19	9:35 p	27.9	27.9	27.8	91	26.3	2.7	NNE	0.16	4.5	NE	27.9	34.1	34.1	33.6	1010.1	0.00	0.0	0	0.00	0	0.0	0.00	0.0	0.000	0.007	28.8	72	23.2	32.8	13.25	1.1332	0.00	23	1	100.0	1
03/07/19	9:36 p	27.9	27.9	27.9	91	26.3	2.2	NNE	0.13	4.0	NNE	27.9	34.1	34.1	33.6	1010.1	0.00	0.0	0	0.00	0	0.0	0.00	0.0	0.000	0.007	28.8	72	23.2	32.8	13.25	1.1333	0.00	23	1	100.0	1
03/07/19	9:37 p	27.9	27.9	27.9	91	26.3	2.2	NNE	0.13	3.6	NNE	27.9	34.1	34.1	33.6	1010.1	0.00	0.0	0	0.00	0	0.0	0.00	0.0	0.000	0.007	28.8	72	23.2	32.8	13.25	1.1333	0.00	24	1	100.0	1
03/07/19	9:38 p	27.9	27.9	27.9	91	26.3	2.7	NE	0.16	4.5	NNE	27.9	34.1	34.1	33.6	1010.2	0.00	0.0	0	0.00	0	0.0	0.00	0.0	0.000	0.007	28.8	72	23.2	32.8	13.25	1.1334	0.00	23	1	100.0	1
03/07/19	9:39 p	27.9	27.9	27.9	91	26.3	1.8	NNE	0.11	3.1	N	27.9	34.2	34.2	33.7	1010.2	0.00	0.0	0	0.00	0	0.0	0.00	0.0	0.000	0.007	28.8	72	23.2	32.8	13.25	1.1333	0.00	24	1	100.0	1
03/07/19	9:40 p	27.9	27.9	27.9	91	26.3	1.8	NNE	0.11	2.7	NNE	27.9	34.2	34.2	33.7	1010.2	0.00	0.0	0	0.00	0	0.0	0.00	0.0	0.000	0.007	28.8	72	23.2	32.8	13.25	1.1333	0.00	23	1	100.0	1
03/07/19	9:41 p	27.9	27.9	27.9	91	26.3	1.8	NE	0.11	3.1	NNE	27.9	34.2	34.2	33.7	1010.3	0.00	0.0	0	0.00	0	0.0	0.00	0.0	0.000	0.007	28.8	72	23.2	32.8	13.25	1.1335	0.00	23	1	100.0	1
03/07/19	9:42 p	27.9	27.9	27.9	91	26.3	2.2	NE	0.13	3.6	ENE	27.9	34.2	34.2	33.7	1010.2	0.00	0.0	0	0.00	0	0.0	0.00	0.0	0.000	0.007	28.8	72	23.2	32.8	13.25	1.1334	0.00	24	1	100.0	1
03/07/19	9:43 p	27.9	27.9	27.9	91	26.3	2.2	NE	0.13	3.6	ENE	27.9	34.2	34.2	33.7	1010.2	0.00	0.0	0	0.00	0	0.0	0.00	0.0	0.000	0.007	28.8	72	23.2	32.8	13.25	1.1333	0.00	23	1	100.0	1
03/07/19	9:44 p	27.9	27.9	27.9	90	26.2	2.2	NNE	0.13	4.0	NNE	27.9	34.0	34.0	33.5	1010.1	0.00	0.0	0	0.00	0	0.0	0.00	0.0	0.000	0.007	28.8	72	23.2	32.8	13.25	1.1333	0.00	24	1	100.0	1
03/07/19	9:45 p	27.9	27.9	27.9	90	26.2	1.8	NNE	0.11	3.1	NNE	27.9	34.0	34.0	33.5	1010.2	0.00	0.0	0	0.00	0	0.0	0.00	0.0	0.000	0.007	28.8	72	23.2	32.8	13.25	1.1333	0.00	23	1	100.0	1
03/07/19	9:46 p	27.9	27.9	27.9	90	26.2	2.2	NE	0.13	3.6	NNE	27.9	34.0	34.0	33.5	1010.1	0.00	0.0	0	0.00	0	0.0	0.00	0.0	0.000	0.007	28.7	72	23.2	32.7	13.25	1.1336	0.00	23	1	100.0	1
03/07/19	9:47 p	27.9	27.9	27.9	90	26.2	2.7	NE	0.16	4.0	NE	27.9	34.0	34.0	33.5	1010.1	0.00	0.0	0	0.00	0	0.0	0.00	0.0	0.000	0.007	28.8	72	23.2	32.8	13.25	1.1333	0.00	24	1	100.0	1
03/07/19	9:48 p	28.0	28.0	27.9	90	26.2	1.3	NE	0.08	2.2	ENE	28.0	34.2	34.2	33.7	1010.2	0.00	0.0	0	0.00	0	0.0	0.00	0.0	0.000	0.007	28.7	72	23.2	32.7	13.25	1.1337	0.00	23	1	100.0	1
03/07/19	9:49 p	28.0	28.0	27.9	90	26.2	1.8	NNE	0.11	2.7	NNE	28.0	34.2	34.2	33.7	1010.2	0.00	0.0	0	0.00	0	0.0	0.00	0.0	0.000	0.007	28.8	72	23.2	32.8	13.25	1.1333	0.00	24	1	100.0	1
03/07/19	9:50 p	27.9	27.9	27.9	90	26.2	2.2	NNE	0.13	3.1	NE	27.9	34.0	34.0	33.5	1010.2	0.00	0.0	0	0.00	0	0.0	0.00	0.0	0.000	0.007	28.7	72	23.2	32.7	13.25	1.1337	0.00	23	1	100.0	1
03/07/19	9:51 p	27.9	27.9	27.9	90	26.2	2.7	NE	0.16	4.0	NE	27.9	34.0	34.0	33.5	1010.3	0.00	0.0	0	0.00	0	0.0	0.00	0.0	0.000	0.007	28.8	72	23.2	32.8	13.25	1.1335	0.00	24	1	100.0	1
03/07/19	9:52 p	27.9	27.9	27.9	90	26.2	2.2	NE	0.13	4.0	NNE	27.9	34.0	34.0	33.5	1010.2	0.00	0.0	0	0.00	0	0.0	0.00	0.0	0.000	0.007	28.7	72	23.2	32.7	13.25	1.1337	0.00	23	1	100.0	1
03/07/19	9:53 p	27.9	28.0	27.9	90	26.2	2.2	NNE	0.13	3.6	NNE	27.9	34.0	34.0	33.5	1010.3	0.00	0.0	0	0.00	0	0.0	0.00	0.0	0.000	0.007	28.8	72	23.2	32.8	13.25	1.1335	0.00	23	1	100.0	1
03/07/19	9:54 p	27.9	27.9	27.9	90	26.2	2.2	NNE	0.13	3.6	NE	27.9	34.0	34.0	33.5	1010.3	0.00	0.0	0	0.00	0	0.0	0.00	0.0	0.000	0.007	28.7	72	23.2	32.7	13.25	1.1338	0.00	24	1	100.0	1
03/07/19	9:55 p	27.9	27.9	27.9	90	26.2	1.8	NE	0.11	2.2	NE	27.9	34.0	34.0	33.5	1010.3	0.00	0.0	0	0.00	0	0.0	0.00	0.0	0.000	0.007	28.7	72	23.2	32.7	13.25	1.1338	0.00	23	1	100.0	1
03/07/19	9:56 p	27.9	27.9	27.9	90	26.1	2.2	NNE	0.13	4.0	NNE	27.9	33.8	33.8	33.3	1010.3	0.00	0.0	0	0.00	0	0.0	0.00	0.0	0.000	0.007	28.7	72	23.2	32.7	13.25	1.1338	0.00	24	1	100.0	1
03/07/19	9:57 p	27.9	27.9	27.9	90	26.1	2.2	NNE	0.13	3.6	N	27.9	33.8	33.8	33.3	1010.3	0.00	0.0	0	0.00	0	0.0	0.00	0.0	0.000	0.007	28.7	72	23.2	32.7	13.25	1.1338	0.00	23	1	100.0	1
03/07/19	9:58 p	27.9	27.9	27.9	90	26.1	1.3	NNE	0.08	2.7	W	27.9	33.8	33.8	33.3	1010.2	0.00	0.0	0	0.00	0	0.0	0.00	0.0	0.000	0.007	28.7	72	23.2	32.7	13.25	1.1337	0.00	23	1	100.0	1
03/07/19	9:59 p	27.9	27.9	27.9	90	26.1	2.7	NNE	0.16	4.5	NNE	27.9	33.8	33.8	33.3	1010.2	0.00	0.0	0	0.00	0	0.0	0.00	0.0	0.000	0.007	28.7	72	23.2	32.7	13.25	1.1337	0.00	24	1	100.0	1
03/07/19	10:00 p	27.8	27.9	27.8	90	26.0	1.8	NNE	0.11	3.1	NNE	27.8	33.7	33.7	33.2	1010.3	0.00	0.0	0	0.00	0	0.0	0.00	0.0	0.000	0.007	28.7	72	23.2	32.7	13.25	1.1338	0.03	23	1	100.0	1
03/07/19	10:01 p	27.8	27.9	27.8	90	26.0	1.8	N	0.11	3.6	NNE	27.8	33.7	33.7	33.2	1010.3	0.00	0.0	0	0.00	0	0.0	0.00	0.0	0.000	0.007	28.7	72	23.2	32.7	13.25	1.1338	0.00	24	1	100.0	1
03/07/19	10:02 p	27.8	27.9	27.8	90	26.0	2.2	N	0.13	3.6	NNE	27.8	33.7	33.7	33.2	1010.3	0.00	0.0	0	0.00	0	0.0	0.00	0.0	0.000	0.007	28.7	72	23.2	32.7	13.25	1.1338	0.00	22	1	95.7	1
03/07/19	10:03 p	27.8	27.8	27.8	90	26.0	2.2	NNE	0.13	3.6	NNE	27.8	33.7	33.7	33.2	1010.4	0.00	0.0	0	0.00	0	0.0	0.00	0.0	0.000	0.007	28.7	73	23.4	32.9	13.58	1.1335	0.00	24	1	100.0	1
03/07/19	10:04 p	27.8	27.8	27.8	90	26.0	1.8	NE	0.11	2.2	E	27.8	33.5	33.5	33.0	1010.3	0.00	0.0	0	0.00	0	0.0	0.00	0.0	0.000	0.007	28.7	73	23.4	32.9	13.58	1.1334	0.00	22	1	95.7	1
03/07/19	10:05 p	27.8	27.8	27.8	91	26.2	1.3	NNE	0.08	2.2	NNE	27.8	33.9	33.9	33.4	1010.3	0.00	0.0	0	0.00	0	0.0	0.00	0.0	0.000	0.007	28.7	73	23.4	32.9	13.58	1.1334	0.00	22	1	95.7	1
03/07/19	10:06 p	27.8	27.8	27.8	91	26.2	2.2	NE	0.13	3.1	NE	27.8	33.7	33.7	33.2	1010.4	0.00	0.0	0	0.00	0	0.0	0.00	0.0	0.000	0.007	28.7	73	23.4	32.9	13.58	1.1335	0.00	24	1	100.0	1
03/07/19	10:07 p	27.8	27.8	27.8	91	26.2	1.3	NE	0.08	2.2	NE	27.8	33.7	33.7	33.2	1010.4	0.00	0.0	0	0.00	0	0.0	0.00	0.0	0.000	0.007	28.7	73	23.4	32.9	13.58	1.1335	0.00	21	1	91.3	1
03/07/19	10:08 p	27.8	27.8	27.8	91	26.2	2.2	NE	0.13	3.6	NNE	27.8	33.9	33.9	33.4	1010.3	0.00	0.0	0	0.00	0	0.0	0.00	0.0	0.000	0.007	28.7	73	23.4	32.9	13.58	1.1334	0.00	24	1	100.0	1
03/07/19	10:09 p	27.8	27.8	27.8	91	26.2	0.9	NE	0.05	2.2	N	27.8	33.9	33.9	33.4	1010.3	0.00	0.0	0	0.00	0	0.0	0.00	0.0	0.000	0.007	28.7	73	23.4	32.9	13.58	1.1334	0.00	22	1	95.7	1
03/07/19	10:10 p	27.8	27.8	27.8	91	26.2	1.3	NE	0.08	2.2	NE	27.8	33.9	33.9	33.4	1010.4	0.00	0.0	0	0.00	0	0.0	0.00	0.0	0.000	0.007	28.7	73	23.4	32.9	13.58	1.1335	0.00	23	1	100.0	1
03/07/19	10:11 p	27.8	27.8	27.8	91	26.2	2.2	NE	0.13	4.0	NNE	27.8	33.7	33.7	33.2	1010.3	0.00	0.0	0	0.00	0	0.0	0.00	0.0	0.000	0.007	28.7	73	23.4	32.9	13.58	1.1334	0.00	24	1	100.0	1
03/07/19	10:12 p	27.8	27.8	27.8	91	26.2	2.2	NNE	0.13	2.7	NE	27.8	33.9	33.9	33.4	1010.4	0.00	0.0	0	0.00	0	0.0	0.00	0.0	0.000	0.007	28.7	73	23.4	32.9	13.58	1.1334	0.00	23	1	100.0	1
03/07/19	10:13 p	27.8	27.8	27.8	91	26.2	1.8	NNE	0.11	2.2	NE	27.8	33.7	33.7	33.2	1010.4	0.00	0.0	0	0.00	0	0.0	0.00	0.0	0.000	0.007	28.7	73	23.4	32.9	13.58	1.1335	0.00	24	1	100.0	1
03/07/19	10:14 p	27.8	27.8	27.8	91	26.2	1.8	NNE	0.11	3.1	NNE	27.8	33.7	33.7	33.2	1010.4	0.00	0.0	0	0.00	0	0.0	0.00	0.0	0.000	0.007	28.7	73	23.4	32.9	13.58	1.1334	0.00	23	1	100.0	1
03/07/19	10:15 p	27.8	27.8	27.8	91	26.2	2.2	NNE	0.13	4.0	N	27.8	33.9	33.9	33.4	1010.4	0.00	0.0	0	0.00	0	0.0	0.00	0.0	0.000	0.007	28.7	73	23.3	32.7	13.58	1.1338	0.00	24	1	100.0	1
03/07/19	10:16 p	27.8	27.8	27.8	91	26.2	1.8	NNE	0.11	3.6	NNE	27.8	33.7	33.7	33.2	1010.4	0.00	0.0	0	0.00	0	0.0	0.00	0.0	0.000	0.007	28.7	73	23.4	32.9	13.58	1.1334	0.00	23	1	100.0	1
03/07/19	10:17 p	27.8	27.8	27.8	91	26.2	1.3	NNE	0.08	2.2	NNE	27.8	33.7	33.7	33.2	1010.4	0.00	0.0	0	0.00	0	0.0	0.00	0.0	0.000	0.007	28.7	73	23.4	32.9	13.58	1.1335	0.00	23	1	100.0	1
03/07/19	10:18 p	27.8	27.8	27.8	91	26.2	2.2	NNE	0.13	4.0	NNE	27.8	33.7	33.7	33.2	1010.4	0.00	0.0	0	0.00	0	0.0	0.00	0.0	0.000	0.007	28.7	73	23.3	32.7	13.58	1.1338	0.00	24	1	100.0	1
03/07/19	10:19 p	27.8	27.8	27.8	91	26.2	1.8	NNE	0.11	3.1	N	27.8	33.7	33.7	33.2	1010.4	0.00	0.0	0	0.00	0	0.0	0.00	0.0	0.000	0.007	28.7	73	23.3	32.7	13.58	1.1338	0.00	23	1	100.0	1
03/07/19	10:20 p	27.8	27.8	27.8	91	26.2	1.3	NNE	0.08	2.2	NE	27.8	33.7	33.7	33.2	1010.4	0.00	0.0	0	0.00	0	0.0	0.00	0.0	0.000	0.007	28.7	73	23.3	32.7	13.58	1.1338	0.00	24	1	100.0	1
03/07/19	10:21 p	27.8	27.8	27.8	91	26.2	2.2	NNE	0.13	3.6	NNE	27.8	33.7	33.7	33.2	1010.4	0.00	0.0	0	0.00	0	0.0	0.00	0.0	0.000	0.007	28.7	73	23.3	32.7	13.58	1.1337	0.00	23	1	100.0	1
03/07/19	10:22 p	27.8	27.8	27.7	91	26.2	1.8	NNE	0.11	2.7	N	27.8	33.7	33.7	33.2	1010.4	0.00	0.0	0	0.00	0	0.0	0.00	0.0	0.000	0.007	28.7	73	23.4	32.9	13.58	1.1335	0.00	23	1	100.0	1
03/07/19	10:23 p	27.7	27.8	27.7	91	26.1	1.8	NE	0.11	2.2	NE	27.7	33.6	33.6	33.1	1010.4	0.00	0.0	0	0.00	0	0.0	0.00	0.0	0.000	0.007	28.7	73	23.3	32.7	13.58	1.1338	0.00	24	1	100.0	1
03/07/19	10:24 p	27.7	27.8	27.7	91	26.1	1.3	NNE	0.08	2.2	NNE	27.7	33.6	33.6	33.1	1010.3	0.00	0.0	0	0.00	0	0.0	0.00	0.0	0.000	0.007	28.7	73	23.4	32.9	13.58	1.1334	0.00	23	1	100.0	1
03/07/19	10:25 p	27.8	27.8	27.7	91	26.2	1.8	NNE	0.11	2.2	NE	27.8	33.7	33.7	33.2	1010.4	0.00	0.0	0	0.00	0	0.0	0.00	0.0	0.000	0.007	28.7	73	23.4	32.9	13.58	1.1335	0.00	24	1	100.0	1
03/07/19	10:26 p	27.7	27.8	27.7	91	26.1	1.8	NE	0.11	2.2	NNE	27.7	33.6	33.6	33.1	1010.4	0.00	0.0	0	0.00	0	0.0	0.00	0.0	0.000	0.007	28.7	73	23.3	32.7	13.58	1.1338	0.00	23	1	100.0	1
03/07/19	10:27 p	27.7	27.7	27.7	91	26.1	1.8	NE	0.11	2.7	NNE	27.7	33.6	33.6	33.1	1010.4	0.00	0.0	0	0.00	0	0.0	0.00	0.0	0.000	0.007	28.7	73	23.3	32.7	13.58	1.1337	0.00	24	1	100.0	1
03/07/19	10:28 p	27.7	27.7	27.7	91	26.1	2.2	NNE	0.13	3.6	NNE	27.7	33.6	33.6	33.1	1010.5	0.00	0.0	0	0.00	0	0.0	0.00	0.0	0.000	0.007	28.7	73	23.3	32.7	13.58	1.1339	0.00	23	1	100.0	1
03/07/19	10:29 p	27.7	27.7	27.7	91	26.1	1.8	NNE	0.11	3.1	NNE	27.7	33.6	33.6	33.1	1010.4	0.00	0.0	0	0.00	0	0.0	0.00	0.0	0.000	0.007	28.7	73	23.3	32.7	13.58	1.1338	0.00	23	1	100.0	1
03/07/19	10:30 p	27.7	27.7	27.7	91	26.1	1.8	NE	0.11	2.2	NNW	27.7	33.6	33.6	33.1	1010.4	0.00	0.0	0	0.00	0	0.0	0.00	0.0	0.000	0.007	28.7	73	23.3	32.7	13.58	1.1337	0.00	24	1	100.0	1
03/07/19	10:31 p	27.7	27.7	27.7	91	26.1	1.8	NNE	0.11	2.7	NE	27.7	33.6	33.6	33.1	1010.5	0.00	0.0	0	0.00	0	0.0	0.00	0.0	0.000	0.007	28.7	73	23.3	32.7	13.58	1.1339	0.00	23	1	100.0	1
03/07/19	10:32 p	27.7	27.7	27.7	91	26.1	1.3	NE	0.08	2.2	NNE	27.7	33.6	33.6	33.1	1010.4	0.00	0.0	0	0.00	0	0.0	0.00	0.0	0.000	0.007	28.7	73	23.3	32.7	13.58	1.1338	0.00	24	1	100.0	1
03/07/19	10:33 p	27.7	27.8	27.7	91	26.1	1.8	NE	0.11	2.7	ENE	27.7	33.6	33.6	33.1	1010.5	0.00	0.0	0	0.00	0	0.0	0.00	0.0	0.000	0.007	28.7	73	23.3	32.7	13.58	1.1339	0.00	23	1	100.0	1
03/07/19	10:34 p	27.7	27.7	27.7	91	26.1	1.8	NNE	0.11	2.2	NE	27.7	33.6	33.6	33.1	1010.5	0.00	0.0	0	0.00	0	0.0	0.00	0.0	0.000	0.007	28.7	73	23.3	32.7	13.58	1.1339	0.00	23	1	100.0	1
03/07/19	10:35 p	27.7	27.7	27.7	91	26.1	1.8	NE	0.11	2.7	NE	27.7	33.6	33.6	33.1	1010.5	0.00	0.0	0	0.00	0	0.0	0.00	0.0	0.000	0.007	28.7	73	23.3	32.7	13.58	1.1339	0.00	24	1	100.0	1
03/07/19	10:36 p	27.7	27.7	27.7	91	26.1	1.8	N	0.11	2.2	NE	27.7	33.6	33.6	33.1	1010.4	0.00	0.0	0	0.00	0	0.0	0.00	0.0	0.000	0.007	28.7	73	23.3	32.7	13.58	1.1338	0.00	22	1	95.7	1
03/07/19	10:37 p	27.7	27.7	27.7	91	26.1	1.8	NE	0.11	2.7	N	27.7	33.6	33.6	33.1	1010.4	0.00	0.0	0	0.00	0	0.0	0.00	0.0	0.000	0.007	28.7	73	23.3	32.7	13.58	1.1338	0.00	24	1	100.0	1
03/07/19	10:38 p	27.7	27.7	27.7	91	26.1	1.3	NE	0.08	2.7	NNE	27.7	33.6	33.6	33.1	1010.4	0.00	0.0	0	0.00	0	0.0	0.00	0.0	0.000	0.007	28.7	73	23.3	32.7	13.58	1.1338	0.00	22	1	95.7	1
03/07/19	10:39 p	27.7	27.7	27.7	91	26.1	1.8	NNE	0.11	4.0	NNE	27.7	33.6	33.6	33.1	1010.5	0.00	0.0	0	0.00	0	0.0	0.00	0.0	0.000	0.007	28.7	73	23.3	32.7	13.58	1.1339	0.00	20	1	87.0	1
03/07/19	10:40 p	27.7	27.7	27.7	91	26.1	2.2	NNE	0.13	3.6	NNE	27.7	33.6	33.6	33.1	1010.5	0.00	0.0	0	0.00	0	0.0	0.00	0.0	0.000	0.007	28.7	73	23.3	32.7	13.58	1.1339	0.00	24	1	100.0	1
03/07/19	10:41 p	27.7	27.7	27.7	91	26.1	1.8	NE	0.11	3.6	NNW	27.7	33.4	33.4	32.9	1010.5	0.00	0.0	0	0.00	0	0.0	0.00	0.0	0.000	0.006	28.7	73	23.3	32.7	13.58	1.1339	0.00	22	1	95.7	1
03/07/19	10:42 p	27.7	27.7	27.7	91	26.1	1.8	NNE	0.11	3.6	NNE	27.7	33.6	33.6	33.1	1010.6	0.00	0.0	0	0.00	0	0.0	0.00	0.0	0.000	0.007	28.7	73	23.3	32.7	13.58	1.1340	0.00	24	1	100.0	1
03/07/19	10:43 p	27.7	27.7	27.7	91	26.1	1.8	NE	0.11	2.7	NE	27.7	33.6	33.6	33.1	1010.5	0.00	0.0	0	0.00	0	0.0	0.00	0.0	0.000	0.007	28.7	73	23.3	32.7	13.58	1.1339	0.00	22	1	95.7	1
03/07/19	10:44 p	27.7	27.7	27.7	91	26.1	1.3	NNE	0.08	2.2	NE	27.7	33.6	33.6	33.1	1010.6	0.00	0.0	0	0.00	0	0.0	0.00	0.0	0.000	0.007	28.7	73	23.3	32.7	13.58	1.1340	0.00	24	1	100.0	1
03/07/19	10:45 p	27.7	27.7	27.7	91	26.1	1.3	N	0.08	2.2	NNE	27.7	33.6	33.6	33.1	1010.5	0.00	0.0	0	0.00	0	0.0	0.00	0.0	0.000	0.007	28.7	73	23.3	32.7	13.58	1.1339	0.00	23	1	100.0	1
03/07/19	10:46 p	27.7	27.7	27.7	91	26.1	1.3	NE	0.08	1.8	NE	27.7	33.4	33.4	32.9	1010.5	0.00	0.0	0	0.00	0	0.0	0.00	0.0	0.000	0.006	28.7	73	23.3	32.7	13.58	1.1339	0.00	23	1	100.0	1
03/07/19	10:47 p	27.7	27.7	27.7	91	26.1	1.3	NE	0.08	1.8	NE	27.7	33.4	33.4	32.9	1010.6	0.00	0.0	0	0.00	0	0.0	0.00	0.0	0.000	0.006	28.7	73	23.3	32.7	13.58	1.1340	0.00	24	1	100.0	1
03/07/19	10:48 p	27.7	27.7	27.7	91	26.1	1.3	NE	0.08	1.8	NE	27.7	33.4	33.4	32.9	1010.5	0.00	0.0	0	0.00	0	0.0	0.00	0.0	0.000	0.006	28.7	73	23.3	32.7	13.58	1.1339	0.00	23	1	100.0	1
03/07/19	10:49 p	27.7	27.7	27.6	91	26.1	1.8	NE	0.11	2.7	NE	27.7	33.4	33.4	32.9	1010.5	0.00	0.0	0	0.00	0	0.0	0.00	0.0	0.000	0.006	28.7	73	23.3	32.7	13.58	1.1339	0.00	24	1	100.0	1
03/07/19	10:50 p	27.7	27.7	27.7	91	26.1	1.3	NE	0.08	1.8	NE	27.7	33.4	33.4	32.9	1010.6	0.00	0.0	0	0.00	0	0.0	0.00	0.0	0.000	0.006	28.7	73	23.3	32.7	13.58	1.1340	0.00	23	1	100.0	1
03/07/19	10:51 p	27.6	27.7	27.6	91	26.0	0.9	NE	0.05	1.3	NE	27.6	33.2	33.2	32.7	1010.5	0.00	0.0	0	0.00	0	0.0	0.00	0.0	0.000	0.006	28.7	73	23.3	32.7	13.58	1.1339	0.00	23	1	100.0	1
03/07/19	10:52 p	27.6	27.6	27.6	92	26.2	0.9	ENE	0.05	0.9	NNE	27.6	33.4	33.4	32.9	1010.7	0.00	0.0	0	0.00	0	0.0	0.00	0.0	0.000	0.006	28.6	73	23.3	32.6	13.58	1.1344	0.00	23	1	100.0	1
03/07/19	10:53 p	27.6	27.6	27.6	92	26.2	0.4	ENE	0.03	0.9	ENE	27.6	33.4	33.4	32.9	1010.6	0.00	0.0	0	0.00	0	0.0	0.00	0.0	0.000	0.006	28.7	73	23.3	32.7	13.58	1.1340	0.00	23	1	100.0	1
03/07/19	10:54 p	27.6	27.6	27.6	92	26.1	0.9	NNE	0.05	1.3	NNE	27.6	33.3	33.3	32.8	1010.7	0.00	0.0	0	0.00	0	0.0	0.00	0.0	0.000	0.006	28.6	73	23.3	32.6	13.58	1.1345	0.00	24	1	100.0	1
03/07/19	10:55 p	27.6	27.6	27.6	92	26.2	0.4	ENE	0.03	1.3	NE	27.6	33.4	33.4	32.9	1010.7	0.00	0.0	0	0.00	0	0.0	0.00	0.0	0.000	0.006	28.6	73	23.3	32.6	13.58	1.1345	0.00	23	1	100.0	1
03/07/19	10:56 p	27.6	27.6	27.6	92	26.2	0.9	NE	0.05	1.3	NNE	27.6	33.4	33.4	32.9	1010.7	0.00	0.0	0	0.00	0	0.0	0.00	0.0	0.000	0.006	28.6	73	23.3	32.6	13.58	1.1345	0.00	23	1	100.0	1
03/07/19	10:57 p	27.6	27.6	27.6	92	26.2	0.4	NE	0.03	0.9	NE	27.6	33.4	33.4	32.9	1010.7	0.00	0.0	0	0.00	0	0.0	0.00	0.0	0.000	0.006	28.6	73	23.3	32.6	13.58	1.1345	0.00	23	1	100.0	1
03/07/19	10:58 p	27.6	27.6	27.6	92	26.2	0.4	NE	0.03	0.4	NE	27.6	33.4	33.4	32.9	1010.7	0.00	0.0	0	0.00	0	0.0	0.00	0.0	0.000	0.006	28.6	73	23.3	32.6	13.58	1.1345	0.00	23	1	100.0	1
03/07/19	10:59 p	27.6	27.6	27.6	92	26.1	0.4	NE	0.03	0.4	NE	27.6	33.3	33.3	32.8	1010.7	0.00	0.0	0	0.00	0	0.0	0.00	0.0	0.000	0.006	28.6	73	23.3	32.6	13.58	1.1345	0.00	24	1	100.0	1
03/07/19	11:00 p	27.6	27.6	27.6	92	26.2	0.4	NE	0.03	0.9	ENE	27.6	33.4	33.4	32.9	1010.8	0.00	0.0	0	0.00	0	0.0	0.00	0.0	0.000	0.006	28.6	73	23.3	32.6	13.58	1.1346	0.03	23	1	100.0	1
03/07/19	11:01 p	27.6	27.6	27.6	92	26.2	0.4	NE	0.03	0.9	NE	27.6	33.4	33.4	32.9	1010.8	0.00	0.0	0	0.00	0	0.0	0.00	0.0	0.000	0.006	28.6	73	23.3	32.6	13.58	1.1346	0.00	24	1	100.0	1
03/07/19	11:02 p	27.6	27.6	27.6	92	26.2	0.4	NE	0.03	0.4	NE	27.6	33.4	33.4	32.9	1010.8	0.00	0.0	0	0.00	0	0.0	0.00	0.0	0.000	0.006	28.6	73	23.3	32.6	13.58	1.1346	0.00	23	1	100.0	1
03/07/19	11:03 p	27.6	27.6	27.6	92	26.2	0.9	ENE	0.05	1.3	ENE	27.6	33.4	33.4	32.9	1010.7	0.00	0.0	0	0.00	0	0.0	0.00	0.0	0.000	0.006	28.6	73	23.3	32.6	13.58	1.1345	0.00	23	1	100.0	1
03/07/19	11:04 p	27.6	27.6	27.6	92	26.2	0.9	ENE	0.05	1.3	ENE	27.6	33.4	33.4	32.9	1010.8	0.00	0.0	0	0.00	0	0.0	0.00	0.0	0.000	0.006	28.6	73	23.3	32.6	13.58	1.1346	0.00	24	1	100.0	1
03/07/19	11:05 p	27.6	27.7	27.6	92	26.2	0.9	ENE	0.05	0.9	ENE	27.6	33.4	33.4	32.9	1010.7	0.00	0.0	0	0.00	0	0.0	0.00	0.0	0.000	0.006	28.6	73	23.3	32.6	13.58	1.1345	0.00	23	1	100.0	1
03/07/19	11:06 p	27.6	27.6	27.6	92	26.2	1.3	NE	0.08	1.8	NE	27.6	33.4	33.4	32.9	1010.8	0.00	0.0	0	0.00	0	0.0	0.00	0.0	0.000	0.006	28.6	73	23.3	32.6	13.58	1.1345	0.00	24	1	100.0	1
03/07/19	11:07 p	27.6	27.7	27.6	92	26.2	0.9	NE	0.05	1.3	NNE	27.6	33.4	33.4	32.9	1010.8	0.00	0.0	0	0.00	0	0.0	0.00	0.0	0.000	0.006	28.6	73	23.3	32.6	13.58	1.1345	0.00	23	1	100.0	1
03/07/19	11:08 p	27.7	27.7	27.6	92	26.2	0.4	NE	0.03	0.9	NE	27.7	33.6	33.6	33.1	1010.8	0.00	0.0	0	0.00	0	0.0	0.00	0.0	0.000	0.006	28.6	73	23.3	32.6	13.58	1.1346	0.00	24	1	100.0	1
03/07/19	11:09 p	27.6	27.7	27.6	92	26.2	0.4	ENE	0.03	0.9	NE	27.6	33.4	33.4	32.9	1010.9	0.00	0.0	0	0.00	0	0.0	0.00	0.0	0.000	0.006	28.6	73	23.3	32.6	13.58	1.1346	0.00	22	1	95.7	1
03/07/19	11:10 p	27.7	27.7	27.7	92	26.2	0.4	ENE	0.03	1.3	ENE	27.7	33.6	33.6	33.1	1010.8	0.00	0.0	0	0.00	0	0.0	0.00	0.0	0.000	0.006	28.6	73	23.3	32.6	13.58	1.1346	0.00	22	1	95.7	1
03/07/19	11:11 p	27.7	27.7	27.7	92	26.2	0.4	ENE	0.03	0.9	ENE	27.7	33.6	33.6	33.1	1010.9	0.00	0.0	0	0.00	0	0.0	0.00	0.0	0.000	0.006	28.6	73	23.2	32.5	13.58	1.1350	0.00	24	1	100.0	1
03/07/19	11:12 p	27.6	27.7	27.6	92	26.2	0.4	ENE	0.03	0.9	ENE	27.6	33.4	33.4	32.9	1010.9	0.00	0.0	0	0.00	0	0.0	0.00	0.0	0.000	0.006	28.6	73	23.3	32.6	13.58	1.1347	0.00	22	1	95.7	1
03/07/19	11:13 p	27.6	27.7	27.6	92	26.2	0.4	ENE	0.03	0.4	ENE	27.6	33.4	33.4	32.9	1010.9	0.00	0.0	0	0.00	0	0.0	0.00	0.0	0.000	0.006	28.6	73	23.3	32.6	13.58	1.1347	0.00	23	1	100.0	1
03/07/19	11:14 p	27.6	27.7	27.6	92	26.2	0.4	ENE	0.03	0.9	ENE	27.6	33.4	33.4	32.9	1010.9	0.00	0.0	0	0.00	0	0.0	0.00	0.0	0.000	0.006	28.6	73	23.3	32.6	13.58	1.1347	0.00	23	1	100.0	1
03/07/19	11:15 p	27.6	27.6	27.6	92	26.2	0.9	ENE	0.05	1.8	ENE	27.6	33.4	33.4	32.9	1011.0	0.00	0.0	0	0.00	0	0.0	0.00	0.0	0.000	0.006	28.6	74	23.5	32.8	13.88	1.1344	0.00	22	1	95.7	1
03/07/19	11:16 p	27.6	27.6	27.6	92	26.2	0.4	ENE	0.03	0.9	ENE	27.6	33.4	33.4	32.9	1010.9	0.00	0.0	0	0.00	0	0.0	0.00	0.0	0.000	0.006	28.6	73	23.3	32.6	13.58	1.1347	0.00	23	1	100.0	1
03/07/19	11:17 p	27.6	27.6	27.6	92	26.2	0.9	ENE	0.05	1.3	NE	27.6	33.4	33.4	32.9	1011.0	0.00	0.0	0	0.00	0	0.0	0.00	0.0	0.000	0.006	28.6	73	23.3	32.6	13.58	1.1348	0.00	22	1	95.7	1
03/07/19	11:18 p	27.6	27.6	27.6	92	26.2	0.4	NE	0.03	0.9	NE	27.6	33.4	33.4	32.9	1011.0	0.00	0.0	0	0.00	0	0.0	0.00	0.0	0.000	0.006	28.6	74	23.5	32.8	13.88	1.1344	0.00	24	1	100.0	1
03/07/19	11:19 p	27.6	27.6	27.6	92	26.1	0.4	NE	0.03	0.9	NE	27.6	33.3	33.3	32.8	1010.9	0.00	0.0	0	0.00	0	0.0	0.00	0.0	0.000	0.006	28.6	73	23.3	32.6	13.58	1.1347	0.00	23	1	100.0	1
03/07/19	11:20 p	27.5	27.6	27.5	92	26.1	0.4	NE	0.03	1.3	NNE	27.5	33.1	33.1	32.6	1010.9	0.00	0.0	0	0.00	0	0.0	0.00	0.0	0.000	0.006	28.6	74	23.5	32.8	13.88	1.1342	0.00	24	1	100.0	1
03/07/19	11:21 p	27.5	27.6	27.5	92	26.1	0.9	NNE	0.05	1.3	NE	27.5	33.1	33.1	32.6	1010.9	0.00	0.0	0	0.00	0	0.0	0.00	0.0	0.000	0.006	28.6	74	23.5	32.8	13.88	1.1342	0.00	23	1	100.0	1
03/07/19	11:22 p	27.5	27.6	27.5	92	26.1	0.9	NNE	0.05	1.3	NNE	27.5	33.1	33.1	32.6	1010.9	0.00	0.0	0	0.00	0	0.0	0.00	0.0	0.000	0.006	28.6	74	23.5	32.8	13.88	1.1342	0.00	23	1	100.0	1
03/07/19	11:23 p	27.5	27.5	27.5	92	26.1	0.9	NNE	0.05	1.3	NNE	27.5	33.1	33.1	32.6	1010.8	0.00	0.0	0	0.00	0	0.0	0.00	0.0	0.000	0.006	28.6	74	23.5	32.8	13.88	1.1342	0.00	24	1	100.0	1
03/07/19	11:24 p	27.5	27.5	27.5	92	26.1	0.9	NNE	0.05	1.3	NE	27.5	33.1	33.1	32.6	1010.8	0.00	0.0	0	0.00	0	0.0	0.00	0.0	0.000	0.006	28.6	74	23.5	32.8	13.88	1.1341	0.00	22	1	95.7	1
03/07/19	11:25 p	27.5	27.5	27.5	92	26.1	0.9	NE	0.05	1.3	NW	27.5	33.1	33.1	32.6	1010.9	0.00	0.0	0	0.00	0	0.0	0.00	0.0	0.000	0.006	28.6	74	23.5	32.8	13.88	1.1342	0.00	24	1	100.0	1
03/07/19	11:26 p	27.5	27.5	27.4	92	26.1	0.9	NNE	0.05	1.3	NNE	27.5	33.1	33.1	32.6	1010.8	0.00	0.0	0	0.00	0	0.0	0.00	0.0	0.000	0.006	28.6	74	23.5	32.8	13.88	1.1342	0.00	23	1	100.0	1
03/07/19	11:27 p	27.5	27.5	27.5	92	26.1	0.9	NNE	0.05	1.3	NNE	27.5	33.1	33.1	32.6	1010.8	0.00	0.0	0	0.00	0	0.0	0.00	0.0	0.000	0.006	28.6	74	23.5	32.8	13.88	1.1341	0.00	23	1	100.0	1
03/07/19	11:28 p	27.4	27.5	27.4	92	26.0	0.9	NNE	0.05	1.3	NE	27.4	33.0	33.0	32.5	1010.8	0.00	0.0	0	0.00	0	0.0	0.00	0.0	0.000	0.006	28.6	74	23.5	32.8	13.88	1.1342	0.00	24	1	100.0	1
03/07/19	11:29 p	27.5	27.5	27.4	92	26.1	0.9	NNE	0.05	0.9	NE	27.5	33.1	33.1	32.6	1010.7	0.00	0.0	0	0.00	0	0.0	0.00	0.0	0.000	0.006	28.6	74	23.5	32.8	13.88	1.1340	0.00	23	1	100.0	1
03/07/19	11:30 p	27.4	27.5	27.4	92	26.0	0.9	NNE	0.05	1.3	NE	27.4	33.0	33.0	32.5	1010.7	0.00	0.0	0	0.00	0	0.0	0.00	0.0	0.000	0.006	28.6	74	23.5	32.8	13.88	1.1340	0.00	24	1	100.0	1
03/07/19	11:31 p	27.5	27.5	27.4	92	26.1	0.9	NNE	0.05	0.9	NNE	27.5	33.1	33.1	32.6	1010.7	0.00	0.0	0	0.00	0	0.0	0.00	0.0	0.000	0.006	28.6	74	23.5	32.8	13.88	1.1340	0.00	23	1	100.0	1
03/07/19	11:32 p	27.4	27.4	27.4	92	26.0	0.9	NNE	0.05	1.3	NNE	27.4	33.0	33.0	32.5	1010.7	0.00	0.0	0	0.00	0	0.0	0.00	0.0	0.000	0.006	28.6	74	23.5	32.8	13.88	1.1340	0.00	24	1	100.0	1
03/07/19	11:33 p	27.4	27.4	27.4	92	26.0	0.4	NNE	0.03	0.9	NNE	27.4	33.0	33.0	32.5	1010.7	0.00	0.0	0	0.00	0	0.0	0.00	0.0	0.000	0.006	28.6	74	23.5	32.7	13.88	1.1343	0.00	23	1	100.0	1
03/07/19	11:34 p	27.4	27.4	27.4	92	26.0	0.9	NNE	0.05	1.3	NNE	27.4	33.0	33.0	32.5	1010.7	0.00	0.0	0	0.00	0	0.0	0.00	0.0	0.000	0.006	28.6	74	23.5	32.7	13.88	1.1343	0.00	23	1	100.0	1
03/07/19	11:35 p	27.4	27.4	27.4	92	26.0	0.9	NNE	0.05	1.3	NE	27.4	32.8	32.8	32.3	1010.6	0.00	0.0	0	0.00	0	0.0	0.00	0.0	0.000	0.006	28.6	74	23.5	32.7	13.88	1.1342	0.00	24	1	100.0	1
03/07/19	11:36 p	27.4	27.4	27.4	92	26.0	1.8	NNE	0.11	3.1	N	27.4	32.8	32.8	32.3	1010.6	0.00	0.0	0	0.00	0	0.0	0.00	0.0	0.000	0.006	28.6	74	23.5	32.8	13.88	1.1339	0.00	23	1	100.0	1
03/07/19	11:37 p	27.4	27.4	27.4	92	26.0	1.8	NNE	0.11	3.1	NNE	27.4	33.0	33.0	32.5	1010.6	0.00	0.0	0	0.00	0	0.0	0.00	0.0	0.000	0.006	28.6	74	23.5	32.7	13.88	1.1342	0.00	24	1	100.0	1
03/07/19	11:38 p	27.4	27.4	27.4	92	26.0	1.3	N	0.08	1.8	N	27.4	32.8	32.8	32.3	1010.5	0.00	0.0	0	0.00	0	0.0	0.00	0.0	0.000	0.006	28.6	74	23.5	32.7	13.88	1.1341	0.00	23	1	100.0	1
03/07/19	11:39 p	27.4	27.4	27.4	92	26.0	0.9	NE	0.05	1.3	NNE	27.4	33.0	33.0	32.5	1010.6	0.00	0.0	0	0.00	0	0.0	0.00	0.0	0.000	0.006	28.6	74	23.5	32.8	13.88	1.1338	0.00	23	1	100.0	1
03/07/19	11:40 p	27.4	27.4	27.4	92	26.0	0.9	NNE	0.05	1.3	NNE	27.4	33.0	33.0	32.5	1010.5	0.00	0.0	0	0.00	0	0.0	0.00	0.0	0.000	0.006	28.6	74	23.5	32.7	13.88	1.1341	0.00	24	1	100.0	1
03/07/19	11:41 p	27.4	27.4	27.4	92	26.0	0.9	NNE	0.05	1.8	NE	27.4	33.0	33.0	32.5	1010.5	0.00	0.0	0	0.00	0	0.0	0.00	0.0	0.000	0.006	28.6	74	23.5	32.7	13.88	1.1340	0.00	23	1	100.0	1
03/07/19	11:42 p	27.4	27.4	27.4	92	26.0	2.2	NE	0.13	3.1	NE	27.4	33.0	33.0	32.5	1010.4	0.00	0.0	0	0.00	0	0.0	0.00	0.0	0.000	0.006	28.6	74	23.5	32.7	13.88	1.1340	0.00	24	1	100.0	1
03/07/19	11:43 p	27.4	27.4	27.4	92	26.0	1.3	NE	0.08	1.8	NE	27.4	33.0	33.0	32.5	1010.5	0.00	0.0	0	0.00	0	0.0	0.00	0.0	0.000	0.006	28.6	74	23.5	32.7	13.88	1.1340	0.00	23	1	100.0	1
03/07/19	11:44 p	27.4	27.4	27.4	92	26.0	0.9	NNE	0.05	1.3	NNE	27.4	33.0	33.0	32.5	1010.4	0.00	0.0	0	0.00	0	0.0	0.00	0.0	0.000	0.006	28.6	74	23.5	32.8	13.88	1.1337	0.00	22	1	95.7	1
03/07/19	11:45 p	27.4	27.4	27.4	92	26.0	1.3	NE	0.08	1.8	NNE	27.4	32.8	32.8	32.3	1010.3	0.00	0.0	0	0.00	0	0.0	0.00	0.0	0.000	0.006	28.6	74	23.5	32.7	13.88	1.1339	0.00	24	1	100.0	1
03/07/19	11:46 p	27.4	27.4	27.4	92	26.0	1.8	NNE	0.11	1.8	N	27.4	33.0	33.0	32.5	1010.5	0.00	0.0	0	0.00	0	0.0	0.00	0.0	0.000	0.006	28.6	74	23.5	32.7	13.88	1.1340	0.00	22	1	95.7	1
03/07/19	11:47 p	27.4	27.4	27.3	92	26.0	2.2	NE	0.13	3.6	NNE	27.4	32.8	32.8	32.3	1010.4	0.00	0.0	0	0.00	0	0.0	0.00	0.0	0.000	0.006	28.6	74	23.5	32.7	13.88	1.1340	0.00	23	1	100.0	1
03/07/19	11:48 p	27.4	27.4	27.4	93	26.2	1.8	NNE	0.11	2.7	NNE	27.4	33.0	33.0	32.5	1010.4	0.00	0.0	0	0.00	0	0.0	0.00	0.0	0.000	0.006	28.6	74	23.5	32.7	13.88	1.1340	0.00	22	1	95.7	1
03/07/19	11:49 p	27.4	27.4	27.4	93	26.2	1.8	NNE	0.11	2.7	NE	27.4	33.0	33.0	32.5	1010.4	0.00	0.0	0	0.00	0	0.0	0.00	0.0	0.000	0.006	28.6	74	23.5	32.7	13.88	1.1340	0.00	23	1	100.0	1
03/07/19	11:50 p	27.4	27.4	27.4	93	26.2	1.8	NNE	0.11	2.2	NE	27.4	33.0	33.0	32.5	1010.3	0.00	0.0	0	0.00	0	0.0	0.00	0.0	0.000	0.006	28.6	74	23.5	32.7	13.88	1.1339	0.00	23	1	100.0	1
03/07/19	11:51 p	27.4	27.4	27.3	93	26.2	1.3	NNE	0.08	2.2	NNW	27.4	33.0	33.0	32.5	1010.3	0.00	0.0	0	0.00	0	0.0	0.00	0.0	0.000	0.006	28.6	74	23.5	32.7	13.88	1.1338	0.00	22	1	95.7	1
03/07/19	11:52 p	27.4	27.4	27.4	93	26.2	1.8	NE	0.11	2.2	NNE	27.4	33.0	33.0	32.5	1010.3	0.00	0.0	0	0.00	0	0.0	0.00	0.0	0.000	0.006	28.6	74	23.5	32.7	13.88	1.1338	0.00	24	1	100.0	1
03/07/19	11:53 p	27.4	27.4	27.4	93	26.2	1.3	NNE	0.08	2.2	ENE	27.4	33.0	33.0	32.5	1010.3	0.00	0.0	0	0.00	0	0.0	0.00	0.0	0.000	0.006	28.6	74	23.5	32.7	13.88	1.1338	0.00	23	1	100.0	1
03/07/19	11:54 p	27.4	27.4	27.4	93	26.2	1.3	NE	0.08	1.8	NNE	27.4	33.0	33.0	32.5	1010.2	0.00	0.0	0	0.00	0	0.0	0.00	0.0	0.000	0.006	28.6	74	23.5	32.7	13.88	1.1338	0.00	24	1	100.0	1
03/07/19	11:55 p	27.4	27.4	27.4	93	26.2	1.3	NE	0.08	1.8	NE	27.4	33.0	33.0	32.5	1010.2	0.00	0.0	0	0.00	0	0.0	0.00	0.0	0.000	0.006	28.6	74	23.5	32.7	13.88	1.1338	0.00	23	1	100.0	1
03/07/19	11:56 p	27.4	27.4	27.4	93	26.2	1.8	NNE	0.11	2.7	NNE	27.4	33.0	33.0	32.5	1010.2	0.00	0.0	0	0.00	0	0.0	0.00	0.0	0.000	0.006	28.6	74	23.5	32.7	13.88	1.1338	0.00	23	1	100.0	1
03/07/19	11:57 p	27.4	27.4	27.4	93	26.2	1.8	NE	0.11	3.1	ENE	27.4	33.0	33.0	32.5	1010.2	0.00	0.0	0	0.00	0	0.0	0.00	0.0	0.000	0.006	28.6	74	23.5	32.7	13.88	1.1337	0.00	24	1	100.0	1
03/07/19	11:58 p	27.4	27.4	27.4	93	26.2	1.3	N	0.08	2.2	NE	27.4	33.0	33.0	32.5	1010.2	0.00	0.0	0	0.00	0	0.0	0.00	0.0	0.000	0.006	28.6	74	23.5	32.7	13.88	1.1338	0.00	23	1	100.0	1
03/07/19	11:59 p	27.4	27.4	27.3	93	26.2	1.3	ENE	0.08	1.8	NNE	27.4	33.0	33.0	32.5	1010.2	0.00	0.0	0	0.00	0	0.0	0.00	0.0	0.000	0.006	28.5	74	23.4	32.6	13.88	1.1341	0.00	24	1	100.0	1
