		Temp	Hi	Low	Out	Dew	Wind	Wind	Wind	Hi	Hi	Wind	Heat	THW	THSW			Rain	Solar	Solar	Hi Solar	UV 	UV 	Hi 	Heat	Cool	In 	In	In 	In 	In 	In Air		Wind	Wind	ISS 	Arc.
Date	Time	Out	Temp	Temp	Hum	Pt.	Speed	Dir	Run	Speed	Dir	Chill	Index	Index	Index	Bar  	Rain	Rate	Rad.	Energy	Rad. 	Index	Dose	UV 	D-D 	D-D 	Temp	Hum	Dew	Heat	EMC	Density	ET 	Samp	Tx 	Recept	Int.
13/12/19	12:00 a	25.9	26.1	25.9	95	25.1	0.4	S	0.13	0.9	S	25.9	29.6	29.6	29.0	1010.4	0.00	0.0	0	0.00	0	0.0	0.00	0.0	0.000	0.026	27.9	70	21.9	30.6	12.72	1.1394	0.00	115	1	100.0	5
13/12/19	12:05 a	25.9	25.9	25.8	95	25.0	0.4	SSE	0.13	1.8	SSE	25.9	29.4	29.4	28.9	1010.3	0.00	0.0	0	0.00	0	0.0	0.00	0.0	0.000	0.026	27.8	71	22.1	30.7	12.97	1.1392	0.00	112	1	98.2	5
13/12/19	12:10 a	25.8	25.9	25.8	95	24.9	0.4	SSE	0.13	1.3	SSE	25.8	29.2	29.2	28.6	1010.3	0.00	0.0	0	0.00	0	0.0	0.00	0.0	0.000	0.026	27.8	71	22.1	30.7	12.97	1.1393	0.00	111	1	97.4	5
13/12/19	12:15 a	25.8	25.8	25.8	95	24.9	0.4	S	0.13	1.8	SSE	25.8	29.2	29.2	28.6	1010.4	0.00	0.0	0	0.00	0	0.0	0.00	0.0	0.000	0.026	27.9	70	21.9	30.6	12.72	1.1394	0.00	113	1	99.1	5
13/12/19	12:20 a	25.8	25.8	25.8	94	24.8	0.9	SW	0.27	2.2	SSE	25.8	29.2	29.2	28.6	1010.3	0.00	0.0	0	0.00	0	0.0	0.00	0.0	0.000	0.026	27.8	70	21.9	30.5	12.72	1.1396	0.00	116	1	100.0	5
13/12/19	12:25 a	25.7	25.8	25.7	94	24.6	0.9	S	0.27	2.7	S	25.7	28.8	28.8	28.2	1010.3	0.00	0.0	0	0.00	0	0.0	0.00	0.0	0.000	0.025	27.8	70	21.9	30.5	12.72	1.1396	0.00	114	1	100.0	5
13/12/19	12:30 a	25.6	25.7	25.6	94	24.6	0.9	SSW	0.27	2.2	S	25.6	28.7	28.7	28.1	1010.2	0.00	0.0	0	0.00	0	0.0	0.00	0.0	0.000	0.025	27.8	70	21.9	30.5	12.72	1.1396	0.00	115	1	100.0	5
13/12/19	12:35 a	25.6	25.7	25.6	94	24.6	1.3	SSW	0.40	2.7	SSE	25.6	28.7	28.7	28.1	1010.1	0.00	0.0	0	0.00	0	0.0	0.00	0.0	0.000	0.025	27.8	70	21.9	30.5	12.72	1.1394	0.00	115	1	100.0	5
13/12/19	12:40 a	25.7	25.7	25.6	94	24.6	0.9	SSW	0.27	2.2	SSE	25.7	28.8	28.8	28.2	1010.0	0.00	0.0	0	0.00	0	0.0	0.00	0.0	0.000	0.025	27.8	70	21.9	30.5	12.72	1.1394	0.00	113	1	99.1	5
13/12/19	12:45 a	25.6	25.7	25.6	94	24.6	0.9	SSE	0.27	1.8	S	25.6	28.7	28.7	28.1	1010.0	0.00	0.0	0	0.00	0	0.0	0.00	0.0	0.000	0.025	27.8	70	21.8	30.4	12.73	1.1397	0.00	113	1	99.1	5
13/12/19	12:50 a	25.6	25.6	25.6	94	24.6	0.9	S	0.27	2.7	S	25.6	28.7	28.7	28.1	1010.0	0.00	0.0	0	0.00	0	0.0	0.00	0.0	0.000	0.025	27.8	70	21.8	30.4	12.73	1.1396	0.00	114	1	100.0	5
13/12/19	12:55 a	25.6	25.7	25.6	93	24.4	1.3	SSW	0.40	2.7	SSE	25.6	28.6	28.6	27.9	1009.9	0.00	0.0	0	0.00	0	0.0	0.00	0.0	0.000	0.025	27.8	71	22.0	30.6	12.97	1.1390	0.00	114	1	100.0	5
13/12/19	1:00 a	25.6	25.6	25.6	94	24.6	0.9	S	0.27	2.7	SSE	25.6	28.7	28.7	28.1	1010.0	0.00	0.0	0	0.00	0	0.0	0.00	0.0	0.000	0.025	27.8	71	22.0	30.6	12.97	1.1392	0.00	114	1	100.0	5
13/12/19	1:05 a	25.6	25.6	25.6	94	24.6	0.9	S	0.27	2.2	S	25.6	28.7	28.7	28.1	1009.8	0.00	0.0	0	0.00	0	0.0	0.00	0.0	0.000	0.025	27.8	70	21.8	30.4	12.73	1.1394	0.00	116	1	100.0	5
13/12/19	1:10 a	25.6	25.6	25.6	93	24.4	0.9	SSE	0.27	2.7	SSE	25.6	28.6	28.6	27.9	1009.7	0.00	0.0	0	0.00	0	0.0	0.00	0.0	0.000	0.025	27.8	70	21.8	30.4	12.73	1.1393	0.00	117	1	100.0	5
13/12/19	1:15 a	25.6	25.6	25.6	93	24.4	0.9	SE	0.27	3.1	SSE	25.6	28.6	28.6	27.9	1009.7	0.00	0.0	0	0.00	0	0.0	0.00	0.0	0.000	0.025	27.7	70	21.8	30.3	12.74	1.1396	0.00	111	1	97.4	5
13/12/19	1:20 a	25.6	25.6	25.6	94	24.6	0.9	SSE	0.27	2.2	SSE	25.6	28.7	28.7	28.1	1009.7	0.00	0.0	0	0.00	0	0.0	0.00	0.0	0.000	0.025	27.7	70	21.8	30.3	12.74	1.1396	0.00	112	1	98.2	5
13/12/19	1:25 a	25.4	25.6	25.4	94	24.4	0.9	SSE	0.27	2.2	SSE	25.4	28.3	28.3	27.7	1009.7	0.00	0.0	0	0.00	0	0.0	0.00	0.0	0.000	0.025	27.7	71	22.0	30.4	12.97	1.1392	0.00	114	1	100.0	5
13/12/19	1:30 a	25.4	25.5	25.4	94	24.4	0.9	SSE	0.27	1.8	SSW	25.4	28.3	28.3	27.7	1009.7	0.00	0.0	0	0.00	0	0.0	0.00	0.0	0.000	0.025	27.7	70	21.8	30.3	12.74	1.1396	0.00	115	1	100.0	5
13/12/19	1:35 a	25.4	25.5	25.4	94	24.4	0.9	S	0.27	1.8	SE	25.4	28.3	28.3	27.7	1009.6	0.00	0.0	0	0.00	0	0.0	0.00	0.0	0.000	0.025	27.7	71	21.9	30.3	12.98	1.1393	0.00	115	1	100.0	5
13/12/19	1:40 a	25.4	25.5	25.4	94	24.4	0.9	S	0.27	1.8	S	25.4	28.3	28.3	27.7	1009.7	0.00	0.0	0	0.00	0	0.0	0.00	0.0	0.000	0.025	27.7	71	22.0	30.4	12.97	1.1391	0.00	114	1	100.0	5
13/12/19	1:45 a	25.5	25.5	25.4	94	24.5	0.9	S	0.27	1.8	SSE	25.5	28.4	28.4	27.9	1009.6	0.00	0.0	0	0.00	0	0.0	0.00	0.0	0.000	0.025	27.7	71	22.0	30.4	12.97	1.1391	0.00	112	1	98.2	5
13/12/19	1:50 a	25.5	25.5	25.4	94	24.5	0.4	SSE	0.13	1.3	SSE	25.5	28.4	28.4	27.9	1009.7	0.00	0.0	0	0.00	0	0.0	0.00	0.0	0.000	0.025	27.7	71	21.9	30.3	12.98	1.1395	0.00	113	1	99.1	5
13/12/19	1:55 a	25.6	25.6	25.5	94	24.5	1.3	SSW	0.40	2.2	SSE	25.6	28.6	28.6	28.0	1009.6	0.00	0.0	0	0.00	0	0.0	0.00	0.0	0.000	0.025	27.7	71	21.9	30.3	12.98	1.1394	0.00	116	1	100.0	5
13/12/19	2:00 a	25.6	25.6	25.5	93	24.3	0.4	SSE	0.13	2.2	SSE	25.6	28.4	28.4	27.8	1009.8	0.00	0.0	0	0.00	0	0.0	0.00	0.0	0.000	0.025	27.7	71	21.9	30.3	12.98	1.1395	0.00	116	1	100.0	5
13/12/19	2:05 a	25.5	25.6	25.5	94	24.5	0.4	SSW	0.13	1.3	S	25.5	28.4	28.4	27.9	1009.7	0.00	0.0	0	0.00	0	0.0	0.00	0.0	0.000	0.025	27.6	71	21.9	30.2	12.98	1.1397	0.00	115	1	100.0	5
13/12/19	2:10 a	25.6	25.6	25.5	93	24.3	0.4	SW	0.13	1.3	SSE	25.6	28.4	28.4	27.8	1009.7	0.00	0.0	0	0.00	0	0.0	0.00	0.0	0.000	0.025	27.7	71	21.9	30.3	12.98	1.1395	0.00	115	1	100.0	5
13/12/19	2:15 a	25.6	25.6	25.5	93	24.3	0.4	SSW	0.13	1.3	SW	25.6	28.4	28.4	27.8	1009.8	0.00	0.0	0	0.00	0	0.0	0.00	0.0	0.000	0.025	27.6	71	21.9	30.2	12.98	1.1399	0.00	116	1	100.0	5
13/12/19	2:20 a	25.6	25.6	25.5	93	24.3	1.3	S	0.40	2.7	S	25.6	28.4	28.4	27.8	1009.8	0.00	0.0	0	0.00	0	0.0	0.00	0.0	0.000	0.025	27.6	71	21.9	30.2	12.98	1.1399	0.00	114	1	100.0	5
13/12/19	2:25 a	25.6	25.6	25.5	93	24.3	1.8	SSW	0.54	3.6	S	25.6	28.4	28.4	27.8	1009.7	0.00	0.0	0	0.00	0	0.0	0.00	0.0	0.000	0.025	27.6	70	21.6	30.1	12.75	1.1402	0.00	112	1	98.2	5
13/12/19	2:30 a	25.6	25.6	25.5	93	24.3	2.2	SSW	0.67	4.5	SSE	25.6	28.4	28.4	27.8	1009.7	0.00	0.0	0	0.00	0	0.0	0.00	0.0	0.000	0.025	27.6	71	21.9	30.2	12.98	1.1398	0.00	115	1	100.0	5
13/12/19	2:35 a	25.4	25.6	25.4	93	24.2	2.2	S	0.67	4.9	SSE	25.4	28.2	28.2	27.6	1009.7	0.00	0.0	0	0.00	0	0.0	0.00	0.0	0.000	0.025	27.6	71	21.9	30.2	12.98	1.1398	0.00	115	1	100.0	5
13/12/19	2:40 a	25.4	25.5	25.4	93	24.2	1.8	S	0.54	4.0	SSE	25.4	28.2	28.2	27.6	1009.7	0.00	0.0	0	0.00	0	0.0	0.00	0.0	0.000	0.025	27.6	71	21.9	30.2	12.98	1.1397	0.00	116	1	100.0	5
13/12/19	2:45 a	25.4	25.4	25.4	93	24.2	1.8	SSW	0.54	4.0	SW	25.4	28.1	28.1	27.5	1009.8	0.00	0.0	0	0.00	0	0.0	0.00	0.0	0.000	0.024	27.6	71	21.8	30.1	12.99	1.1402	0.00	115	1	100.0	5
13/12/19	2:50 a	25.3	25.4	25.3	93	24.1	1.8	S	0.54	3.6	SE	25.3	28.0	28.0	27.4	1009.8	0.00	0.0	0	0.00	0	0.0	0.00	0.0	0.000	0.024	27.6	71	21.8	30.1	12.99	1.1402	0.00	114	1	100.0	5
13/12/19	2:55 a	25.3	25.3	25.3	93	24.1	1.3	S	0.40	3.1	S	25.3	28.0	28.0	27.4	1009.9	0.00	0.0	0	0.00	0	0.0	0.00	0.0	0.000	0.024	27.6	71	21.8	30.1	12.99	1.1403	0.00	114	1	100.0	5
13/12/19	3:00 a	25.3	25.3	25.3	94	24.3	1.3	SSE	0.40	3.1	SE	25.3	28.1	28.1	27.5	1009.8	0.00	0.0	0	0.00	0	0.0	0.00	0.0	0.000	0.024	27.5	71	21.8	30.0	12.99	1.1405	0.00	113	1	99.1	5
13/12/19	3:05 a	25.3	25.3	25.3	94	24.3	0.9	SSE	0.27	2.7	SSE	25.3	28.1	28.1	27.5	1009.8	0.00	0.0	0	0.00	0	0.0	0.00	0.0	0.000	0.024	27.5	71	21.8	30.0	12.99	1.1405	0.00	116	1	100.0	5
13/12/19	3:10 a	25.2	25.3	25.2	94	24.2	1.3	S	0.40	3.6	S	25.2	27.8	27.8	27.2	1009.9	0.00	0.0	0	0.00	0	0.0	0.00	0.0	0.000	0.024	27.5	71	21.8	30.0	12.99	1.1406	0.00	116	1	100.0	5
13/12/19	3:15 a	25.2	25.2	25.1	95	24.3	0.9	S	0.27	2.7	SSE	25.2	27.8	27.8	27.2	1009.9	0.00	0.0	0	0.00	0	0.0	0.00	0.0	0.000	0.024	27.5	71	21.8	30.0	12.99	1.1407	0.00	114	1	100.0	5
13/12/19	3:20 a	25.1	25.2	25.1	95	24.2	0.9	SSW	0.27	1.8	SSW	25.1	27.6	27.6	27.0	1010.0	0.00	0.0	0	0.00	0	0.0	0.00	0.0	0.000	0.023	27.4	71	21.7	29.9	12.99	1.1411	0.00	115	1	100.0	5
13/12/19	3:25 a	25.1	25.1	25.0	95	24.2	0.4	ESE	0.13	1.8	SSE	25.1	27.6	27.6	27.0	1010.0	0.00	0.0	0	0.00	0	0.0	0.00	0.0	0.000	0.023	27.4	71	21.7	29.9	12.99	1.1410	0.00	114	1	100.0	5
13/12/19	3:30 a	25.0	25.1	25.0	95	24.1	0.4	ESE	0.13	1.8	SSE	25.0	27.5	27.5	26.9	1010.0	0.00	0.0	0	0.00	0	0.0	0.00	0.0	0.000	0.023	27.4	71	21.7	29.9	12.99	1.1411	0.00	113	1	99.1	5
13/12/19	3:35 a	25.0	25.1	24.9	95	24.1	0.9	S	0.27	2.7	S	25.0	27.5	27.5	26.9	1009.9	0.00	0.0	0	0.00	0	0.0	0.00	0.0	0.000	0.023	27.4	71	21.7	29.9	12.99	1.1409	0.00	115	1	100.0	5
13/12/19	3:40 a	24.9	24.9	24.9	96	24.2	0.9	S	0.27	2.7	SSE	24.9	27.4	27.4	26.8	1010.0	0.00	0.0	0	0.00	0	0.0	0.00	0.0	0.000	0.023	27.4	71	21.7	29.9	12.99	1.1411	0.00	117	1	100.0	5
13/12/19	3:45 a	24.9	25.0	24.9	96	24.3	0.4	SE	0.13	1.3	ESE	24.9	27.5	27.5	26.9	1010.1	0.00	0.0	0	0.00	0	0.0	0.00	0.0	0.000	0.023	27.4	72	21.9	29.9	13.25	1.1410	0.00	115	1	100.0	5
13/12/19	3:50 a	25.0	25.0	24.9	96	24.3	0.4	SSE	0.13	1.8	SSE	25.0	27.6	27.6	27.0	1010.1	0.00	0.0	0	0.00	0	0.0	0.00	0.0	0.000	0.023	27.4	72	21.9	29.9	13.25	1.1411	0.00	116	1	100.0	5
13/12/19	3:55 a	25.1	25.1	24.9	95	24.2	0.4	SSE	0.13	0.9	SSE	25.1	27.6	27.6	27.0	1010.1	0.00	0.0	0	0.00	0	0.0	0.00	0.0	0.000	0.023	27.4	72	21.9	29.9	13.25	1.1410	0.00	115	1	100.0	5
13/12/19	4:00 a	25.0	25.1	25.0	95	24.1	0.9	SE	0.27	1.8	SE	25.0	27.5	27.5	26.9	1010.1	0.00	0.0	0	0.00	0	0.0	0.00	0.0	0.000	0.023	27.4	72	21.9	29.9	13.25	1.1410	0.00	114	1	100.0	5
13/12/19	4:05 a	25.0	25.1	24.9	95	24.1	0.4	SE	0.13	1.3	SSE	25.0	27.5	27.5	26.9	1010.1	0.00	0.0	0	0.00	0	0.0	0.00	0.0	0.000	0.023	27.4	72	21.9	29.9	13.25	1.1411	0.00	111	1	97.4	5
13/12/19	4:10 a	25.0	25.1	25.0	95	24.1	0.4	SSE	0.13	1.8	SSE	25.0	27.5	27.5	26.9	1010.1	0.00	0.0	0	0.00	0	0.0	0.00	0.0	0.000	0.023	27.4	71	21.7	29.8	13.00	1.1415	0.00	115	1	100.0	5
13/12/19	4:15 a	25.0	25.1	25.0	95	24.1	0.9	SE	0.27	1.8	S	25.0	27.5	27.5	26.9	1010.2	0.00	0.0	0	0.00	0	0.0	0.00	0.0	0.000	0.023	27.4	72	21.9	29.9	13.25	1.1411	0.00	116	1	100.0	5
13/12/19	4:20 a	25.1	25.1	25.0	95	24.3	0.4	SSE	0.13	1.3	SSE	25.1	27.7	27.7	27.1	1010.1	0.00	0.0	0	0.00	0	0.0	0.00	0.0	0.000	0.024	27.4	72	21.9	29.9	13.25	1.1410	0.00	113	1	99.1	5
13/12/19	4:25 a	25.0	25.1	25.0	95	24.1	0.4	SW	0.13	1.8	SSE	25.0	27.5	27.5	26.9	1010.2	0.00	0.0	0	0.00	0	0.0	0.00	0.0	0.000	0.023	27.4	72	21.9	29.9	13.25	1.1411	0.00	115	1	100.0	5
13/12/19	4:30 a	25.0	25.0	24.9	95	24.1	0.9	SSE	0.27	1.8	SSE	25.0	27.5	27.5	26.9	1010.2	0.00	0.0	0	0.00	0	0.0	0.00	0.0	0.000	0.023	27.3	72	21.8	29.8	13.25	1.1415	0.00	114	1	100.0	5
13/12/19	4:35 a	24.9	25.0	24.9	95	24.1	0.4	SSE	0.13	0.9	ESE	24.9	27.4	27.4	26.8	1010.2	0.00	0.0	0	0.00	0	0.0	0.00	0.0	0.000	0.023	27.3	72	21.8	29.8	13.25	1.1415	0.00	113	1	99.1	5
13/12/19	4:40 a	24.9	24.9	24.9	95	24.1	0.9	SSE	0.27	2.2	SSE	24.9	27.4	27.4	26.8	1010.3	0.00	0.0	0	0.00	0	0.0	0.00	0.0	0.000	0.023	27.3	71	21.6	29.7	13.00	1.1421	0.00	112	1	98.2	5
13/12/19	4:45 a	24.9	25.0	24.9	95	24.1	0.4	SE	0.13	1.8	SSE	24.9	27.4	27.4	26.8	1010.2	0.00	0.0	0	0.00	0	0.0	0.00	0.0	0.000	0.023	27.3	71	21.6	29.7	13.00	1.1419	0.00	116	1	100.0	5
13/12/19	4:50 a	24.9	25.0	24.9	95	24.1	0.9	SSE	0.27	1.3	SE	24.9	27.4	27.4	26.8	1010.3	0.00	0.0	0	0.00	0	0.0	0.00	0.0	0.000	0.023	27.3	72	21.8	29.8	13.25	1.1416	0.00	116	1	100.0	5
13/12/19	4:55 a	24.9	24.9	24.9	96	24.2	0.4	SSE	0.13	1.8	SSE	24.9	27.4	27.4	26.8	1010.3	0.00	0.0	0	0.00	0	0.0	0.00	0.0	0.000	0.023	27.3	72	21.8	29.7	13.25	1.1420	0.00	115	1	100.0	5
13/12/19	5:00 a	24.9	24.9	24.9	96	24.2	0.9	SSE	0.27	2.2	SSE	24.9	27.4	27.4	26.8	1010.3	0.00	0.0	0	0.00	0	0.0	0.00	0.0	0.000	0.023	27.3	72	21.8	29.7	13.25	1.1420	0.00	115	1	100.0	5
13/12/19	5:05 a	24.9	24.9	24.9	96	24.3	0.4	SSE	0.13	1.8	SSE	24.9	27.5	27.5	26.9	1010.2	0.00	0.0	0	0.00	0	0.0	0.00	0.0	0.000	0.023	27.3	72	21.8	29.8	13.25	1.1415	0.00	117	1	100.0	5
13/12/19	5:10 a	25.0	25.0	24.9	96	24.3	0.4	SSE	0.13	0.9	SSE	25.0	27.6	27.6	27.0	1010.4	0.00	0.0	0	0.00	0	0.0	0.00	0.0	0.000	0.023	27.3	72	21.8	29.8	13.25	1.1418	0.00	114	1	100.0	5
13/12/19	5:15 a	24.9	25.0	24.9	96	24.3	0.4	S	0.13	1.8	SSE	24.9	27.5	27.5	26.9	1010.5	0.00	0.0	1	0.01	5	0.0	0.00	0.0	0.000	0.023	27.3	72	21.8	29.7	13.25	1.1421	0.00	112	1	98.2	5
13/12/19	5:20 a	24.9	24.9	24.9	96	24.3	0.4	SSE	0.13	1.3	ESE	24.9	27.5	27.5	27.0	1010.4	0.00	0.0	6	0.04	7	0.0	0.00	0.0	0.000	0.023	27.3	72	21.8	29.7	13.25	1.1420	0.00	115	1	100.0	5
13/12/19	5:25 a	24.9	24.9	24.9	96	24.2	0.4	ESE	0.13	1.8	ESE	24.9	27.4	27.4	26.9	1010.4	0.00	0.0	9	0.06	11	0.0	0.00	0.0	0.000	0.023	27.3	72	21.8	29.7	13.25	1.1421	0.00	117	1	100.0	5
13/12/19	5:30 a	24.8	24.9	24.8	96	24.2	0.4	S	0.13	1.8	S	24.8	27.3	27.3	26.8	1010.5	0.00	0.0	12	0.09	12	0.0	0.00	0.0	0.000	0.023	27.3	72	21.8	29.7	13.25	1.1422	0.00	115	1	100.0	5
13/12/19	5:35 a	24.7	24.8	24.7	96	24.0	0.4	S	0.13	0.9	S	24.7	27.1	27.1	26.7	1010.5	0.00	0.0	12	0.09	12	0.0	0.00	0.0	0.000	0.022	27.3	72	21.8	29.7	13.25	1.1421	0.00	115	1	100.0	5
13/12/19	5:40 a	24.7	24.8	24.7	96	24.0	0.4	SSW	0.13	1.3	SSW	24.7	27.1	27.1	26.7	1010.7	0.00	0.0	12	0.09	12	0.0	0.00	0.0	0.000	0.022	27.3	72	21.8	29.7	13.25	1.1423	0.00	114	1	100.0	5
13/12/19	5:45 a	24.8	24.8	24.7	96	24.1	0.0	SSW	0.00	0.4	SSW	24.8	27.2	27.2	26.7	1010.7	0.00	0.0	11	0.08	12	0.0	0.00	0.0	0.000	0.022	27.3	72	21.8	29.7	13.25	1.1424	0.00	111	1	97.4	5
13/12/19	5:50 a	24.8	24.8	24.8	96	24.1	0.9	SSW	0.27	1.8	SSW	24.8	27.2	27.2	26.7	1010.8	0.00	0.0	12	0.09	12	0.0	0.00	0.0	0.000	0.022	27.2	72	21.7	29.6	13.25	1.1429	0.00	111	1	97.4	5
13/12/19	5:55 a	24.8	24.8	24.7	96	24.1	0.9	SSE	0.27	1.8	SSE	24.8	27.2	27.2	26.7	1010.8	0.00	0.0	11	0.08	11	0.0	0.00	0.0	0.000	0.022	27.2	72	21.7	29.6	13.25	1.1428	0.00	116	1	100.0	5
13/12/19	6:00 a	24.8	24.8	24.8	96	24.2	0.4	SSW	0.13	1.8	SSE	24.8	27.3	27.3	26.8	1010.9	0.00	0.0	12	0.09	12	0.0	0.00	0.0	0.000	0.023	27.2	72	21.7	29.6	13.25	1.1429	0.00	115	1	100.0	5
13/12/19	6:05 a	24.8	24.9	24.8	96	24.2	0.9	S	0.27	2.2	SSE	24.8	27.3	27.3	26.9	1010.9	0.00	0.0	14	0.10	14	0.0	0.00	0.0	0.000	0.023	27.2	72	21.7	29.6	13.25	1.1432	0.00	115	1	100.0	5
13/12/19	6:10 a	24.8	24.8	24.8	96	24.2	0.4	SSE	0.13	1.8	SSE	24.8	27.3	27.3	26.9	1010.9	0.00	0.0	15	0.11	16	0.0	0.00	0.0	0.000	0.023	27.2	73	22.0	29.8	13.63	1.1425	0.00	115	1	100.0	5
13/12/19	6:15 a	24.8	24.8	24.8	96	24.1	0.4	SSE	0.13	1.8	SSE	24.8	27.2	27.2	26.8	1011.1	0.00	0.0	14	0.10	16	0.0	0.00	0.0	0.000	0.022	27.2	72	21.7	29.6	13.25	1.1435	0.00	113	1	99.1	5
13/12/19	6:20 a	24.8	24.9	24.8	96	24.2	0.4	SSE	0.13	0.9	SSE	24.8	27.3	27.3	26.9	1011.1	0.00	0.0	16	0.11	19	0.0	0.00	0.0	0.000	0.023	27.2	72	21.7	29.6	13.25	1.1434	0.00	110	1	96.5	5
13/12/19	6:25 a	24.8	24.9	24.8	96	24.2	0.9	S	0.27	1.8	S	24.8	27.3	27.3	27.1	1011.1	0.00	0.0	26	0.19	32	0.0	0.00	0.0	0.000	0.023	27.2	72	21.7	29.6	13.25	1.1435	0.00	115	1	100.0	5
13/12/19	6:30 a	24.8	24.8	24.8	96	24.2	0.4	S	0.13	1.8	SSW	24.8	27.3	27.3	27.2	1011.1	0.00	0.0	40	0.29	47	0.0	0.00	0.0	0.000	0.023	27.2	72	21.7	29.6	13.25	1.1435	0.00	115	1	100.0	5
13/12/19	6:35 a	24.9	24.9	24.8	96	24.2	0.9	SSE	0.27	1.8	S	24.9	27.4	27.4	27.6	1011.2	0.00	0.0	58	0.42	69	0.3	0.01	0.5	0.000	0.023	27.2	72	21.7	29.6	13.25	1.1436	0.00	117	1	100.0	5
13/12/19	6:40 a	25.1	25.1	24.9	95	24.2	0.4	SSE	0.13	1.3	SSE	25.1	27.6	27.6	28.0	1011.3	0.00	0.0	72	0.52	74	0.5	0.02	0.5	0.000	0.023	27.1	72	21.6	29.4	13.25	1.1441	0.00	114	1	100.0	5
13/12/19	6:45 a	25.1	25.1	25.1	95	24.3	0.9	SSE	0.27	2.2	SSE	25.1	27.7	27.7	28.1	1011.4	0.00	0.0	72	0.52	76	0.2	0.01	0.5	0.000	0.024	27.1	72	21.6	29.4	13.25	1.1442	0.00	112	1	98.2	5
13/12/19	6:50 a	25.1	25.1	25.1	95	24.3	0.9	SSW	0.27	1.8	SSE	25.1	27.7	27.7	28.2	1011.5	0.00	0.0	76	0.54	79	0.5	0.02	0.5	0.000	0.024	27.1	72	21.6	29.4	13.25	1.1443	0.00	112	1	98.2	5
13/12/19	6:55 a	25.2	25.2	25.1	95	24.3	0.9	SE	0.27	1.8	SSE	25.2	27.8	27.8	28.3	1011.5	0.00	0.0	76	0.54	83	0.4	0.01	0.5	0.000	0.024	27.2	72	21.7	29.6	13.25	1.1439	0.00	109	1	95.6	5
13/12/19	7:00 a	25.2	25.2	25.1	94	24.2	0.9	SSE	0.27	2.2	S	25.2	27.8	27.8	28.5	1011.4	0.00	0.0	96	0.69	102	0.6	0.02	0.7	0.000	0.024	27.2	72	21.7	29.6	13.25	1.1439	0.03	116	1	100.0	5
13/12/19	7:05 a	25.3	25.3	25.2	94	24.2	0.9	SSE	0.27	2.2	SSE	25.3	27.9	27.9	28.7	1011.5	0.00	0.0	98	0.70	100	0.7	0.03	0.7	0.000	0.024	27.2	72	21.7	29.6	13.25	1.1439	0.00	116	1	100.0	5
13/12/19	7:10 a	25.3	25.3	25.3	94	24.3	0.9	SSW	0.27	1.8	SSE	25.3	28.1	28.1	28.9	1011.6	0.00	0.0	103	0.74	114	0.7	0.03	0.8	0.000	0.024	27.2	72	21.7	29.6	13.25	1.1440	0.00	113	1	99.1	5
13/12/19	7:15 a	25.4	25.4	25.3	94	24.4	0.9	SSE	0.27	2.2	S	25.4	28.2	28.2	30.9	1011.7	0.00	0.0	138	0.99	153	1.0	0.04	1.1	0.000	0.024	27.1	68	20.7	28.9	12.33	1.1461	0.00	115	1	100.0	5
13/12/19	7:20 a	25.4	25.4	25.4	94	24.4	0.9	S	0.27	1.8	S	25.4	28.3	28.3	31.8	1011.7	0.00	0.0	173	1.24	186	1.2	0.04	1.3	0.000	0.025	26.9	62	19.0	27.9	11.14	1.1495	0.00	117	1	100.0	5
13/12/19	7:25 a	25.8	25.8	25.4	93	24.6	0.4	SE	0.13	1.3	SSW	25.8	28.9	28.9	32.9	1011.6	0.00	0.0	198	1.42	206	1.4	0.05	1.4	0.000	0.026	26.7	57	17.5	27.2	10.15	1.1526	0.00	114	1	100.0	5
13/12/19	7:30 a	25.8	25.9	25.8	92	24.4	0.9	SW	0.27	1.8	SE	25.8	28.9	28.9	33.2	1011.8	0.00	0.0	217	1.56	221	1.5	0.05	1.5	0.000	0.026	26.5	54	16.4	26.8	9.76	1.1552	0.00	115	1	100.0	5
13/12/19	7:35 a	25.8	25.9	25.8	92	24.4	0.4	SSW	0.13	1.3	SSW	25.8	28.9	28.9	32.8	1011.9	0.00	0.0	205	1.47	216	1.4	0.05	1.5	0.000	0.026	26.2	53	15.9	26.4	9.65	1.1571	0.00	116	1	100.0	5
13/12/19	7:40 a	26.1	26.1	25.8	92	24.7	0.4	SSE	0.13	0.9	SSE	26.1	29.4	29.4	33.4	1012.0	0.00	0.0	202	1.45	213	1.4	0.05	1.5	0.000	0.027	26.1	56	16.6	26.4	10.09	1.1566	0.00	117	1	100.0	5
13/12/19	7:45 a	26.2	26.2	26.1	92	24.8	0.9	SSE	0.27	1.8	SSE	26.2	29.7	29.7	34.1	1011.8	0.00	0.0	240	1.72	260	1.8	0.06	1.9	0.000	0.027	26.0	56	16.5	26.3	10.10	1.1570	0.00	116	1	100.0	5
13/12/19	7:50 a	26.4	26.4	26.2	90	24.6	0.9	SSW	0.27	3.1	SSE	26.4	29.9	29.9	35.1	1011.9	0.00	0.0	281	2.01	297	2.2	0.08	2.3	0.000	0.028	25.9	51	15.0	25.9	9.35	1.1596	0.00	116	1	100.0	5
13/12/19	7:55 a	26.4	26.5	26.4	90	24.7	0.9	SSE	0.27	1.8	SSE	26.4	30.1	30.1	35.9	1011.9	0.00	0.0	320	2.29	330	2.5	0.09	2.6	0.000	0.028	25.7	54	15.7	25.9	9.78	1.1593	0.00	117	1	100.0	5
13/12/19	8:00 a	26.8	26.8	26.4	89	24.8	0.9	SSW	0.27	2.2	S	26.8	30.7	30.7	36.8	1011.9	0.00	0.0	347	2.49	352	2.9	0.10	3.1	0.000	0.029	25.7	55	16.0	25.9	9.92	1.1589	0.13	110	1	96.5	5
13/12/19	8:05 a	26.9	27.1	26.8	88	24.8	1.3	SSW	0.40	2.7	SSE	26.9	31.0	31.0	36.9	1011.8	0.00	0.0	347	2.49	352	2.9	0.10	2.9	0.000	0.030	25.6	52	15.0	25.7	9.49	1.1605	0.00	115	1	100.0	5
13/12/19	8:10 a	27.1	27.1	26.9	88	24.9	0.9	SW	0.27	2.7	SSW	27.1	31.3	31.3	36.7	1011.9	0.00	0.0	323	2.32	338	2.7	0.10	2.8	0.000	0.030	25.6	55	15.8	25.7	9.93	1.1598	0.00	117	1	100.0	5
13/12/19	8:15 a	26.9	27.1	26.9	88	24.8	1.3	SSW	0.40	2.7	W	26.9	31.0	31.0	35.9	1011.9	0.00	0.0	279	2.00	301	2.4	0.09	2.5	0.000	0.030	25.6	52	15.0	25.6	9.49	1.1609	0.00	115	1	100.0	5
13/12/19	8:20 a	27.0	27.0	26.9	88	24.8	1.3	S	0.40	2.7	S	27.0	31.2	31.2	35.9	1012.0	0.00	0.0	269	1.93	281	2.3	0.08	2.5	0.000	0.030	25.4	53	15.2	25.6	9.65	1.1613	0.00	114	1	100.0	5
13/12/19	8:25 a	27.0	27.0	26.9	88	24.8	1.3	SW	0.40	3.1	W	27.0	31.2	31.2	36.3	1012.1	0.00	0.0	302	2.16	315	2.9	0.10	3.0	0.000	0.030	25.4	57	16.3	25.6	10.24	1.1601	0.00	116	1	100.0	5
13/12/19	8:30 a	27.0	27.1	26.9	88	24.8	1.8	S	0.54	4.0	SW	27.0	31.2	31.2	36.3	1011.9	0.00	0.0	312	2.24	353	3.0	0.11	3.2	0.000	0.030	25.4	56	16.0	25.6	10.14	1.1603	0.00	112	1	98.2	5
13/12/19	8:35 a	27.1	27.1	26.9	88	24.9	1.8	SSW	0.54	4.5	S	27.1	31.3	31.3	36.8	1011.9	0.00	0.0	346	2.48	367	3.3	0.12	3.4	0.000	0.030	25.3	53	15.1	25.4	9.65	1.1617	0.00	113	1	99.1	5
13/12/19	8:40 a	27.0	27.1	26.9	88	24.8	1.3	SW	0.40	2.7	SSW	27.0	31.2	31.2	36.4	1011.9	0.00	0.0	330	2.37	348	3.2	0.11	3.2	0.000	0.030	25.2	56	15.8	25.4	10.15	1.1611	0.00	113	1	99.1	5
13/12/19	8:45 a	27.2	27.2	27.0	88	25.1	1.3	SW	0.40	3.1	WSW	27.2	31.7	31.7	36.7	1011.9	0.00	0.0	314	2.25	336	3.0	0.11	3.1	0.000	0.031	25.3	60	17.0	25.6	10.85	1.1593	0.00	115	1	100.0	5
13/12/19	8:50 a	27.5	27.6	27.2	86	24.9	0.9	SW	0.27	2.2	WSW	27.5	32.2	32.2	38.1	1011.8	0.00	0.0	402	2.88	464	3.5	0.13	3.7	0.000	0.032	25.3	58	16.4	25.6	10.45	1.1600	0.00	115	1	100.0	5
13/12/19	8:55 a	27.6	27.6	27.4	86	25.0	1.3	SW	0.40	3.1	SSW	27.6	32.3	32.3	37.4	1011.9	0.00	0.0	332	2.38	352	3.2	0.11	3.4	0.000	0.032	25.2	54	15.3	25.3	9.80	1.1618	0.00	116	1	100.0	5
13/12/19	9:00 a	27.2	27.6	27.2	87	24.9	1.8	SSW	0.54	4.5	SSW	27.2	31.6	31.6	36.1	1011.9	0.00	0.0	302	2.16	336	3.0	0.11	3.3	0.000	0.031	25.2	56	15.8	25.4	10.15	1.1611	0.23	116	1	100.0	5
13/12/19	9:05 a	27.3	27.3	27.2	88	25.2	1.3	SSW	0.40	2.7	SW	27.3	32.0	32.0	36.7	1011.8	0.00	0.0	316	2.26	346	3.2	0.11	3.3	0.000	0.031	25.2	59	16.6	25.5	10.65	1.1599	0.00	114	1	100.0	5
13/12/19	9:10 a	27.3	27.4	27.3	87	25.0	1.3	SW	0.40	3.6	SW	27.3	31.9	31.9	36.4	1011.7	0.00	0.0	305	2.19	352	3.1	0.11	3.5	0.000	0.031	25.3	61	17.2	25.7	11.00	1.1587	0.00	114	1	100.0	5
13/12/19	9:15 a	27.3	27.4	27.3	87	24.9	1.3	SW	0.40	2.7	SSW	27.3	31.7	31.7	36.6	1011.5	0.00	0.0	345	2.47	387	3.6	0.13	3.7	0.000	0.031	25.4	58	16.5	25.7	10.44	1.1591	0.00	115	1	100.0	5
13/12/19	9:20 a	27.4	27.4	27.2	87	25.0	1.3	SW	0.40	3.6	WSW	27.4	32.0	32.0	37.4	1011.5	0.00	0.0	395	2.83	408	4.1	0.15	4.4	0.000	0.031	25.4	60	17.1	25.7	10.84	1.1583	0.00	117	1	100.0	5
13/12/19	9:25 a	27.9	27.9	27.4	86	25.3	0.9	SSW	0.27	3.6	WNW	27.9	33.2	33.2	39.0	1011.4	0.00	0.0	438	3.14	487	4.8	0.17	5.3	0.000	0.033	25.4	60	17.1	25.8	10.84	1.1579	0.00	116	1	100.0	5
13/12/19	9:30 a	27.9	27.9	27.8	85	25.1	1.3	SW	0.40	3.1	SSW	27.9	33.0	33.0	38.7	1011.4	0.00	0.0	435	3.12	448	4.9	0.17	4.9	0.000	0.033	25.4	59	16.8	25.8	10.64	1.1583	0.00	116	1	100.0	5
13/12/19	9:35 a	27.9	27.9	27.8	86	25.4	0.9	S	0.27	3.1	SSE	27.9	33.3	33.3	38.8	1011.4	0.00	0.0	416	2.98	432	4.9	0.17	5.0	0.000	0.033	25.5	61	17.4	25.9	10.99	1.1572	0.00	114	1	100.0	5
13/12/19	9:40 a	28.2	28.3	27.9	84	25.3	1.3	SSW	0.40	2.7	S	28.2	33.7	33.7	39.2	1011.2	0.00	0.0	426	3.05	443	5.2	0.19	5.3	0.000	0.034	25.5	57	16.4	25.7	10.23	1.1585	0.00	114	1	100.0	5
13/12/19	9:45 a	28.1	28.2	28.1	85	25.3	0.9	SW	0.27	3.6	WSW	28.1	33.6	33.6	39.4	1011.2	0.00	0.0	462	3.31	513	5.5	0.20	5.8	0.000	0.034	25.5	60	17.2	25.9	10.83	1.1574	0.00	112	1	98.2	5
13/12/19	9:50 a	28.6	28.6	28.1	84	25.6	0.4	W	0.13	2.2	S	28.6	34.8	34.8	41.4	1011.1	0.00	0.0	683	4.90	861	6.9	0.25	7.8	0.000	0.036	25.6	59	17.0	25.9	10.63	1.1571	0.00	117	1	100.0	5
13/12/19	9:55 a	29.1	29.1	28.7	82	25.7	1.3	SSW	0.40	2.7	SSE	29.1	35.6	35.6	42.0	1011.1	0.00	0.0	682	4.89	751	7.4	0.26	8.5	0.000	0.037	25.6	58	16.7	25.8	10.43	1.1577	0.00	117	1	100.0	5
13/12/19	10:00 a	28.8	29.1	28.8	82	25.5	1.8	SW	0.54	3.1	SSW	28.8	34.9	34.9	41.7	1011.1	0.00	0.0	635	4.55	654	7.0	0.25	7.2	0.000	0.036	25.6	60	17.3	26.0	10.83	1.1567	0.30	117	1	100.0	5
13/12/19	10:05 a	29.0	29.0	28.8	82	25.6	1.3	WSW	0.40	3.1	SSW	29.0	35.4	35.4	41.8	1011.0	0.00	0.0	710	5.09	710	7.7	0.28	8.4	0.000	0.037	25.7	56	16.2	25.9	10.12	1.1578	0.00	117	1	100.0	5
13/12/19	10:10 a	29.3	29.3	28.9	82	25.9	1.3	WSW	0.40	3.6	W	29.3	36.3	36.3	43.8	1011.0	0.00	0.0	822	5.89	865	7.9	0.28	8.2	0.000	0.038	25.7	60	17.3	26.1	10.82	1.1562	0.00	117	1	100.0	5
13/12/19	10:15 a	29.4	29.5	29.3	81	25.8	1.8	SW	0.54	3.1	W	29.4	36.3	36.3	44.3	1011.1	0.00	0.0	893	6.40	983	8.2	0.29	8.9	0.000	0.038	25.7	56	16.2	25.9	10.12	1.1579	0.00	114	1	100.0	5
13/12/19	10:20 a	29.8	29.9	29.4	79	25.8	1.3	SW	0.40	4.0	S	29.8	37.0	37.0	45.8	1010.9	0.00	0.0	982	7.04	1004	8.8	0.31	9.3	0.000	0.040	25.7	55	15.9	25.8	9.92	1.1580	0.00	115	1	100.0	5
13/12/19	10:25 a	29.6	29.8	29.6	81	26.0	1.8	WSW	0.54	4.0	SSW	29.6	36.9	36.9	45.8	1010.9	0.00	0.0	1014	7.27	1102	9.0	0.32	9.7	0.000	0.039	25.7	59	17.1	26.1	10.62	1.1566	0.00	116	1	100.0	5
13/12/19	10:30 a	29.3	29.6	29.3	82	25.9	1.3	SSW	0.40	3.6	SSW	29.3	36.3	36.3	43.2	1010.9	0.00	0.0	663	4.75	958	7.2	0.26	8.5	0.000	0.038	25.7	56	16.3	25.9	10.12	1.1573	0.00	117	1	100.0	5
13/12/19	10:35 a	29.4	29.4	29.2	81	25.8	1.3	SSW	0.40	4.0	SSW	29.4	36.3	36.3	43.1	1010.8	0.00	0.0	668	4.79	958	7.8	0.28	9.4	0.000	0.038	25.7	55	15.9	25.8	9.92	1.1579	0.00	117	1	100.0	5
13/12/19	10:40 a	29.5	29.7	29.4	80	25.7	2.2	SSW	0.67	4.5	S	29.5	36.3	36.3	44.9	1010.8	0.00	0.0	1021	7.32	1060	9.2	0.33	10.0	0.000	0.039	25.7	58	16.8	26.1	10.42	1.1565	0.00	115	1	100.0	5
13/12/19	10:45 a	29.6	29.7	29.5	80	25.7	1.8	SW	0.54	4.5	WSW	29.6	36.5	36.5	43.4	1010.8	0.00	0.0	720	5.16	766	7.8	0.28	8.4	0.000	0.039	25.8	55	16.1	26.0	9.91	1.1574	0.00	116	1	100.0	5
13/12/19	10:50 a	29.2	29.6	29.2	81	25.6	1.3	SW	0.40	4.0	W	29.2	35.8	35.8	42.1	1010.7	0.00	0.0	571	4.09	612	6.9	0.25	7.2	0.000	0.038	25.7	57	16.6	26.0	10.22	1.1568	0.00	115	1	100.0	5
13/12/19	10:55 a	29.4	29.4	29.2	82	26.0	1.3	S	0.40	4.0	WSW	29.4	36.7	36.7	42.8	1010.7	0.00	0.0	556	3.99	640	6.8	0.24	7.4	0.000	0.039	25.8	57	16.7	26.2	10.21	1.1561	0.00	114	1	100.0	5
13/12/19	11:00 a	29.1	29.4	29.1	81	25.5	1.8	WSW	0.54	3.6	WSW	29.1	35.3	35.3	41.0	1010.5	0.00	0.0	505	3.62	548	6.6	0.24	6.9	0.000	0.037	25.8	54	15.8	26.0	9.78	1.1571	0.51	116	1	100.0	5
13/12/19	11:05 a	28.8	29.1	28.8	82	25.5	1.8	SW	0.54	4.0	SW	28.8	34.9	34.9	40.4	1010.6	0.00	0.0	477	3.42	483	6.3	0.23	6.3	0.000	0.036	25.8	57	16.7	26.2	10.21	1.1560	0.00	117	1	100.0	5
13/12/19	11:10 a	29.0	29.0	28.8	81	25.4	1.8	S	0.54	4.0	W	29.0	35.2	35.2	40.6	1010.5	0.00	0.0	477	3.42	478	6.3	0.23	6.3	0.000	0.037	25.8	56	16.4	26.1	10.11	1.1563	0.00	116	1	100.0	5
13/12/19	11:15 a	29.2	29.2	29.0	81	25.6	1.3	SW	0.40	3.1	SSW	29.2	35.6	35.6	41.1	1010.4	0.00	0.0	480	3.44	482	6.2	0.22	6.2	0.000	0.038	25.8	53	15.5	25.9	9.65	1.1574	0.00	117	1	100.0	5
13/12/19	11:20 a	29.6	29.6	29.2	81	25.9	1.3	SSW	0.40	4.0	WSW	29.6	36.7	36.7	42.2	1010.3	0.00	0.0	487	3.49	494	6.2	0.22	6.3	0.000	0.039	25.8	58	16.9	26.1	10.41	1.1557	0.00	118	1	100.0	5
13/12/19	11:25 a	29.6	29.6	29.4	79	25.6	0.9	SW	0.27	2.7	W	29.6	36.4	36.4	42.1	1010.3	0.00	0.0	508	3.64	515	6.4	0.23	6.4	0.000	0.039	25.8	55	16.1	26.1	9.91	1.1565	0.00	113	1	99.1	5
13/12/19	11:30 a	29.8	29.9	29.6	79	25.7	1.3	SW	0.40	3.1	SSW	29.8	36.8	36.8	42.7	1010.3	0.00	0.0	527	3.78	534	6.5	0.23	6.5	0.000	0.040	25.8	57	16.7	26.2	10.21	1.1557	0.00	114	1	100.0	5
13/12/19	11:35 a	29.9	29.9	29.7	79	25.9	0.9	SW	0.27	2.7	S	29.9	37.3	37.3	43.9	1010.1	0.00	0.0	647	4.64	719	7.1	0.25	7.5	0.000	0.040	25.8	57	16.7	26.2	10.21	1.1554	0.00	117	1	100.0	5
13/12/19	11:40 a	30.0	30.1	29.9	78	25.7	1.8	SW	0.54	4.5	SSE	30.0	37.2	37.2	43.9	1010.0	0.00	0.0	667	4.78	728	7.2	0.26	7.5	0.000	0.041	25.8	54	15.8	26.0	9.78	1.1565	0.00	117	1	100.0	5
13/12/19	11:45 a	30.0	30.1	29.9	79	26.0	1.3	SW	0.40	3.1	SSW	30.0	37.4	37.4	43.9	1009.8	0.00	0.0	626	4.49	682	6.9	0.25	7.3	0.000	0.041	25.8	56	16.4	26.1	10.11	1.1555	0.00	117	1	100.0	5
13/12/19	11:50 a	29.8	30.1	29.8	80	26.0	1.8	SW	0.54	3.6	SSW	29.8	37.3	37.3	43.8	1009.6	0.00	0.0	631	4.52	652	6.9	0.25	7.0	0.000	0.040	25.9	57	16.7	26.2	10.21	1.1546	0.00	117	1	100.0	5
13/12/19	11:55 a	30.0	30.0	29.8	79	26.0	1.8	SSW	0.54	4.5	WSW	30.0	37.4	37.4	44.3	1009.6	0.00	0.0	698	5.00	759	7.5	0.27	8.3	0.000	0.041	25.8	54	15.8	26.0	9.78	1.1560	0.00	117	1	100.0	5
13/12/19	12:00 p	30.2	30.2	30.0	78	25.9	1.8	SW	0.54	3.6	WSW	30.2	37.7	37.7	44.6	1009.5	0.00	0.0	821	5.88	888	7.9	0.28	8.4	0.000	0.041	25.8	55	16.1	26.1	9.91	1.1556	0.41	114	1	100.0	5
13/12/19	12:05 p	30.1	30.2	30.1	78	25.8	1.3	S	0.40	3.1	SSW	30.1	37.5	37.5	44.4	1009.4	0.00	0.0	705	5.05	788	7.3	0.26	7.7	0.000	0.041	25.8	52	15.2	25.9	9.48	1.1566	0.00	114	1	100.0	5
13/12/19	12:10 p	30.6	30.7	30.1	77	26.1	1.3	WSW	0.40	3.1	WSW	30.6	38.6	38.6	45.5	1009.2	0.00	0.0	726	5.20	758	7.3	0.26	7.6	0.000	0.042	25.7	51	14.8	25.8	9.35	1.1573	0.00	116	1	100.0	5
13/12/19	12:15 p	30.6	30.9	30.6	75	25.7	1.3	SSW	0.40	4.5	SW	30.6	38.1	38.1	44.4	1009.1	0.00	0.0	592	4.24	670	6.6	0.24	7.4	0.000	0.043	25.7	53	15.4	25.8	9.65	1.1564	0.00	116	1	100.0	5
13/12/19	12:20 p	30.4	30.6	30.3	76	25.7	0.9	SSW	0.27	2.7	S	30.4	37.8	37.8	43.8	1009.1	0.00	0.0	554	3.97	571	6.1	0.22	6.3	0.000	0.042	25.7	57	16.6	26.0	10.22	1.1549	0.00	116	1	100.0	5
13/12/19	12:25 p	29.9	30.4	29.9	76	25.3	1.8	SW	0.54	3.1	SSW	29.9	36.5	36.5	42.1	1009.2	0.00	0.0	500	3.58	519	5.7	0.20	5.8	0.000	0.040	25.8	59	17.2	26.2	10.61	1.1536	0.00	117	1	100.0	5
13/12/19	12:30 p	29.6	29.9	29.6	77	25.1	2.2	SSW	0.67	3.6	SSW	29.6	35.7	35.7	40.9	1009.0	0.00	0.0	463	3.32	473	5.3	0.19	5.4	0.000	0.039	25.9	57	16.7	26.2	10.21	1.1540	0.00	117	1	100.0	5
13/12/19	12:35 p	29.6	29.6	29.4	78	25.3	1.8	SSW	0.54	3.6	S	29.6	36.0	36.0	41.5	1009.0	0.00	0.0	493	3.53	536	5.3	0.19	5.7	0.000	0.039	25.8	55	16.1	26.1	9.91	1.1549	0.00	115	1	100.0	5
13/12/19	12:40 p	29.8	29.8	29.6	77	25.3	1.8	SSW	0.54	3.6	WSW	29.8	36.3	36.3	41.2	1009.0	0.00	0.0	428	3.07	445	4.8	0.17	4.9	0.000	0.040	25.8	53	15.5	25.9	9.65	1.1557	0.00	114	1	100.0	5
13/12/19	12:45 p	29.8	29.8	29.6	78	25.6	1.3	WSW	0.40	4.0	SW	29.8	36.7	36.7	41.5	1008.8	0.00	0.0	413	2.96	418	4.7	0.17	4.7	0.000	0.040	25.7	51	14.8	25.8	9.35	1.1569	0.00	114	1	100.0	5
13/12/19	12:50 p	29.9	30.0	29.8	76	25.2	0.9	SSW	0.27	2.7	SSW	29.9	36.4	36.4	41.2	1008.7	0.00	0.0	419	3.00	436	4.5	0.16	4.6	0.000	0.040	25.8	55	16.1	26.1	9.91	1.1547	0.00	111	1	97.4	5
13/12/19	12:55 p	30.0	30.0	29.8	76	25.3	1.3	S	0.40	3.1	SSW	30.0	36.7	36.7	41.6	1008.6	0.00	0.0	429	3.07	434	4.5	0.16	4.5	0.000	0.041	26.0	55	16.3	26.3	9.90	1.1536	0.00	115	1	100.0	5
13/12/19	1:00 p	30.2	30.2	30.1	75	25.3	0.9	SSW	0.27	2.7	W	30.2	37.0	37.0	42.0	1008.4	0.00	0.0	434	3.11	461	4.4	0.16	4.6	0.000	0.041	26.1	52	15.5	26.2	9.47	1.1541	0.36	117	1	100.0	5
13/12/19	1:05 p	30.1	30.3	30.1	76	25.4	1.3	S	0.40	3.1	S	30.1	37.0	37.0	41.8	1008.4	0.00	0.0	412	2.95	415	4.2	0.15	4.3	0.000	0.041	26.1	49	14.6	26.1	8.97	1.1552	0.00	117	1	100.0	5
13/12/19	1:10 p	29.9	30.1	29.9	75	25.0	1.3	SW	0.40	3.1	WSW	29.9	36.1	36.1	40.8	1008.3	0.00	0.0	407	2.92	411	4.1	0.15	4.1	0.000	0.040	26.1	48	14.2	25.9	8.87	1.1558	0.00	116	1	100.0	5
13/12/19	1:15 p	29.9	29.9	29.8	76	25.3	1.3	SSW	0.40	2.7	S	29.9	36.5	36.5	41.4	1008.2	0.00	0.0	422	3.02	448	4.0	0.14	4.1	0.000	0.040	26.1	52	15.5	26.2	9.47	1.1538	0.00	113	1	99.1	5
13/12/19	1:20 p	30.2	30.2	29.9	74	25.0	1.8	SSW	0.54	2.7	SW	30.2	36.6	36.6	42.5	1008.2	0.00	0.0	538	3.86	605	4.4	0.16	4.8	0.000	0.041	26.2	54	16.1	26.4	9.77	1.1527	0.00	114	1	100.0	5
13/12/19	1:25 p	30.1	30.2	30.1	76	25.4	1.3	SW	0.40	2.7	SSW	30.1	37.0	37.0	42.2	1008.0	0.00	0.0	452	3.24	559	3.9	0.14	4.4	0.000	0.041	26.2	52	15.6	26.3	9.47	1.1530	0.00	115	1	100.0	5
13/12/19	1:30 p	29.8	30.1	29.8	76	25.1	1.3	SSW	0.40	2.7	W	29.8	36.2	36.2	40.6	1008.0	0.00	0.0	365	2.62	376	3.5	0.13	3.6	0.000	0.040	26.2	51	15.3	26.3	9.35	1.1533	0.00	118	1	100.0	5
13/12/19	1:35 p	29.8	29.9	29.8	77	25.3	1.8	SSW	0.54	2.7	SW	29.8	36.3	36.3	40.7	1007.8	0.00	0.0	361	2.59	364	3.4	0.12	3.4	0.000	0.040	26.2	50	15.0	26.2	9.17	1.1535	0.00	117	1	100.0	5
13/12/19	1:40 p	29.9	29.9	29.8	76	25.3	1.3	SSW	0.40	2.2	SSW	29.9	36.5	36.5	40.7	1007.8	0.00	0.0	351	2.52	359	3.2	0.11	3.3	0.000	0.040	26.2	52	15.6	26.3	9.47	1.1527	0.00	117	1	100.0	5
13/12/19	1:45 p	29.8	30.0	29.8	77	25.4	1.3	SW	0.40	3.1	SSE	29.8	36.5	36.5	40.8	1007.7	0.00	0.0	358	2.57	367	3.1	0.11	3.2	0.000	0.040	26.3	54	16.3	26.6	9.76	1.1512	0.00	114	1	100.0	5
13/12/19	1:50 p	30.2	30.2	29.8	76	25.5	0.9	SSW	0.27	1.3	WNW	30.2	37.1	37.1	41.2	1007.6	0.00	0.0	340	2.44	352	3.0	0.11	3.1	0.000	0.041	26.3	51	15.4	26.4	9.35	1.1524	0.00	112	1	98.2	5
13/12/19	1:55 p	30.1	30.3	30.1	76	25.4	0.9	WSW	0.27	2.2	SSW	30.1	36.8	36.8	40.9	1007.5	0.00	0.0	330	2.37	332	2.9	0.10	2.9	0.000	0.041	26.3	49	14.8	26.3	8.96	1.1531	0.00	115	1	100.0	5
13/12/19	2:00 p	30.0	30.2	30.0	77	25.5	0.9	SW	0.27	2.2	SW	30.0	36.9	36.9	40.9	1007.5	0.00	0.0	317	2.27	322	2.7	0.10	2.8	0.000	0.041	26.3	48	14.4	26.2	8.86	1.1537	0.28	115	1	100.0	5
13/12/19	2:05 p	29.9	30.1	29.8	75	25.0	0.9	WSW	0.27	1.8	WSW	29.9	36.1	36.1	39.7	1007.4	0.00	0.0	290	2.08	308	2.5	0.09	2.6	0.000	0.040	26.3	52	15.6	26.4	9.46	1.1520	0.00	117	1	100.0	5
13/12/19	2:10 p	29.9	30.0	29.9	75	25.0	0.9	SW	0.27	1.3	SW	29.9	36.2	36.2	39.6	1007.5	0.00	0.0	263	1.89	267	2.3	0.08	2.4	0.000	0.040	26.3	53	16.0	26.6	9.65	1.1514	0.00	117	1	100.0	5
13/12/19	2:15 p	29.8	29.9	29.8	76	25.1	0.9	WSW	0.27	1.8	SSW	29.8	36.1	36.1	39.3	1007.5	0.00	0.0	258	1.85	258	2.1	0.07	2.2	0.000	0.040	26.4	51	15.4	26.5	9.35	1.1520	0.00	117	1	100.0	5
13/12/19	2:20 p	30.0	30.0	29.8	75	25.1	0.9	WSW	0.27	1.8	SSW	30.0	36.4	36.4	39.6	1007.4	0.00	0.0	251	1.80	255	2.1	0.07	2.1	0.000	0.041	26.4	49	14.8	26.4	8.96	1.1527	0.00	116	1	100.0	5
13/12/19	2:25 p	29.9	30.0	29.9	75	25.0	0.9	SSW	0.27	2.2	S	29.9	36.1	36.1	39.2	1007.3	0.00	0.0	241	1.73	246	2.0	0.07	2.0	0.000	0.040	26.3	49	14.8	26.3	8.96	1.1528	0.00	113	1	99.1	5
13/12/19	2:30 p	29.9	29.9	29.8	75	25.0	0.9	SSW	0.27	2.2	S	29.9	36.1	36.1	39.1	1007.4	0.00	0.0	228	1.63	230	1.9	0.07	1.9	0.000	0.040	26.3	52	15.7	26.5	9.46	1.1517	0.00	115	1	100.0	5
13/12/19	2:35 p	29.9	30.0	29.8	76	25.3	0.9	SSW	0.27	1.8	S	29.9	36.5	36.5	39.4	1007.4	0.00	0.0	223	1.60	225	1.7	0.06	1.8	0.000	0.040	26.4	53	16.0	26.6	9.65	1.1510	0.00	117	1	100.0	5
13/12/19	2:40 p	29.9	30.0	29.9	75	25.0	0.9	NW	0.27	1.3	NW	29.9	36.2	36.2	39.1	1007.3	0.00	0.0	212	1.52	216	1.6	0.06	1.6	0.000	0.040	26.4	49	14.8	26.4	8.96	1.1525	0.00	117	1	100.0	5
13/12/19	2:45 p	29.8	30.0	29.8	74	24.7	0.9	W	0.27	1.8	WSW	29.8	35.7	35.7	38.4	1007.2	0.00	0.0	204	1.46	206	1.5	0.05	1.5	0.000	0.040	26.3	48	14.4	26.2	8.86	1.1531	0.00	114	1	100.0	5
13/12/19	2:50 p	29.8	29.9	29.8	75	24.9	0.4	W	0.13	1.3	W	29.8	35.9	35.9	38.6	1007.3	0.00	0.0	201	1.44	202	1.4	0.05	1.4	0.000	0.040	26.3	48	14.4	26.2	8.86	1.1534	0.00	112	1	98.2	5
13/12/19	2:55 p	29.7	29.8	29.7	73	24.3	0.9	W	0.27	1.3	SW	29.7	35.1	35.1	37.6	1007.2	0.00	0.0	191	1.37	195	1.3	0.05	1.3	0.000	0.039	26.3	51	15.3	26.4	9.35	1.1522	0.00	114	1	100.0	5
13/12/19	3:00 p	29.8	29.8	29.7	75	24.9	0.9	W	0.27	1.8	W	29.8	35.9	35.9	38.4	1007.1	0.00	0.0	181	1.30	185	1.2	0.04	1.2	0.000	0.040	26.4	51	15.4	26.5	9.35	1.1516	0.18	114	1	100.0	5
13/12/19	3:05 p	29.7	29.8	29.7	74	24.6	0.9	WSW	0.27	1.8	WNW	29.7	35.4	35.4	37.8	1007.1	0.00	0.0	172	1.23	176	1.1	0.04	1.1	0.000	0.040	26.4	50	15.1	26.4	9.16	1.1520	0.00	115	1	100.0	5
13/12/19	3:10 p	29.8	29.8	29.7	74	24.6	0.4	W	0.13	1.3	WNW	29.8	35.6	35.6	37.8	1007.1	0.00	0.0	165	1.18	167	1.0	0.04	1.0	0.000	0.040	26.3	49	14.8	26.3	8.96	1.1526	0.00	117	1	100.0	5
13/12/19	3:15 p	29.7	29.8	29.7	75	24.8	0.9	WSW	0.27	1.8	WSW	29.7	35.7	35.7	37.8	1007.1	0.00	0.0	156	1.12	160	0.9	0.03	0.9	0.000	0.040	26.3	48	14.4	26.2	8.86	1.1532	0.00	117	1	100.0	5
13/12/19	3:20 p	29.7	29.8	29.7	74	24.5	0.9	WSW	0.27	1.8	WSW	29.7	35.3	35.3	37.4	1007.1	0.00	0.0	152	1.09	160	0.8	0.03	0.8	0.000	0.039	26.3	51	15.3	26.4	9.35	1.1521	0.00	117	1	100.0	5
13/12/19	3:25 p	29.7	29.7	29.6	76	25.0	0.9	WSW	0.27	1.3	W	29.7	35.8	35.8	37.7	1007.2	0.00	0.0	134	0.96	142	0.7	0.03	0.7	0.000	0.039	26.3	51	15.4	26.4	9.35	1.1519	0.00	117	1	100.0	5
13/12/19	3:30 p	29.7	29.7	29.6	76	25.0	0.4	WSW	0.13	1.8	W	29.7	35.8	35.8	37.6	1007.1	0.00	0.0	128	0.92	132	0.6	0.02	0.6	0.000	0.039	26.3	47	14.1	26.1	8.66	1.1537	0.00	116	1	100.0	5
13/12/19	3:35 p	29.6	29.7	29.6	77	25.1	0.9	WSW	0.27	1.8	WSW	29.6	35.7	35.7	37.6	1007.1	0.00	0.0	123	0.88	128	0.5	0.02	0.6	0.000	0.039	26.2	46	13.6	25.9	8.47	1.1546	0.00	114	1	100.0	5
13/12/19	3:40 p	29.5	29.7	29.5	78	25.3	0.4	SW	0.13	1.3	SW	29.5	35.8	35.8	37.8	1007.1	0.00	0.0	130	0.93	142	0.5	0.02	0.5	0.000	0.039	26.1	46	13.5	25.8	8.47	1.1552	0.00	116	1	100.0	5
13/12/19	3:45 p	29.7	29.7	29.4	77	25.3	0.9	WSW	0.27	1.8	SSW	29.7	36.2	36.2	38.2	1007.3	0.00	0.0	133	0.95	160	0.1	0.00	0.5	0.000	0.040	26.1	49	14.5	26.0	8.97	1.1541	0.00	117	1	100.0	5
13/12/19	3:50 p	29.6	29.7	29.6	78	25.3	0.9	WSW	0.27	1.3	SW	29.6	36.0	36.0	37.7	1007.4	0.00	0.0	108	0.77	113	0.0	0.00	0.0	0.000	0.039	26.1	49	14.6	26.1	8.97	1.1540	0.00	116	1	100.0	5
13/12/19	3:55 p	29.4	29.6	29.4	78	25.2	0.4	WSW	0.13	1.3	WSW	29.4	35.7	35.7	37.2	1007.4	0.00	0.0	97	0.70	102	0.0	0.00	0.0	0.000	0.039	26.1	46	13.5	25.8	8.47	1.1555	0.00	117	1	100.0	5
13/12/19	4:00 p	29.4	29.5	29.4	79	25.4	0.4	SSW	0.13	1.8	SSW	29.4	35.9	35.9	37.2	1007.5	0.00	0.0	85	0.61	90	0.0	0.00	0.0	0.000	0.039	26.0	44	12.8	25.6	8.17	1.1566	0.10	116	1	100.0	5
13/12/19	4:05 p	29.3	29.4	29.3	78	25.1	0.9	SSW	0.27	2.2	WSW	29.3	35.4	35.4	36.4	1007.5	0.00	0.0	72	0.52	77	0.0	0.00	0.0	0.000	0.038	25.8	46	13.3	25.6	8.48	1.1567	0.00	114	1	100.0	5
13/12/19	4:10 p	29.3	29.3	29.3	79	25.3	0.4	WSW	0.13	1.3	SSW	29.3	35.6	35.6	36.5	1007.5	0.00	0.0	61	0.44	65	0.0	0.00	0.0	0.000	0.038	25.8	50	14.6	25.8	9.18	1.1554	0.00	113	1	99.1	5
13/12/19	4:15 p	29.3	29.3	29.2	79	25.3	0.4	WSW	0.13	1.8	WSW	29.3	35.6	35.6	36.3	1007.5	0.00	0.0	51	0.37	56	0.0	0.00	0.0	0.000	0.038	25.7	51	14.8	25.8	9.35	1.1554	0.00	115	1	100.0	5
13/12/19	4:20 p	29.2	29.3	29.2	79	25.2	0.4	SW	0.13	1.3	SW	29.2	35.3	35.3	35.7	1007.4	0.00	0.0	37	0.27	42	0.0	0.00	0.0	0.000	0.038	25.6	49	14.1	25.6	8.99	1.1566	0.00	117	1	100.0	5
13/12/19	4:25 p	29.2	29.2	29.2	79	25.1	0.0	SSW	0.00	0.9	SSW	29.2	35.2	35.2	35.2	1007.6	0.00	0.0	21	0.15	28	0.0	0.00	0.0	0.000	0.038	25.5	48	13.7	25.3	8.89	1.1577	0.00	116	1	100.0	5
13/12/19	4:30 p	29.1	29.2	29.1	79	25.0	0.4	SSW	0.13	0.9	SSW	29.1	34.9	34.9	34.7	1007.6	0.00	0.0	12	0.09	14	0.0	0.00	0.0	0.000	0.037	25.4	49	13.9	25.3	9.00	1.1579	0.00	117	1	100.0	5
13/12/19	4:35 p	28.9	29.1	28.9	80	25.1	0.4	SSW	0.13	0.9	SSW	28.9	34.6	34.6	34.4	1007.6	0.00	0.0	9	0.06	11	0.0	0.00	0.0	0.000	0.037	25.3	51	14.5	25.3	9.35	1.1574	0.00	117	1	100.0	5
13/12/19	4:40 p	28.8	28.9	28.8	81	25.2	0.4	SSW	0.13	0.9	SSW	28.8	34.6	34.6	34.3	1007.6	0.00	0.0	7	0.05	9	0.0	0.00	0.0	0.000	0.036	25.4	51	14.5	25.4	9.35	1.1571	0.00	113	1	99.1	5
13/12/19	4:45 p	28.8	28.8	28.7	81	25.2	0.0	SSW	0.00	0.9	SSW	28.8	34.6	34.6	34.3	1007.7	0.00	0.0	5	0.04	5	0.0	0.00	0.0	0.000	0.036	25.3	48	13.5	25.2	8.90	1.1587	0.00	115	1	100.0	5
13/12/19	4:50 p	28.3	28.8	28.3	82	25.0	0.0	SSW	0.00	0.4	SSW	28.3	33.6	33.6	33.2	1007.7	0.00	0.0	0	0.00	0	0.0	0.00	0.0	0.000	0.035	25.2	46	12.8	24.9	8.50	1.1600	0.00	117	1	100.0	5
13/12/19	4:55 p	28.1	28.3	28.1	83	24.9	0.4	SSW	0.13	0.9	SSW	28.1	33.1	33.1	32.7	1007.7	0.00	0.0	0	0.00	0	0.0	0.00	0.0	0.000	0.034	25.1	46	12.7	24.8	8.51	1.1605	0.00	117	1	100.0	5
13/12/19	5:00 p	27.9	28.1	27.9	84	25.0	0.4	SSW	0.13	0.4	SSW	27.9	33.0	33.0	32.6	1007.9	0.00	0.0	0	0.00	0	0.0	0.00	0.0	0.000	0.033	25.1	49	13.6	24.9	9.01	1.1599	0.03	117	1	100.0	5
13/12/19	5:05 p	27.9	28.0	27.9	84	25.0	0.0	SSW	0.00	0.4	SSW	27.9	33.0	33.0	32.6	1007.9	0.00	0.0	0	0.00	0	0.0	0.00	0.0	0.000	0.033	25.1	50	13.9	25.0	9.21	1.1595	0.00	117	1	100.0	5
13/12/19	5:10 p	27.9	28.0	27.9	84	24.9	0.0	---	0.00	0.0	---	27.9	32.8	32.8	32.4	1008.0	0.00	0.0	0	0.00	0	0.0	0.00	0.0	0.000	0.033	25.0	46	12.6	24.7	8.51	1.1613	0.00	116	1	100.0	5
13/12/19	5:15 p	27.6	27.9	27.6	85	24.9	0.0	SSW	0.00	0.4	SSW	27.6	32.3	32.3	31.8	1008.0	0.00	0.0	0	0.00	0	0.0	0.00	0.0	0.000	0.032	24.9	44	11.8	24.6	8.21	1.1624	0.00	112	1	98.2	5
13/12/19	5:20 p	27.6	27.7	27.5	85	24.8	0.0	---	0.00	0.0	---	27.6	32.2	32.2	31.7	1008.0	0.00	0.0	0	0.00	0	0.0	0.00	0.0	0.000	0.032	24.8	46	12.4	24.6	8.52	1.1622	0.00	114	1	100.0	5
13/12/19	5:25 p	27.5	27.6	27.5	86	24.9	0.0	---	0.00	0.0	---	27.5	32.2	32.2	31.6	1008.2	0.00	0.0	0	0.00	0	0.0	0.00	0.0	0.000	0.032	24.8	49	13.4	24.7	9.02	1.1613	0.00	115	1	100.0	5
13/12/19	5:30 p	27.5	27.5	27.5	86	24.9	0.0	---	0.00	0.0	---	27.5	32.2	32.2	31.6	1008.3	0.00	0.0	0	0.00	0	0.0	0.00	0.0	0.000	0.032	24.9	48	13.1	24.7	8.91	1.1615	0.00	116	1	100.0	5
13/12/19	5:35 p	27.6	27.6	27.5	87	25.2	0.0	SSW	0.00	0.4	SSW	27.6	32.4	32.4	31.9	1008.4	0.00	0.0	0	0.00	0	0.0	0.00	0.0	0.000	0.032	24.9	45	12.1	24.6	8.41	1.1627	0.00	116	1	100.0	5
13/12/19	5:40 p	27.4	27.5	27.4	87	25.1	0.4	SSW	0.13	0.9	SSW	27.4	32.2	32.2	31.6	1008.4	0.00	0.0	0	0.00	0	0.0	0.00	0.0	0.000	0.032	24.8	43	11.3	24.3	8.05	1.1641	0.00	115	1	100.0	5
13/12/19	5:45 p	27.2	27.5	27.2	89	25.2	0.4	NE	0.13	1.3	S	27.2	31.7	31.7	31.1	1008.5	0.00	0.0	0	0.00	0	0.0	0.00	0.0	0.000	0.031	24.7	46	12.3	24.4	8.52	1.1636	0.00	114	1	100.0	5
13/12/19	5:50 p	26.9	27.2	26.9	90	25.1	0.4	NE	0.13	0.9	NE	26.9	31.1	31.1	30.6	1008.6	0.00	0.0	0	0.00	0	0.0	0.00	0.0	0.000	0.030	24.7	50	13.6	24.7	9.22	1.1620	0.00	114	1	100.0	5
13/12/19	5:55 p	26.8	26.9	26.8	91	25.2	0.0	NE	0.00	0.9	NE	26.8	31.2	31.2	30.6	1008.6	0.00	0.0	0	0.00	0	0.0	0.00	0.0	0.000	0.030	24.8	48	13.0	24.6	8.92	1.1624	0.00	114	1	100.0	5
13/12/19	6:00 p	26.8	26.9	26.8	91	25.2	0.4	ENE	0.13	1.3	ENE	26.8	31.2	31.2	30.6	1008.6	0.00	0.0	0	0.00	0	0.0	0.00	0.0	0.000	0.030	24.8	44	11.7	24.4	8.22	1.1640	0.00	117	1	100.0	5
13/12/19	6:05 p	26.7	26.8	26.7	91	25.1	0.4	ENE	0.13	1.3	ENE	26.7	30.9	30.9	30.3	1008.7	0.00	0.0	0	0.00	0	0.0	0.00	0.0	0.000	0.029	24.7	43	11.2	24.2	8.05	1.1649	0.00	116	1	100.0	5
13/12/19	6:10 p	26.7	26.7	26.6	91	25.1	0.4	ENE	0.13	0.9	ENE	26.7	30.7	30.7	30.2	1008.7	0.00	0.0	0	0.00	0	0.0	0.00	0.0	0.000	0.029	24.6	46	12.2	24.3	8.53	1.1644	0.00	117	1	100.0	5
13/12/19	6:15 p	26.6	26.7	26.6	91	25.0	0.9	ENE	0.27	1.3	ENE	26.6	30.6	30.6	30.1	1008.7	0.00	0.0	0	0.00	0	0.0	0.00	0.0	0.000	0.029	24.6	47	12.5	24.4	8.72	1.1638	0.00	115	1	100.0	5
13/12/19	6:20 p	26.6	26.6	26.6	92	25.1	0.4	ENE	0.13	1.3	ENE	26.6	30.6	30.6	30.1	1008.8	0.00	0.0	0	0.00	0	0.0	0.00	0.0	0.000	0.029	24.7	48	12.9	24.5	8.92	1.1633	0.00	115	1	100.0	5
13/12/19	6:25 p	26.3	26.5	26.3	92	24.9	0.4	ENE	0.13	1.3	ENE	26.3	30.1	30.1	29.5	1008.9	0.00	0.0	0	0.00	0	0.0	0.00	0.0	0.000	0.028	24.8	49	13.4	24.7	9.02	1.1622	0.00	114	1	100.0	5
13/12/19	6:30 p	26.2	26.4	26.2	93	25.0	0.4	ENE	0.13	0.9	ENE	26.2	29.9	29.9	29.4	1009.0	0.00	0.0	0	0.00	0	0.0	0.00	0.0	0.000	0.027	24.9	49	13.5	24.8	9.01	1.1617	0.00	116	1	100.0	5
13/12/19	6:35 p	26.2	26.2	26.2	93	25.0	0.4	ENE	0.13	0.9	ENE	26.2	29.9	29.9	29.4	1009.1	0.00	0.0	0	0.00	0	0.0	0.00	0.0	0.000	0.027	25.1	51	14.3	25.1	9.35	1.1603	0.00	117	1	100.0	5
13/12/19	6:40 p	26.2	26.2	26.1	93	24.9	0.4	ENE	0.13	0.9	ENE	26.2	29.8	29.8	29.3	1009.2	0.00	0.0	0	0.00	0	0.0	0.00	0.0	0.000	0.027	25.3	52	14.7	25.3	9.50	1.1592	0.00	116	1	100.0	5
13/12/19	6:45 p	26.1	26.2	26.1	93	24.8	0.4	ENE	0.13	0.9	ENE	26.1	29.6	29.6	29.0	1009.3	0.00	0.0	0	0.00	0	0.0	0.00	0.0	0.000	0.027	25.4	53	15.1	25.4	9.65	1.1583	0.00	117	1	100.0	5
13/12/19	6:50 p	26.1	26.1	26.1	93	24.8	0.4	ENE	0.13	0.9	ENE	26.1	29.6	29.6	29.0	1009.4	0.00	0.0	0	0.00	0	0.0	0.00	0.0	0.000	0.027	25.5	53	15.2	25.6	9.65	1.1579	0.00	117	1	100.0	5
13/12/19	6:55 p	26.0	26.1	26.0	93	24.8	0.4	ENE	0.13	0.9	ENE	26.0	29.4	29.4	28.9	1009.4	0.00	0.0	0	0.00	0	0.0	0.00	0.0	0.000	0.027	25.6	54	15.6	25.8	9.79	1.1570	0.00	115	1	100.0	5
13/12/19	7:00 p	25.9	26.0	25.9	93	24.7	0.4	E	0.13	1.3	E	25.9	29.3	29.3	28.7	1009.4	0.00	0.0	0	0.00	0	0.0	0.00	0.0	0.000	0.026	25.8	54	15.8	25.9	9.78	1.1561	0.00	114	1	100.0	5
13/12/19	7:05 p	25.9	26.0	25.9	93	24.7	0.4	E	0.13	0.9	E	25.9	29.3	29.3	28.7	1009.6	0.00	0.0	0	0.00	0	0.0	0.00	0.0	0.000	0.026	25.8	56	16.4	26.1	10.11	1.1553	0.00	117	1	100.0	5
13/12/19	7:10 p	25.9	25.9	25.9	93	24.7	0.4	E	0.13	1.3	E	25.9	29.2	29.2	28.6	1009.7	0.00	0.0	0	0.00	0	0.0	0.00	0.0	0.000	0.026	25.9	56	16.5	26.2	10.10	1.1549	0.00	116	1	100.0	5
13/12/19	7:15 p	25.9	25.9	25.9	93	24.7	0.4	E	0.13	0.9	E	25.9	29.3	29.3	28.7	1009.9	0.00	0.0	0	0.00	0	0.0	0.00	0.0	0.000	0.026	26.0	57	16.8	26.3	10.20	1.1543	0.00	117	1	100.0	5
13/12/19	7:20 p	25.9	25.9	25.9	93	24.7	0.9	E	0.27	1.3	E	25.9	29.3	29.3	28.7	1009.9	0.00	0.0	0	0.00	0	0.0	0.00	0.0	0.000	0.026	26.1	58	17.2	26.5	10.39	1.1534	0.00	117	1	100.0	5
13/12/19	7:25 p	25.9	25.9	25.9	93	24.7	0.9	E	0.27	1.3	E	25.9	29.2	29.2	28.6	1010.0	0.00	0.0	0	0.00	0	0.0	0.00	0.0	0.000	0.026	26.2	59	17.5	26.6	10.59	1.1529	0.00	116	1	100.0	5
13/12/19	7:30 p	25.9	26.0	25.9	93	24.7	0.4	E	0.13	0.9	E	25.9	29.3	29.3	28.7	1010.0	0.00	0.0	0	0.00	0	0.0	0.00	0.0	0.000	0.026	26.2	59	17.6	26.7	10.58	1.1526	0.00	115	1	100.0	5
13/12/19	7:35 p	26.0	26.0	25.9	93	24.8	0.0	E	0.00	0.9	E	26.0	29.4	29.4	28.9	1010.1	0.00	0.0	0	0.00	0	0.0	0.00	0.0	0.000	0.027	26.3	60	17.9	26.8	10.78	1.1519	0.00	114	1	100.0	5
13/12/19	7:40 p	26.0	26.0	26.0	92	24.6	0.0	E	0.00	0.4	E	26.0	29.3	29.3	28.7	1010.2	0.00	0.0	0	0.00	0	0.0	0.00	0.0	0.000	0.027	26.3	60	17.9	26.9	10.77	1.1518	0.00	117	1	100.0	5
13/12/19	7:45 p	26.1	26.1	26.0	92	24.7	0.4	E	0.13	0.9	E	26.1	29.4	29.4	28.9	1010.2	0.00	0.0	0	0.00	0	0.0	0.00	0.0	0.000	0.027	26.4	61	18.3	27.1	10.96	1.1512	0.00	117	1	100.0	5
13/12/19	7:50 p	26.1	26.1	26.1	92	24.7	0.4	E	0.13	1.3	E	26.1	29.6	29.6	29.0	1010.3	0.00	0.0	0	0.00	0	0.0	0.00	0.0	0.000	0.027	26.4	61	18.3	27.2	10.96	1.1509	0.00	117	1	100.0	5
13/12/19	7:55 p	26.1	26.1	26.1	92	24.7	0.4	E	0.13	0.9	E	26.1	29.6	29.6	29.0	1010.3	0.00	0.0	0	0.00	0	0.0	0.00	0.0	0.000	0.027	26.5	62	18.6	27.3	11.16	1.1502	0.00	116	1	100.0	5
13/12/19	8:00 p	26.2	26.2	26.1	92	24.8	0.0	E	0.00	0.9	E	26.2	29.7	29.7	29.1	1010.3	0.00	0.0	0	0.00	0	0.0	0.00	0.0	0.000	0.027	26.6	63	18.9	27.5	11.35	1.1495	0.00	117	1	100.0	5
13/12/19	8:05 p	26.2	26.2	26.2	92	24.8	0.4	E	0.13	0.9	E	26.2	29.8	29.8	29.3	1010.3	0.00	0.0	0	0.00	0	0.0	0.00	0.0	0.000	0.027	26.6	62	18.7	27.5	11.15	1.1497	0.00	114	1	100.0	5
13/12/19	8:10 p	26.2	26.2	26.2	92	24.8	0.4	E	0.13	0.9	E	26.2	29.8	29.8	29.3	1010.4	0.00	0.0	0	0.00	0	0.0	0.00	0.0	0.000	0.027	26.6	63	19.0	27.6	11.35	1.1494	0.00	115	1	100.0	5
13/12/19	8:15 p	26.2	26.2	26.2	92	24.8	0.4	E	0.13	1.3	E	26.2	29.7	29.7	29.1	1010.5	0.00	0.0	0	0.00	0	0.0	0.00	0.0	0.000	0.027	26.7	64	19.3	27.8	11.55	1.1488	0.00	117	1	100.0	5
13/12/19	8:20 p	26.2	26.2	26.1	92	24.8	0.9	E	0.27	1.3	E	26.2	29.7	29.7	29.1	1010.5	0.00	0.0	0	0.00	0	0.0	0.00	0.0	0.000	0.027	26.7	64	19.3	27.8	11.55	1.1484	0.00	117	1	100.0	5
13/12/19	8:25 p	26.3	26.3	26.2	92	24.9	0.4	E	0.13	1.3	E	26.3	29.9	29.9	29.4	1010.6	0.00	0.0	0	0.00	0	0.0	0.00	0.0	0.000	0.028	26.7	64	19.3	27.8	11.55	1.1486	0.00	116	1	100.0	5
13/12/19	8:30 p	26.2	26.3	26.2	92	24.8	0.4	SSE	0.13	1.3	SE	26.2	29.7	29.7	29.1	1010.7	0.00	0.0	0	0.00	0	0.0	0.00	0.0	0.000	0.027	26.7	65	19.6	27.9	11.75	1.1483	0.00	117	1	100.0	5
13/12/19	8:35 p	26.0	26.2	26.0	92	24.6	0.4	SE	0.13	1.3	SSE	26.0	29.3	29.3	28.7	1010.6	0.00	0.0	0	0.00	0	0.0	0.00	0.0	0.000	0.027	26.8	65	19.7	28.2	11.74	1.1476	0.00	115	1	100.0	5
13/12/19	8:40 p	26.1	26.1	26.0	92	24.7	0.9	ESE	0.27	1.3	SE	26.1	29.6	29.6	29.0	1010.7	0.00	0.0	0	0.00	0	0.0	0.00	0.0	0.000	0.027	26.8	66	19.9	28.2	11.94	1.1473	0.00	114	1	100.0	5
13/12/19	8:45 p	26.1	26.1	26.1	92	24.7	0.9	E	0.27	1.3	E	26.1	29.6	29.6	29.0	1010.8	0.00	0.0	0	0.00	0	0.0	0.00	0.0	0.000	0.027	26.8	66	19.9	28.2	11.94	1.1474	0.00	115	1	100.0	5
13/12/19	8:50 p	26.1	26.2	26.1	91	24.5	0.4	ESE	0.13	0.9	ESE	26.1	29.4	29.4	28.8	1010.8	0.00	0.0	0	0.00	0	0.0	0.00	0.0	0.000	0.027	26.9	66	20.0	28.3	11.94	1.1471	0.00	116	1	100.0	5
13/12/19	8:55 p	26.1	26.1	26.1	91	24.5	0.0	E	0.00	0.9	E	26.1	29.3	29.3	28.7	1010.8	0.00	0.0	0	0.00	0	0.0	0.00	0.0	0.000	0.027	26.9	67	20.2	28.4	12.14	1.1468	0.00	117	1	100.0	5
13/12/19	9:00 p	26.1	26.1	26.1	92	24.7	0.4	ESE	0.13	0.9	E	26.1	29.4	29.4	28.9	1010.8	0.00	0.0	0	0.00	0	0.0	0.00	0.0	0.000	0.027	26.9	67	20.3	28.6	12.14	1.1464	0.00	116	1	100.0	5
13/12/19	9:05 p	26.1	26.1	26.1	92	24.7	0.0	ESE	0.00	0.4	ESE	26.1	29.4	29.4	28.9	1010.9	0.00	0.0	0	0.00	0	0.0	0.00	0.0	0.000	0.027	26.9	67	20.3	28.6	12.14	1.1465	0.00	118	1	100.0	5
13/12/19	9:10 p	26.1	26.1	26.1	92	24.7	0.4	ESE	0.13	0.9	ESE	26.1	29.4	29.4	28.9	1010.9	0.00	0.0	0	0.00	0	0.0	0.00	0.0	0.000	0.027	26.9	67	20.3	28.6	12.14	1.1466	0.00	115	1	100.0	5
13/12/19	9:15 p	26.1	26.1	26.1	92	24.7	0.4	ESE	0.13	0.9	ESE	26.1	29.6	29.6	29.0	1011.0	0.00	0.0	0	0.00	0	0.0	0.00	0.0	0.000	0.027	27.0	67	20.3	28.6	12.14	1.1463	0.00	114	1	100.0	5
13/12/19	9:20 p	26.0	26.1	26.0	92	24.6	0.4	ESE	0.13	0.4	ESE	26.0	29.3	29.3	28.7	1011.1	0.00	0.0	0	0.00	0	0.0	0.00	0.0	0.000	0.027	27.0	68	20.6	28.7	12.34	1.1461	0.00	117	1	100.0	5
13/12/19	9:25 p	25.9	26.0	25.9	93	24.7	0.4	E	0.13	0.9	ESE	25.9	29.3	29.3	28.7	1010.9	0.00	0.0	0	0.00	0	0.0	0.00	0.0	0.000	0.026	27.0	68	20.6	28.7	12.34	1.1459	0.00	117	1	100.0	5
13/12/19	9:30 p	25.9	25.9	25.9	93	24.7	0.0	E	0.00	0.9	ESE	25.9	29.2	29.2	28.6	1011.0	0.00	0.0	0	0.00	0	0.0	0.00	0.0	0.000	0.026	27.0	68	20.6	28.7	12.34	1.1459	0.00	116	1	100.0	5
13/12/19	9:35 p	25.9	25.9	25.8	93	24.7	0.0	---	0.00	0.0	---	25.9	29.2	29.2	28.6	1011.0	0.00	0.0	0	0.00	0	0.0	0.00	0.0	0.000	0.026	27.1	68	20.6	28.8	12.34	1.1456	0.00	117	1	100.0	5
13/12/19	9:40 p	25.9	25.9	25.9	93	24.7	0.4	ESE	0.13	0.9	E	25.9	29.3	29.3	28.7	1011.0	0.00	0.0	0	0.00	0	0.0	0.00	0.0	0.000	0.026	27.1	68	20.6	28.8	12.34	1.1456	0.00	117	1	100.0	5
13/12/19	9:45 p	26.0	26.1	25.9	93	24.8	0.4	ESE	0.13	1.3	SSW	26.0	29.4	29.4	28.9	1010.9	0.25	0.0	0	0.00	0	0.0	0.00	0.0	0.000	0.027	27.1	68	20.6	28.8	12.34	1.1455	0.00	112	1	98.2	5
13/12/19	9:50 p	26.1	26.1	26.1	94	25.1	0.9	SSW	0.27	2.2	SE	26.1	29.8	29.8	29.3	1011.0	0.00	0.0	0	0.00	0	0.0	0.00	0.0	0.000	0.027	27.1	68	20.6	28.8	12.34	1.1456	0.00	115	1	100.0	5
13/12/19	9:55 p	26.2	26.2	26.1	95	25.3	1.3	SW	0.40	3.1	WNW	26.2	30.1	30.1	29.6	1010.8	0.51	5.3	0	0.00	0	0.0	0.00	0.0	0.000	0.027	27.1	68	20.7	28.9	12.33	1.1451	0.00	117	1	100.0	5
13/12/19	10:00 p	26.4	26.4	26.2	95	25.5	1.8	S	0.54	4.0	SW	26.4	30.7	30.7	30.1	1011.0	3.30	56.9	0	0.00	0	0.0	0.00	0.0	0.000	0.028	27.1	69	20.9	29.1	12.52	1.1449	0.00	116	1	100.0	5
13/12/19	10:05 p	26.2	26.4	26.2	95	25.3	0.4	SSE	0.13	1.8	SSE	26.2	30.1	30.1	29.6	1011.0	2.54	56.9	0	0.00	0	0.0	0.00	0.0	0.000	0.027	27.1	70	21.2	29.2	12.80	1.1445	0.00	117	1	100.0	5
13/12/19	10:10 p	26.0	26.2	26.0	96	25.3	0.4	SSE	0.13	0.9	SSE	26.0	29.8	29.8	29.3	1010.8	1.02	31.8	0	0.00	0	0.0	0.00	0.0	0.000	0.027	27.1	70	21.2	29.2	12.80	1.1443	0.00	118	1	100.0	5
13/12/19	10:15 p	26.1	26.1	26.0	96	25.4	0.0	---	0.00	0.0	---	26.1	30.1	30.1	29.6	1010.8	0.25	6.1	0	0.00	0	0.0	0.00	0.0	0.000	0.027	27.1	70	21.2	29.2	12.80	1.1442	0.00	115	1	100.0	5
13/12/19	10:20 p	25.9	26.1	25.9	96	25.2	0.9	SSW	0.27	2.2	S	25.9	29.6	29.6	29.0	1010.9	0.00	2.0	0	0.00	0	0.0	0.00	0.0	0.000	0.026	27.2	70	21.2	29.3	12.80	1.1441	0.00	115	1	100.0	5
13/12/19	10:25 p	25.9	25.9	25.8	96	25.2	0.9	SSW	0.27	1.8	S	25.9	29.6	29.6	29.0	1010.9	0.25	2.0	0	0.00	0	0.0	0.00	0.0	0.000	0.026	27.2	71	21.5	29.4	13.01	1.1437	0.00	115	1	100.0	5
13/12/19	10:30 p	25.7	25.9	25.7	96	25.0	1.8	WSW	0.54	5.4	WSW	25.7	29.2	29.2	28.6	1010.9	1.02	18.0	0	0.00	0	0.0	0.00	0.0	0.000	0.026	27.2	71	21.5	29.4	13.01	1.1437	0.00	117	1	100.0	5
13/12/19	10:35 p	25.5	25.7	25.5	96	24.8	1.8	WSW	0.54	5.4	WNW	25.5	28.7	28.7	28.1	1010.8	1.52	30.5	0	0.00	0	0.0	0.00	0.0	0.000	0.025	27.2	72	21.7	29.6	13.25	1.1431	0.00	116	1	100.0	5
13/12/19	10:40 p	24.9	25.5	24.9	93	23.7	1.3	SSW	0.40	3.1	WSW	24.9	27.2	27.2	26.6	1011.0	2.79	44.7	0	0.00	0	0.0	0.00	0.0	0.000	0.023	27.2	72	21.7	29.6	13.25	1.1430	0.00	117	1	100.0	5
13/12/19	10:45 p	24.6	24.9	24.6	94	23.6	0.9	SSW	0.27	1.8	SSW	24.6	26.7	26.7	26.1	1011.0	2.54	39.6	0	0.00	0	0.0	0.00	0.0	0.000	0.022	27.1	72	21.6	29.4	13.25	1.1437	0.00	117	1	100.0	5
13/12/19	10:50 p	24.7	24.7	24.6	95	23.9	0.4	SSW	0.13	0.9	SSW	24.7	27.0	27.0	26.4	1010.8	1.78	30.7	0	0.00	0	0.0	0.00	0.0	0.000	0.022	27.1	72	21.6	29.4	13.25	1.1435	0.00	115	1	100.0	5
13/12/19	10:55 p	24.7	24.8	24.7	95	23.9	0.9	SSE	0.27	2.2	S	24.7	27.0	27.0	26.4	1010.9	0.25	15.2	0	0.00	0	0.0	0.00	0.0	0.000	0.022	27.1	72	21.6	29.4	13.25	1.1435	0.00	114	1	100.0	5
13/12/19	11:00 p	24.8	24.8	24.7	95	23.9	0.9	ESE	0.27	1.8	SE	24.8	27.1	27.1	26.5	1010.8	0.00	2.8	0	0.00	0	0.0	0.00	0.0	0.000	0.022	27.1	72	21.6	29.4	13.25	1.1435	0.00	117	1	100.0	5
13/12/19	11:05 p	24.7	24.8	24.7	96	24.0	0.4	ESE	0.13	1.3	ESE	24.7	27.1	27.1	26.5	1010.8	0.00	1.5	0	0.00	0	0.0	0.00	0.0	0.000	0.022	27.1	72	21.6	29.4	13.25	1.1435	0.00	116	1	100.0	5
13/12/19	11:10 p	24.9	24.9	24.7	96	24.2	0.4	ESE	0.13	0.9	ESE	24.9	27.4	27.4	26.8	1010.7	0.00	1.0	0	0.00	0	0.0	0.00	0.0	0.000	0.023	27.1	72	21.6	29.4	13.25	1.1434	0.00	117	1	100.0	5
13/12/19	11:15 p	24.9	25.1	24.8	96	24.3	0.0	ESE	0.00	0.4	ESE	24.9	27.5	27.5	26.9	1010.7	0.00	0.0	0	0.00	0	0.0	0.00	0.0	0.000	0.023	27.1	72	21.6	29.4	13.25	1.1434	0.00	116	1	100.0	5
13/12/19	11:20 p	24.7	25.0	24.7	96	24.0	0.4	W	0.13	1.3	W	24.7	27.1	27.1	26.5	1010.8	0.51	8.1	0	0.00	0	0.0	0.00	0.0	0.000	0.022	27.1	72	21.6	29.4	13.25	1.1435	0.00	117	1	100.0	5
13/12/19	11:25 p	24.7	24.8	24.7	97	24.2	0.9	NNE	0.27	1.3	NNW	24.7	27.2	27.2	26.6	1010.9	1.27	25.9	0	0.00	0	0.0	0.00	0.0	0.000	0.022	27.1	72	21.6	29.4	13.25	1.1435	0.00	114	1	100.0	5
13/12/19	11:30 p	24.6	24.7	24.6	97	24.1	1.3	NNW	0.40	2.2	NNE	24.6	26.9	26.9	26.3	1010.8	1.02	29.2	0	0.00	0	0.0	0.00	0.0	0.000	0.022	27.1	72	21.6	29.4	13.25	1.1435	0.00	115	1	100.0	5
13/12/19	11:35 p	24.7	24.7	24.6	97	24.2	0.4	NNW	0.13	1.3	NNW	24.7	27.1	27.1	26.4	1010.9	1.02	19.8	0	0.00	0	0.0	0.00	0.0	0.000	0.022	27.1	72	21.6	29.4	13.25	1.1436	0.00	117	1	100.0	5
13/12/19	11:40 p	24.7	24.7	24.7	97	24.2	1.3	NW	0.40	3.1	WNW	24.7	27.2	27.2	26.6	1010.9	2.79	50.5	0	0.00	0	0.0	0.00	0.0	0.000	0.022	27.1	72	21.6	29.4	13.25	1.1436	0.00	117	1	100.0	5
13/12/19	11:45 p	24.7	24.7	24.6	98	24.3	0.9	NNE	0.27	1.8	N	24.7	27.2	27.2	26.6	1011.0	3.30	47.8	0	0.00	0	0.0	0.00	0.0	0.000	0.022	27.1	72	21.6	29.4	13.25	1.1437	0.00	117	1	100.0	5
13/12/19	11:50 p	24.6	24.7	24.6	98	24.3	0.9	NW	0.27	1.8	NW	24.6	27.1	27.1	26.4	1011.3	4.83	74.2	0	0.00	0	0.0	0.00	0.0	0.000	0.022	27.1	72	21.6	29.4	13.25	1.1440	0.00	116	1	100.0	5
13/12/19	11:55 p	24.3	24.6	24.3	97	23.8	1.8	NW	0.54	4.0	NNW	24.3	26.4	26.4	25.8	1011.2	6.60	118.9	0	0.00	0	0.0	0.00	0.0	0.000	0.021	27.1	72	21.6	29.4	13.25	1.1439	0.00	116	1	100.0	5
