		Temp	Hi	Low	Out	Dew	Wind	Wind	Wind	Hi	Hi	Wind	Heat	THW	THSW			Rain	Solar	Solar	Hi Solar	UV 	UV 	Hi 	Heat	Cool	In 	In	In 	In 	In 	In Air		Wind	Wind	ISS 	Arc.
Date	Time	Out	Temp	Temp	Hum	Pt.	Speed	Dir	Run	Speed	Dir	Chill	Index	Index	Index	Bar  	Rain	Rate	Rad.	Energy	Rad. 	Index	Dose	UV 	D-D 	D-D 	Temp	Hum	Dew	Heat	EMC	Density	ET 	Samp	Tx 	Recept	Int.
25/10/19	12:00 a	24.6	24.6	24.5	97	24.0	0.4	ESE	0.13	0.9	ESE	24.6	26.9	26.9	26.3	1011.9	0.00	0.0	0	0.00	0	0.0	0.00	0.0	0.000	0.022	27.2	72	21.7	29.6	13.25	1.1444	0.00	117	1	100.0	5
25/10/19	12:05 a	24.5	24.6	24.5	97	24.0	0.4	ESE	0.13	1.3	ESE	24.5	26.8	26.8	26.2	1011.7	0.00	0.0	0	0.00	0	0.0	0.00	0.0	0.000	0.021	27.1	72	21.6	29.4	13.25	1.1445	0.00	116	1	100.0	5
25/10/19	12:10 a	24.4	24.6	24.4	97	23.9	0.4	ESE	0.13	1.3	ESE	24.4	26.7	26.7	26.1	1011.6	0.00	0.0	0	0.00	0	0.0	0.00	0.0	0.000	0.021	27.2	71	21.5	29.4	13.01	1.1444	0.00	117	1	100.0	5
25/10/19	12:15 a	24.5	24.6	24.4	97	24.0	0.4	E	0.13	1.3	E	24.5	26.8	26.8	26.2	1011.7	0.00	0.0	0	0.00	0	0.0	0.00	0.0	0.000	0.021	27.1	71	21.4	29.3	13.02	1.1449	0.00	117	1	100.0	5
25/10/19	12:20 a	24.4	24.5	24.4	97	23.9	0.4	E	0.13	1.3	E	24.4	26.7	26.7	26.1	1011.7	0.00	0.0	0	0.00	0	0.0	0.00	0.0	0.000	0.021	27.1	71	21.4	29.3	13.02	1.1449	0.00	114	1	100.0	5
25/10/19	12:25 a	24.4	24.5	24.4	97	23.9	0.4	E	0.13	1.3	ESE	24.4	26.7	26.7	26.1	1011.6	0.00	0.0	0	0.00	0	0.0	0.00	0.0	0.000	0.021	27.1	71	21.4	29.3	13.02	1.1447	0.00	114	1	100.0	5
25/10/19	12:30 a	24.4	24.4	24.4	97	23.9	0.4	ESE	0.13	0.9	ESE	24.4	26.7	26.7	26.1	1011.4	0.00	0.0	0	0.00	0	0.0	0.00	0.0	0.000	0.021	27.1	71	21.4	29.3	13.02	1.1446	0.00	117	1	100.0	5
25/10/19	12:35 a	24.5	24.5	24.4	98	24.2	0.4	ESE	0.13	0.9	ESE	24.5	26.8	26.8	26.2	1011.4	0.00	0.0	0	0.00	0	0.0	0.00	0.0	0.000	0.021	27.1	72	21.6	29.4	13.25	1.1441	0.00	117	1	100.0	5
25/10/19	12:40 a	24.6	24.6	24.5	97	24.0	0.0	ESE	0.00	0.4	ESE	24.6	26.9	26.9	26.3	1011.3	0.00	0.0	0	0.00	0	0.0	0.00	0.0	0.000	0.022	27.1	72	21.6	29.4	13.25	1.1441	0.00	117	1	100.0	5
25/10/19	12:45 a	24.6	24.6	24.6	97	24.1	0.4	ESE	0.13	0.9	ESE	24.6	26.9	26.9	26.3	1011.3	0.00	0.0	0	0.00	0	0.0	0.00	0.0	0.000	0.022	27.1	72	21.6	29.4	13.25	1.1441	0.00	116	1	100.0	5
25/10/19	12:50 a	24.6	24.6	24.5	97	24.0	0.4	ESE	0.13	1.3	E	24.6	26.9	26.9	26.3	1011.3	0.00	0.0	0	0.00	0	0.0	0.00	0.0	0.000	0.022	27.1	72	21.6	29.4	13.25	1.1440	0.00	116	1	100.0	5
25/10/19	12:55 a	24.5	24.6	24.5	97	24.0	0.9	NNE	0.27	1.3	NNE	24.5	26.8	26.8	26.2	1011.2	0.00	0.0	0	0.00	0	0.0	0.00	0.0	0.000	0.021	27.1	72	21.6	29.4	13.25	1.1439	0.00	115	1	100.0	5
25/10/19	1:00 a	24.5	24.5	24.4	98	24.2	0.4	NNE	0.13	1.3	NNE	24.5	26.8	26.8	26.2	1011.1	0.00	0.0	0	0.00	0	0.0	0.00	0.0	0.000	0.021	27.1	72	21.6	29.3	13.25	1.1441	0.00	115	1	100.0	5
25/10/19	1:05 a	24.5	24.5	24.4	98	24.2	0.4	NE	0.13	1.3	NE	24.5	26.8	26.8	26.2	1011.0	0.00	0.0	0	0.00	0	0.0	0.00	0.0	0.000	0.021	27.1	72	21.6	29.4	13.25	1.1436	0.00	117	1	100.0	5
25/10/19	1:10 a	24.6	24.6	24.4	98	24.2	0.4	NE	0.13	0.9	NE	24.6	26.9	26.9	26.3	1010.8	0.00	0.0	0	0.00	0	0.0	0.00	0.0	0.000	0.022	27.1	72	21.6	29.4	13.25	1.1434	0.00	117	1	100.0	5
25/10/19	1:15 a	24.6	24.6	24.5	98	24.3	0.4	NE	0.13	0.9	NE	24.6	27.1	27.1	26.4	1010.9	0.00	0.0	0	0.00	0	0.0	0.00	0.0	0.000	0.022	27.1	72	21.6	29.4	13.25	1.1435	0.00	117	1	100.0	5
25/10/19	1:20 a	24.6	24.6	24.6	98	24.2	0.0	NE	0.00	0.9	NE	24.6	26.9	26.9	26.3	1010.8	0.00	0.0	0	0.00	0	0.0	0.00	0.0	0.000	0.022	27.1	72	21.6	29.3	13.25	1.1437	0.00	116	1	100.0	5
25/10/19	1:25 a	24.6	24.6	24.5	98	24.2	0.4	NE	0.13	0.9	NE	24.6	26.9	26.9	26.3	1010.8	0.00	0.0	0	0.00	0	0.0	0.00	0.0	0.000	0.022	27.1	72	21.6	29.3	13.25	1.1437	0.00	116	1	100.0	5
25/10/19	1:30 a	24.6	24.6	24.6	98	24.3	0.0	NE	0.00	0.4	NE	24.6	27.1	27.1	26.4	1010.7	0.00	0.0	0	0.00	0	0.0	0.00	0.0	0.000	0.022	27.1	72	21.6	29.3	13.25	1.1436	0.00	113	1	99.1	5
25/10/19	1:35 a	24.6	24.6	24.6	97	24.1	0.4	NE	0.13	0.9	NE	24.6	26.9	26.9	26.3	1010.6	0.00	0.0	0	0.00	0	0.0	0.00	0.0	0.000	0.022	27.0	72	21.5	29.2	13.25	1.1438	0.00	115	1	100.0	5
25/10/19	1:40 a	24.6	24.6	24.6	98	24.3	0.4	NE	0.13	1.3	NE	24.6	27.1	27.1	26.4	1010.7	0.00	0.0	0	0.00	0	0.0	0.00	0.0	0.000	0.022	27.0	72	21.5	29.2	13.25	1.1439	0.00	117	1	100.0	5
25/10/19	1:45 a	24.7	24.7	24.6	97	24.2	0.4	NE	0.13	1.3	NE	24.7	27.1	27.1	26.4	1010.6	0.00	0.0	0	0.00	0	0.0	0.00	0.0	0.000	0.022	27.0	72	21.5	29.2	13.25	1.1438	0.00	117	1	100.0	5
25/10/19	1:50 a	24.6	24.6	24.5	97	24.0	0.4	NE	0.13	1.3	NE	24.6	26.9	26.9	26.3	1010.5	0.00	0.0	0	0.00	0	0.0	0.00	0.0	0.000	0.022	27.0	72	21.5	29.2	13.25	1.1437	0.00	117	1	100.0	5
25/10/19	1:55 a	24.6	24.6	24.5	97	24.0	0.4	NE	0.13	0.9	NE	24.6	26.9	26.9	26.3	1010.6	0.00	0.0	0	0.00	0	0.0	0.00	0.0	0.000	0.022	27.1	72	21.6	29.3	13.25	1.1435	0.00	117	1	100.0	5
25/10/19	2:00 a	24.5	24.6	24.5	98	24.2	0.4	NE	0.13	0.9	NE	24.5	26.8	26.8	26.2	1010.6	0.00	0.0	0	0.00	0	0.0	0.00	0.0	0.000	0.021	27.0	72	21.5	29.2	13.25	1.1439	0.00	115	1	100.0	5
25/10/19	2:05 a	24.5	24.6	24.5	98	24.2	0.4	NE	0.13	1.3	SSE	24.5	26.8	26.8	26.2	1010.6	0.00	0.0	0	0.00	0	0.0	0.00	0.0	0.000	0.021	27.0	72	21.5	29.2	13.25	1.1439	0.00	115	1	100.0	5
25/10/19	2:10 a	24.5	24.6	24.5	98	24.2	0.4	SSE	0.13	0.9	SSE	24.5	26.8	26.8	26.2	1010.5	0.00	0.0	0	0.00	0	0.0	0.00	0.0	0.000	0.021	27.0	72	21.5	29.2	13.25	1.1437	0.00	116	1	100.0	5
25/10/19	2:15 a	24.4	24.5	24.4	98	24.1	0.4	SE	0.13	1.3	SE	24.4	26.7	26.7	26.1	1010.5	0.00	0.0	0	0.00	0	0.0	0.00	0.0	0.000	0.021	27.0	72	21.5	29.2	13.25	1.1437	0.00	117	1	100.0	5
25/10/19	2:20 a	24.4	24.4	24.4	98	24.1	0.0	SE	0.00	0.4	SE	24.4	26.7	26.7	26.1	1010.5	0.00	0.0	0	0.00	0	0.0	0.00	0.0	0.000	0.021	26.9	72	21.5	29.1	13.25	1.1440	0.00	117	1	100.0	5
25/10/19	2:25 a	24.4	24.4	24.4	98	24.1	0.4	SE	0.13	0.9	SE	24.4	26.7	26.7	26.1	1010.4	0.00	0.0	0	0.00	0	0.0	0.00	0.0	0.000	0.021	26.9	72	21.5	29.1	13.25	1.1439	0.00	117	1	100.0	5
25/10/19	2:30 a	24.4	24.4	24.4	98	24.1	0.4	SE	0.13	0.9	SE	24.4	26.7	26.7	26.1	1010.4	0.00	0.0	0	0.00	0	0.0	0.00	0.0	0.000	0.021	26.9	72	21.5	29.1	13.25	1.1439	0.00	117	1	100.0	5
25/10/19	2:35 a	24.4	24.4	24.4	98	24.1	0.0	SE	0.00	0.9	SE	24.4	26.7	26.7	26.1	1010.5	0.00	0.0	0	0.00	0	0.0	0.00	0.0	0.000	0.021	26.9	72	21.5	29.1	13.25	1.1440	0.00	114	1	100.0	5
25/10/19	2:40 a	24.3	24.4	24.3	98	24.0	0.4	SE	0.13	0.9	SE	24.3	26.6	26.6	25.9	1010.4	0.00	0.0	0	0.00	0	0.0	0.00	0.0	0.000	0.021	26.9	72	21.5	29.1	13.25	1.1439	0.00	114	1	100.0	5
25/10/19	2:45 a	24.3	24.3	24.2	98	23.9	0.4	SE	0.13	0.9	SE	24.3	26.4	26.4	25.8	1010.3	0.00	0.0	0	0.00	0	0.0	0.00	0.0	0.000	0.021	26.9	72	21.5	29.1	13.25	1.1438	0.00	114	1	100.0	5
25/10/19	2:50 a	24.3	24.3	24.2	98	23.9	0.4	SE	0.13	0.9	SE	24.3	26.4	26.4	25.8	1010.3	0.00	0.0	0	0.00	0	0.0	0.00	0.0	0.000	0.021	26.9	72	21.5	29.1	13.25	1.1437	0.00	116	1	100.0	5
25/10/19	2:55 a	24.3	24.3	24.2	98	23.9	0.4	SE	0.13	0.9	SE	24.3	26.4	26.4	25.8	1010.2	0.00	0.0	0	0.00	0	0.0	0.00	0.0	0.000	0.021	26.9	72	21.5	29.1	13.25	1.1436	0.00	116	1	100.0	5
25/10/19	3:00 a	24.3	24.3	24.3	98	23.9	0.4	SE	0.13	0.9	SE	24.3	26.4	26.4	25.8	1010.2	0.00	0.0	0	0.00	0	0.0	0.00	0.0	0.000	0.021	26.9	72	21.5	29.1	13.25	1.1436	0.00	115	1	100.0	5
25/10/19	3:05 a	24.3	24.3	24.3	98	23.9	0.9	SE	0.27	1.3	E	24.3	26.4	26.4	25.8	1010.1	0.00	0.0	0	0.00	0	0.0	0.00	0.0	0.000	0.021	26.9	72	21.5	29.1	13.25	1.1435	0.00	117	1	100.0	5
25/10/19	3:10 a	24.3	24.3	24.3	98	23.9	0.9	E	0.27	1.3	E	24.3	26.4	26.4	25.8	1010.1	0.00	0.0	0	0.00	0	0.0	0.00	0.0	0.000	0.021	26.9	72	21.5	29.1	13.25	1.1435	0.00	115	1	100.0	5
25/10/19	3:15 a	24.2	24.3	24.2	98	23.9	0.4	E	0.13	0.9	E	24.2	26.4	26.4	25.8	1010.2	0.00	0.0	0	0.00	0	0.0	0.00	0.0	0.000	0.020	26.9	72	21.4	29.0	13.25	1.1440	0.00	113	1	99.1	5
25/10/19	3:20 a	24.2	24.3	24.2	98	23.9	0.4	E	0.13	0.9	E	24.2	26.4	26.4	25.8	1010.1	0.00	0.0	0	0.00	0	0.0	0.00	0.0	0.000	0.020	26.9	72	21.4	29.0	13.25	1.1439	0.00	114	1	100.0	5
25/10/19	3:25 a	24.2	24.3	24.2	98	23.9	0.4	E	0.13	0.9	E	24.2	26.4	26.4	25.8	1010.0	0.00	0.0	0	0.00	0	0.0	0.00	0.0	0.000	0.020	26.9	72	21.4	29.0	13.25	1.1438	0.00	116	1	100.0	5
25/10/19	3:30 a	24.2	24.2	24.2	98	23.9	0.4	E	0.13	0.9	E	24.2	26.4	26.4	25.8	1010.0	0.00	0.0	0	0.00	0	0.0	0.00	0.0	0.000	0.020	26.8	72	21.4	28.9	13.25	1.1440	0.00	117	1	100.0	5
25/10/19	3:35 a	24.2	24.2	24.2	98	23.9	0.0	E	0.00	0.4	E	24.2	26.4	26.4	25.8	1010.1	0.00	0.0	0	0.00	0	0.0	0.00	0.0	0.000	0.020	26.9	72	21.4	29.0	13.25	1.1438	0.00	117	1	100.0	5
25/10/19	3:40 a	24.2	24.3	24.2	98	23.9	0.0	E	0.00	0.9	E	24.2	26.4	26.4	25.8	1010.2	0.00	0.0	0	0.00	0	0.0	0.00	0.0	0.000	0.020	26.9	72	21.4	29.0	13.25	1.1439	0.00	117	1	100.0	5
25/10/19	3:45 a	24.2	24.2	24.2	98	23.8	0.0	E	0.00	0.4	E	24.2	26.3	26.3	25.7	1010.3	0.00	0.0	0	0.00	0	0.0	0.00	0.0	0.000	0.020	26.8	72	21.4	28.9	13.25	1.1444	0.00	114	1	100.0	5
25/10/19	3:50 a	24.2	24.2	24.2	98	23.9	0.0	E	0.00	0.4	E	24.2	26.4	26.4	25.8	1010.3	0.00	0.0	0	0.00	0	0.0	0.00	0.0	0.000	0.020	26.8	72	21.4	28.9	13.25	1.1444	0.00	114	1	100.0	5
25/10/19	3:55 a	24.2	24.2	24.2	98	23.8	0.0	---	0.00	0.0	---	24.2	26.3	26.3	25.7	1010.3	0.00	0.0	0	0.00	0	0.0	0.00	0.0	0.000	0.020	26.8	72	21.4	28.9	13.25	1.1444	0.00	117	1	100.0	5
25/10/19	4:00 a	24.2	24.2	24.2	98	23.8	0.0	---	0.00	0.0	---	24.2	26.3	26.3	25.7	1010.3	0.00	0.0	0	0.00	0	0.0	0.00	0.0	0.000	0.020	26.8	72	21.4	28.9	13.25	1.1444	0.00	117	1	100.0	5
25/10/19	4:05 a	24.0	24.2	24.0	98	23.7	0.0	E	0.00	0.9	E	24.0	26.1	26.1	25.4	1010.3	0.00	0.0	0	0.00	0	0.0	0.00	0.0	0.000	0.020	26.8	72	21.4	28.9	13.25	1.1444	0.00	117	1	100.0	5
25/10/19	4:10 a	23.9	24.0	23.9	98	23.6	0.4	E	0.13	0.9	E	23.9	25.8	25.8	25.2	1010.4	0.00	0.0	0	0.00	0	0.0	0.00	0.0	0.000	0.019	26.8	72	21.4	28.9	13.25	1.1445	0.00	117	1	100.0	5
25/10/19	4:15 a	24.0	24.0	23.9	98	23.7	0.0	E	0.00	0.9	E	24.0	26.1	26.1	25.4	1010.5	0.00	0.0	0	0.00	0	0.0	0.00	0.0	0.000	0.020	26.8	72	21.4	28.9	13.25	1.1447	0.00	118	1	100.0	5
25/10/19	4:20 a	24.0	24.1	24.0	98	23.7	0.0	E	0.00	0.9	E	24.0	26.1	26.1	25.4	1010.4	0.00	0.0	0	0.00	0	0.0	0.00	0.0	0.000	0.020	26.8	72	21.4	28.9	13.25	1.1445	0.00	113	1	99.1	5
25/10/19	4:25 a	24.1	24.1	24.0	98	23.7	0.0	E	0.00	0.4	E	24.1	26.1	26.1	25.5	1010.4	0.00	0.0	0	0.00	0	0.0	0.00	0.0	0.000	0.020	26.8	72	21.4	28.9	13.25	1.1445	0.00	115	1	100.0	5
25/10/19	4:30 a	24.0	24.1	24.0	98	23.7	0.0	E	0.00	0.4	E	24.0	26.1	26.1	25.4	1010.5	0.00	0.0	0	0.00	0	0.0	0.00	0.0	0.000	0.020	26.8	72	21.4	28.9	13.25	1.1446	0.00	117	1	100.0	5
25/10/19	4:35 a	24.1	24.1	24.0	98	23.7	0.4	E	0.13	0.9	E	24.1	26.1	26.1	25.5	1010.6	0.00	0.0	0	0.00	0	0.0	0.00	0.0	0.000	0.020	26.8	72	21.3	28.8	13.25	1.1450	0.00	117	1	100.0	5
25/10/19	4:40 a	24.0	24.1	24.0	98	23.7	0.4	E	0.13	0.9	E	24.0	26.1	26.1	25.4	1010.7	0.00	0.0	0	0.00	0	0.0	0.00	0.0	0.000	0.020	26.8	72	21.3	28.8	13.25	1.1451	0.00	117	1	100.0	5
25/10/19	4:45 a	24.0	24.0	23.9	98	23.7	0.0	---	0.00	0.0	---	24.0	26.1	26.1	25.4	1010.8	0.00	0.0	0	0.00	0	0.0	0.00	0.0	0.000	0.020	26.8	72	21.3	28.8	13.25	1.1453	0.00	117	1	100.0	5
25/10/19	4:50 a	24.0	24.0	23.9	98	23.7	0.0	E	0.00	0.4	E	24.0	26.1	26.1	25.4	1010.8	0.00	0.0	0	0.00	0	0.0	0.00	0.0	0.000	0.020	26.8	72	21.3	28.8	13.25	1.1453	0.00	116	1	100.0	5
25/10/19	4:55 a	23.9	24.0	23.9	98	23.6	0.0	E	0.00	0.4	E	23.9	25.9	25.9	25.3	1010.8	0.00	0.0	0	0.00	0	0.0	0.00	0.0	0.000	0.019	26.8	72	21.3	28.8	13.25	1.1453	0.00	115	1	100.0	5
25/10/19	5:00 a	23.9	24.0	23.9	98	23.6	0.0	E	0.00	0.4	E	23.9	25.9	25.9	25.3	1010.9	0.00	0.0	0	0.00	0	0.0	0.00	0.0	0.000	0.019	26.7	72	21.3	28.7	13.25	1.1457	0.00	115	1	100.0	5
25/10/19	5:05 a	24.0	24.0	23.9	98	23.7	0.0	E	0.00	0.4	E	24.0	26.1	26.1	25.4	1011.0	0.00	0.0	0	0.00	0	0.0	0.00	0.0	0.000	0.020	26.7	72	21.3	28.7	13.25	1.1458	0.00	117	1	100.0	5
25/10/19	5:10 a	24.0	24.1	24.0	98	23.7	0.4	E	0.13	0.9	E	24.0	26.1	26.1	25.4	1011.1	0.00	0.0	0	0.00	0	0.0	0.00	0.0	0.000	0.020	26.7	72	21.3	28.7	13.25	1.1459	0.00	117	1	100.0	5
25/10/19	5:15 a	24.0	24.1	24.0	98	23.7	0.4	E	0.13	0.9	E	24.0	26.1	26.1	25.4	1011.0	0.00	0.0	0	0.00	0	0.0	0.00	0.0	0.000	0.020	26.7	72	21.3	28.7	13.25	1.1459	0.00	116	1	100.0	5
25/10/19	5:20 a	24.0	24.0	23.9	98	23.7	0.4	E	0.13	0.9	E	24.0	26.1	26.1	25.4	1011.0	0.00	0.0	0	0.00	0	0.0	0.00	0.0	0.000	0.020	26.7	72	21.3	28.7	13.25	1.1459	0.00	118	1	100.0	5
25/10/19	5:25 a	23.9	24.0	23.9	98	23.6	0.0	E	0.00	0.4	E	23.9	25.9	25.9	25.3	1011.0	0.00	0.0	0	0.00	0	0.0	0.00	0.0	0.000	0.019	26.7	72	21.3	28.7	13.25	1.1459	0.00	116	1	100.0	5
25/10/19	5:30 a	24.0	24.0	23.9	98	23.7	0.0	E	0.00	0.4	E	24.0	26.1	26.1	25.4	1011.0	0.00	0.0	0	0.00	0	0.0	0.00	0.0	0.000	0.020	26.7	72	21.2	28.6	13.25	1.1462	0.00	114	1	100.0	5
25/10/19	5:35 a	23.9	24.0	23.9	98	23.6	0.0	---	0.00	0.0	---	23.9	25.9	25.9	25.3	1011.1	0.00	0.0	0	0.00	0	0.0	0.00	0.0	0.000	0.019	26.7	72	21.3	28.7	13.25	1.1460	0.00	116	1	100.0	5
25/10/19	5:40 a	23.9	24.0	23.9	98	23.6	0.0	E	0.00	0.4	E	23.9	25.9	25.9	25.3	1011.1	0.00	0.0	0	0.00	0	0.0	0.00	0.0	0.000	0.019	26.7	72	21.2	28.6	13.25	1.1463	0.00	117	1	100.0	5
25/10/19	5:45 a	23.9	24.0	23.9	98	23.6	0.0	E	0.00	0.9	E	23.9	25.9	25.9	25.3	1011.1	0.00	0.0	0	0.00	0	0.0	0.00	0.0	0.000	0.019	26.7	72	21.2	28.6	13.25	1.1463	0.00	117	1	100.0	5
25/10/19	5:50 a	23.9	23.9	23.8	98	23.6	0.0	E	0.00	0.4	E	23.9	25.9	25.9	25.3	1011.1	0.00	0.0	0	0.00	0	0.0	0.00	0.0	0.000	0.019	26.7	72	21.2	28.6	13.25	1.1463	0.00	117	1	100.0	5
25/10/19	5:55 a	23.8	23.9	23.8	98	23.5	0.0	E	0.00	0.9	E	23.8	25.8	25.8	25.2	1011.2	0.00	0.0	0	0.00	0	0.0	0.00	0.0	0.000	0.019	26.6	72	21.1	28.5	13.26	1.1467	0.00	117	1	100.0	5
25/10/19	6:00 a	23.9	23.9	23.8	98	23.6	0.0	E	0.00	0.4	E	23.9	25.8	25.8	25.3	1011.2	0.00	0.0	3	0.02	5	0.0	0.00	0.0	0.000	0.019	26.6	70	20.7	28.3	12.85	1.1475	0.00	115	1	100.0	5
25/10/19	6:05 a	23.8	23.9	23.8	98	23.5	0.0	---	0.00	0.0	---	23.8	25.8	25.8	25.3	1011.1	0.00	0.0	7	0.05	9	0.0	0.00	0.0	0.000	0.019	26.4	62	18.6	27.2	11.16	1.1515	0.00	114	1	100.0	5
25/10/19	6:10 a	23.7	23.8	23.7	98	23.4	0.4	E	0.13	0.9	E	23.7	25.6	25.6	25.2	1011.4	0.00	0.0	12	0.09	14	0.0	0.00	0.0	0.000	0.019	26.2	54	16.2	26.4	9.77	1.1561	0.00	116	1	100.0	5
25/10/19	6:15 a	23.7	23.7	23.7	98	23.4	0.4	E	0.13	0.9	E	23.7	25.6	25.6	25.2	1011.3	0.00	0.0	17	0.12	19	0.0	0.00	0.0	0.000	0.019	25.8	49	14.3	25.8	8.98	1.1600	0.00	116	1	100.0	5
25/10/19	6:20 a	23.7	23.7	23.7	99	23.6	0.0	E	0.00	0.9	E	23.7	25.6	25.6	25.2	1011.4	0.00	0.0	19	0.14	21	0.0	0.00	0.0	0.000	0.019	25.5	53	15.2	25.6	9.65	1.1603	0.00	117	1	100.0	5
25/10/19	6:25 a	23.8	23.8	23.7	99	23.6	0.0	E	0.00	0.4	E	23.8	25.7	25.7	25.4	1011.6	0.00	0.0	22	0.16	23	0.0	0.00	0.0	0.000	0.019	25.4	57	16.3	25.6	10.24	1.1595	0.00	118	1	100.0	5
25/10/19	6:30 a	23.8	23.9	23.8	98	23.5	0.0	---	0.00	0.0	---	23.8	25.8	25.8	25.5	1011.9	0.00	0.0	26	0.19	28	0.0	0.00	0.0	0.000	0.019	25.3	53	15.0	25.3	9.65	1.1619	0.00	117	1	100.0	5
25/10/19	6:35 a	23.9	23.9	23.8	98	23.6	0.0	E	0.00	0.4	E	23.9	25.9	25.9	26.2	1012.0	0.00	0.0	64	0.46	76	0.0	0.00	0.0	0.000	0.019	25.1	57	16.0	25.3	10.26	1.1614	0.00	116	1	100.0	5
25/10/19	6:40 a	24.2	24.2	23.9	99	24.0	0.0	---	0.00	0.0	---	24.2	26.3	26.3	26.9	1012.0	0.00	0.0	87	0.62	95	0.0	0.00	0.0	0.000	0.020	25.1	55	15.4	25.2	9.97	1.1625	0.00	114	1	100.0	5
25/10/19	6:45 a	24.3	24.4	24.1	98	24.0	0.0	E	0.00	0.9	E	24.3	26.6	26.6	27.2	1012.1	0.00	0.0	88	0.63	104	0.0	0.00	0.0	0.000	0.021	24.9	53	14.7	25.0	9.65	1.1638	0.00	116	1	100.0	5
25/10/19	6:50 a	24.6	24.6	24.3	98	24.3	0.0	E	0.00	0.9	E	24.6	27.1	27.1	28.1	1012.0	0.00	0.0	120	0.86	132	0.0	0.00	0.0	0.000	0.022	24.8	57	15.7	25.0	10.28	1.1628	0.00	117	1	100.0	5
25/10/19	6:55 a	24.9	24.9	24.6	97	24.4	0.0	E	0.00	0.9	E	24.9	27.5	27.5	28.8	1012.0	0.00	0.0	143	1.02	151	0.1	0.00	0.5	0.000	0.023	24.8	56	15.5	25.0	10.18	1.1632	0.00	117	1	100.0	5
25/10/19	7:00 a	25.2	25.2	24.9	95	24.4	0.4	E	0.13	0.9	E	25.2	27.9	27.9	29.5	1012.0	0.00	0.0	161	1.15	169	0.5	0.02	0.5	0.000	0.024	24.8	56	15.4	24.9	10.19	1.1635	0.05	116	1	100.0	5
25/10/19	7:05 a	25.4	25.4	25.2	95	24.6	0.4	E	0.13	0.9	E	25.4	28.4	28.4	30.3	1012.0	0.00	0.0	180	1.29	188	0.6	0.02	0.6	0.000	0.025	24.7	59	16.2	24.9	10.69	1.1627	0.00	117	1	100.0	5
25/10/19	7:10 a	25.7	25.7	25.4	94	24.7	0.9	E	0.27	1.3	E	25.7	28.9	28.9	31.0	1012.0	0.00	0.0	197	1.41	204	0.7	0.03	0.7	0.000	0.026	24.7	55	15.0	24.8	9.99	1.1644	0.00	115	1	100.0	5
25/10/19	7:15 a	25.9	25.9	25.7	94	24.8	0.9	SSE	0.27	1.8	SSE	25.9	29.3	29.3	31.6	1012.0	0.00	0.0	213	1.53	220	0.8	0.03	0.8	0.000	0.026	24.7	58	15.8	24.9	10.49	1.1634	0.00	114	1	100.0	5
25/10/19	7:20 a	26.0	26.1	25.9	93	24.8	0.9	S	0.27	2.2	SSE	26.0	29.4	29.4	32.0	1012.1	0.00	0.0	233	1.67	239	0.9	0.03	0.9	0.000	0.027	24.7	55	15.0	24.8	9.99	1.1645	0.00	117	1	100.0	5
25/10/19	7:25 a	26.1	26.1	26.0	93	24.9	0.9	SSW	0.27	2.2	SSW	26.1	29.7	29.7	32.4	1012.0	0.00	0.0	247	1.77	251	1.0	0.04	1.1	0.000	0.027	24.6	57	15.5	24.8	10.30	1.1640	0.00	117	1	100.0	5
25/10/19	7:30 a	26.3	26.3	26.2	92	24.9	0.9	SSW	0.27	2.2	SSE	26.3	29.9	29.9	33.0	1012.1	0.00	0.0	267	1.91	278	1.2	0.04	1.2	0.000	0.028	24.6	58	15.8	24.8	10.50	1.1637	0.00	118	1	100.0	5
25/10/19	7:35 a	26.5	26.5	26.3	92	25.1	0.9	SSW	0.27	2.2	SSE	26.5	30.5	30.5	33.9	1012.1	0.00	0.0	290	2.08	299	1.3	0.05	1.4	0.000	0.028	24.6	56	15.2	24.7	10.20	1.1648	0.00	116	1	100.0	5
25/10/19	7:40 a	26.8	26.8	26.5	91	25.2	0.9	SSE	0.27	2.2	S	26.8	31.0	31.0	34.7	1012.3	0.00	0.0	311	2.23	322	1.5	0.05	1.6	0.000	0.029	24.6	59	16.0	24.8	10.70	1.1639	0.00	117	1	100.0	5
25/10/19	7:45 a	26.8	26.8	26.8	91	25.2	1.3	SW	0.40	3.1	SSW	26.8	31.2	31.2	35.1	1012.2	0.00	0.0	331	2.37	338	1.7	0.06	1.7	0.000	0.030	24.6	55	14.9	24.7	10.00	1.1653	0.00	114	1	100.0	5
25/10/19	7:50 a	27.0	27.0	26.8	89	25.0	1.3	SSE	0.40	2.7	SE	27.0	31.3	31.3	35.4	1012.4	0.00	0.0	346	2.48	352	1.8	0.06	1.9	0.000	0.030	24.5	58	15.7	24.7	10.51	1.1647	0.00	114	1	100.0	5
25/10/19	7:55 a	27.1	27.1	27.0	89	25.1	1.3	SSE	0.40	3.1	S	27.1	31.4	31.4	35.8	1012.5	0.00	0.0	369	2.64	380	2.0	0.07	2.1	0.000	0.030	24.5	56	15.1	24.7	10.21	1.1655	0.00	116	1	100.0	5
25/10/19	8:00 a	27.2	27.2	27.1	89	25.2	0.9	SSE	0.27	2.2	SSW	27.2	31.8	31.8	36.6	1012.5	0.00	0.0	393	2.82	397	2.2	0.08	2.3	0.000	0.031	24.4	57	15.4	24.6	10.31	1.1655	0.18	116	1	100.0	5
25/10/19	8:05 a	27.3	27.3	27.2	89	25.4	1.3	SSW	0.40	2.7	S	27.3	32.1	32.1	41.2	1012.6	0.00	0.0	387	2.77	396	2.3	0.08	2.5	0.000	0.031	24.5	58	15.7	24.7	10.51	1.1650	0.00	117	1	100.0	5
25/10/19	8:10 a	27.6	27.6	27.3	87	25.3	1.3	SSW	0.40	2.7	SSW	27.6	32.6	32.6	42.0	1012.8	0.00	0.0	412	2.95	429	2.7	0.10	2.7	0.000	0.032	24.4	56	15.1	24.6	10.21	1.1661	0.00	117	1	100.0	5
25/10/19	8:15 a	27.4	27.7	27.4	87	25.0	0.9	SSW	0.27	4.0	WSW	27.4	32.0	32.0	36.3	1012.8	0.00	0.0	214	1.53	392	2.0	0.07	2.1	0.000	0.031	24.4	59	15.9	24.7	10.71	1.1651	0.00	117	1	100.0	5
25/10/19	8:20 a	27.1	27.4	27.1	87	24.8	1.3	SSW	0.40	2.7	SSW	27.1	31.3	31.3	34.3	1012.9	0.00	0.0	139	1.00	160	2.0	0.07	2.1	0.000	0.030	24.4	56	15.1	24.6	10.21	1.1663	0.00	113	1	99.1	5
25/10/19	8:25 a	27.0	27.1	26.9	88	24.8	0.9	S	0.27	2.2	SSE	27.0	31.2	31.2	34.7	1012.8	0.00	0.0	169	1.21	214	2.0	0.07	2.8	0.000	0.030	24.4	59	15.9	24.7	10.71	1.1651	0.00	115	1	100.0	5
25/10/19	8:30 a	27.4	27.4	27.0	88	25.2	0.9	SSW	0.27	2.7	W	27.4	32.2	32.2	35.9	1013.0	0.00	0.0	183	1.31	211	2.9	0.10	3.6	0.000	0.031	24.4	56	15.1	24.6	10.21	1.1664	0.00	117	1	100.0	5
25/10/19	8:35 a	28.0	28.0	27.4	85	25.2	1.3	SSE	0.40	2.2	S	28.0	33.3	33.3	37.4	1013.0	0.00	0.0	203	1.46	223	3.4	0.12	3.7	0.000	0.034	24.5	59	16.0	24.7	10.71	1.1650	0.00	118	1	100.0	5
25/10/19	8:40 a	28.1	28.3	28.1	84	25.1	1.3	SSW	0.40	2.2	SSE	28.1	33.3	33.3	37.9	1013.0	0.00	0.0	238	1.71	253	2.5	0.09	3.3	0.000	0.034	24.4	55	14.8	24.6	10.01	1.1668	0.00	117	1	100.0	5
25/10/19	8:45 a	27.7	28.1	27.7	86	25.1	1.3	SSW	0.40	3.6	SSE	27.7	32.6	32.6	37.1	1013.0	0.00	0.0	235	1.68	248	2.3	0.08	2.4	0.000	0.032	24.4	58	15.6	24.7	10.51	1.1657	0.00	117	1	100.0	5
25/10/19	8:50 a	27.6	27.7	27.5	86	25.1	1.3	SW	0.40	2.7	S	27.6	32.4	32.4	36.9	1013.1	0.00	0.0	236	1.69	250	2.4	0.09	2.6	0.000	0.032	24.4	56	15.1	24.6	10.21	1.1666	0.00	115	1	100.0	5
25/10/19	8:55 a	27.5	27.7	27.5	86	24.9	0.9	SW	0.27	2.7	SW	27.5	32.2	32.2	36.3	1013.1	0.00	0.0	225	1.61	243	2.3	0.08	2.4	0.000	0.032	24.4	58	15.6	24.6	10.51	1.1661	0.00	115	1	100.0	5
25/10/19	9:00 a	27.6	27.7	27.5	86	25.1	0.9	W	0.27	2.2	WSW	27.6	32.4	32.4	37.4	1013.1	0.00	0.0	282	2.02	308	3.1	0.11	3.9	0.000	0.032	24.4	56	15.0	24.6	10.21	1.1668	0.15	115	1	100.0	5
25/10/19	9:05 a	28.0	28.1	27.7	85	25.2	0.9	SW	0.27	1.8	SW	28.0	33.3	33.3	37.3	1013.2	0.00	0.0	222	1.59	287	3.8	0.14	5.2	0.000	0.034	24.4	58	15.6	24.6	10.51	1.1662	0.00	117	1	100.0	5
25/10/19	9:10 a	28.0	28.1	27.9	85	25.2	1.3	SSW	0.40	3.1	SSW	28.0	33.3	33.3	37.6	1013.1	0.00	0.0	248	1.78	292	3.9	0.14	5.7	0.000	0.034	24.4	57	15.4	24.6	10.31	1.1662	0.00	117	1	100.0	5
25/10/19	9:15 a	28.4	28.4	28.1	85	25.7	0.9	S	0.27	3.1	WSW	28.4	34.5	34.5	38.7	1013.2	0.00	0.0	241	1.73	272	4.8	0.17	5.9	0.000	0.035	24.4	58	15.6	24.7	10.51	1.1659	0.00	117	1	100.0	5
25/10/19	9:20 a	28.7	28.7	28.5	83	25.5	1.3	SSW	0.40	3.1	WSW	28.7	34.7	34.7	39.1	1013.2	0.00	0.0	261	1.87	330	6.0	0.21	6.0	0.000	0.036	24.4	57	15.4	24.6	10.31	1.1663	0.00	117	1	100.0	5
25/10/19	9:25 a	29.0	29.0	28.7	83	25.8	0.9	WSW	0.27	2.2	SW	29.0	35.6	35.6	43.4	1013.3	0.00	0.0	569	4.08	664	6.2	0.22	6.4	0.000	0.037	24.4	58	15.6	24.7	10.51	1.1660	0.00	116	1	100.0	5
25/10/19	9:30 a	29.3	29.3	29.0	81	25.7	1.3	SW	0.40	2.7	W	29.3	35.9	35.9	45.6	1013.3	0.00	0.0	716	5.13	737	6.6	0.24	6.7	0.000	0.038	24.5	56	15.1	24.7	10.21	1.1665	0.00	114	1	100.0	5
25/10/19	9:35 a	29.4	29.4	29.3	81	25.8	1.3	WSW	0.40	3.6	WSW	29.4	36.3	36.3	45.9	1013.4	0.00	0.0	741	5.31	744	6.8	0.24	6.9	0.000	0.038	24.5	57	15.4	24.7	10.31	1.1662	0.00	116	1	100.0	5
25/10/19	9:40 a	29.5	29.7	29.4	80	25.7	0.9	WSW	0.27	2.7	SSE	29.5	36.3	36.3	45.7	1013.4	0.00	0.0	740	5.30	742	7.0	0.25	7.1	0.000	0.039	24.6	56	15.2	24.7	10.20	1.1663	0.00	118	1	100.0	5
25/10/19	9:45 a	29.2	29.5	29.2	81	25.6	1.3	WSW	0.40	2.7	SSW	29.2	35.8	35.8	45.0	1013.4	0.00	0.0	754	5.40	766	7.3	0.26	7.4	0.000	0.038	24.5	55	14.9	24.6	10.01	1.1669	0.00	117	1	100.0	5
25/10/19	9:50 a	29.6	29.6	29.3	80	25.8	0.9	SW	0.27	3.1	W	29.6	36.6	36.6	45.7	1013.4	0.00	0.0	769	5.51	788	7.5	0.27	7.7	0.000	0.039	24.6	57	15.5	24.7	10.30	1.1660	0.00	117	1	100.0	5
25/10/19	9:55 a	29.4	29.6	29.4	81	25.8	1.3	SW	0.40	3.1	WSW	29.4	36.4	36.4	45.4	1013.3	0.00	0.0	781	5.60	805	7.6	0.27	7.9	0.000	0.039	24.6	55	14.9	24.7	10.00	1.1665	0.00	117	1	100.0	5
25/10/19	10:00 a	29.3	29.4	29.3	82	25.9	1.3	SSW	0.40	3.6	S	29.3	36.3	36.3	45.0	1013.3	0.00	0.0	780	5.59	782	7.6	0.27	8.0	0.000	0.038	24.6	57	15.5	24.7	10.30	1.1658	0.38	115	1	100.0	5
25/10/19	10:05 a	29.8	29.8	29.4	81	26.2	0.9	SW	0.27	3.1	S	29.8	37.6	37.6	46.2	1013.2	0.00	0.0	791	5.67	802	7.9	0.28	8.3	0.000	0.040	24.5	55	14.9	24.6	10.01	1.1667	0.00	114	1	100.0	5
25/10/19	10:10 a	29.8	30.1	29.8	80	26.0	1.8	SSW	0.54	3.6	W	29.8	37.3	37.3	45.7	1013.1	0.00	0.0	803	5.76	805	8.4	0.30	8.5	0.000	0.040	24.6	56	15.2	24.7	10.20	1.1659	0.00	116	1	100.0	5
25/10/19	10:15 a	30.1	30.1	29.7	80	26.2	0.9	WSW	0.27	2.7	SW	30.1	37.9	37.9	46.1	1013.0	0.00	0.0	809	5.80	812	8.6	0.31	8.7	0.000	0.041	24.5	56	15.1	24.7	10.21	1.1661	0.00	117	1	100.0	5
25/10/19	10:20 a	30.1	30.2	30.1	79	26.1	0.9	W	0.27	3.1	W	30.1	37.8	37.8	45.9	1012.9	0.00	0.0	821	5.88	828	8.8	0.31	8.9	0.000	0.041	24.6	56	15.2	24.7	10.20	1.1657	0.00	117	1	100.0	5
25/10/19	10:25 a	30.0	30.1	30.0	79	26.0	1.8	SW	0.54	3.1	SSE	30.0	37.4	37.4	45.4	1012.9	0.00	0.0	833	5.97	838	9.0	0.32	9.0	0.000	0.041	24.5	56	15.1	24.7	10.21	1.1660	0.00	117	1	100.0	5
25/10/19	10:30 a	29.9	30.0	29.8	79	25.9	1.8	SSW	0.54	3.1	SW	29.9	37.3	37.3	45.3	1012.8	0.00	0.0	856	6.14	875	8.9	0.32	9.3	0.000	0.040	24.5	56	15.1	24.7	10.21	1.1659	0.00	117	1	100.0	5
25/10/19	10:35 a	30.0	30.0	29.8	79	26.0	1.3	SSW	0.40	2.7	W	30.0	37.4	37.4	45.7	1012.8	0.00	0.0	901	6.46	921	8.5	0.30	9.4	0.000	0.041	24.5	56	15.1	24.7	10.21	1.1659	0.00	115	1	100.0	5
25/10/19	10:40 a	29.9	30.1	29.9	80	26.1	1.3	WSW	0.40	4.0	WSW	29.9	37.6	37.6	45.4	1012.7	0.00	0.0	870	6.24	875	9.5	0.34	9.5	0.000	0.040	24.6	55	14.9	24.7	10.00	1.1658	0.00	114	1	100.0	5
25/10/19	10:45 a	30.7	30.7	29.9	79	26.6	0.9	W	0.27	3.6	WSW	30.7	39.5	39.5	47.2	1012.6	0.00	0.0	874	6.26	881	9.6	0.34	9.7	0.000	0.043	24.6	56	15.2	24.7	10.20	1.1654	0.00	117	1	100.0	5
25/10/19	10:50 a	30.7	30.7	30.6	77	26.2	1.8	WSW	0.54	4.0	WSW	30.7	38.9	38.9	46.4	1012.4	0.00	0.0	878	6.29	884	9.8	0.35	9.9	0.000	0.043	24.6	53	14.3	24.6	9.65	1.1662	0.00	117	1	100.0	5
25/10/19	10:55 a	30.4	30.7	30.4	78	26.2	1.8	SW	0.54	4.0	WSW	30.4	38.5	38.5	45.9	1012.2	0.00	0.0	880	6.31	882	9.9	0.35	9.9	0.000	0.042	24.6	55	14.9	24.7	10.00	1.1652	0.00	116	1	100.0	5
25/10/19	11:00 a	30.4	30.4	30.4	76	25.7	1.8	WSW	0.54	3.6	S	30.4	37.9	37.9	45.2	1012.1	0.00	0.0	884	6.34	888	10.0	0.36	10.1	0.000	0.042	24.6	54	14.7	24.7	9.82	1.1652	0.56	117	1	100.0	5
25/10/19	11:05 a	30.5	30.6	30.4	75	25.6	2.2	S	0.67	4.5	S	30.5	37.8	37.8	44.8	1012.0	0.00	0.0	882	6.32	884	10.1	0.36	10.2	0.000	0.042	24.6	55	15.0	24.7	10.00	1.1648	0.00	117	1	100.0	5
25/10/19	11:10 a	30.7	30.7	30.5	76	25.9	1.8	SW	0.54	3.6	SSW	30.7	38.6	38.6	45.5	1011.9	0.00	0.0	886	6.35	888	10.2	0.36	10.3	0.000	0.043	24.7	53	14.4	24.7	9.65	1.1650	0.00	115	1	100.0	5
25/10/19	11:15 a	30.5	30.7	30.4	74	25.3	1.8	SW	0.54	3.1	SW	30.5	37.5	37.5	44.3	1011.7	0.00	0.0	891	6.39	895	10.3	0.37	10.3	0.000	0.042	24.7	51	13.9	24.7	9.35	1.1656	0.00	114	1	100.0	5
25/10/19	11:20 a	30.9	30.9	30.6	75	26.0	1.3	SW	0.40	3.1	WSW	30.9	39.1	39.1	45.8	1011.5	0.00	0.0	897	6.43	900	10.5	0.38	10.5	0.000	0.044	24.6	55	15.0	24.7	10.00	1.1641	0.00	116	1	100.0	5
25/10/19	11:25 a	30.8	30.9	30.6	76	26.1	1.8	SSW	0.54	4.0	S	30.8	38.9	38.9	45.6	1011.4	0.00	0.0	900	6.45	902	10.2	0.36	10.6	0.000	0.043	24.7	51	13.9	24.7	9.35	1.1652	0.00	117	1	100.0	5
25/10/19	11:30 a	30.7	30.8	30.7	75	25.8	1.3	SSW	0.40	2.7	SW	30.7	38.4	38.4	44.9	1011.3	0.00	0.0	894	6.41	905	10.3	0.37	10.7	0.000	0.043	24.6	55	15.0	24.7	10.00	1.1640	0.00	116	1	100.0	5
25/10/19	11:35 a	30.8	30.8	30.7	74	25.7	1.8	SSW	0.54	3.6	W	30.8	38.4	38.4	45.1	1011.3	0.00	0.0	861	6.17	909	10.7	0.38	10.7	0.000	0.043	24.7	51	13.9	24.7	9.35	1.1651	0.00	116	1	100.0	5
25/10/19	11:40 a	30.9	31.0	30.8	72	25.3	1.3	SSW	0.40	3.1	WSW	30.9	38.2	38.2	44.6	1011.2	0.00	0.0	909	6.52	911	10.8	0.39	10.8	0.000	0.044	24.6	53	14.4	24.7	9.65	1.1646	0.00	117	1	100.0	5
25/10/19	11:45 a	31.2	31.2	30.9	72	25.6	1.3	SW	0.40	4.0	S	31.2	38.9	38.9	45.3	1011.0	0.00	0.0	911	6.53	912	10.8	0.39	10.8	0.000	0.045	24.7	52	14.2	24.7	9.52	1.1641	0.00	116	1	100.0	5
25/10/19	11:50 a	31.3	31.4	31.3	72	25.6	1.3	SW	0.40	3.1	WSW	31.3	39.1	39.1	45.4	1011.0	0.00	0.0	912	6.54	916	10.6	0.38	10.9	0.000	0.045	24.8	53	14.6	24.9	9.65	1.1632	0.00	111	1	97.4	5
25/10/19	11:55 a	31.2	31.3	31.2	72	25.6	1.3	SSW	0.40	2.7	S	31.2	38.9	38.9	45.1	1010.8	0.00	0.0	912	6.54	912	10.9	0.39	10.9	0.000	0.045	25.0	51	14.2	25.0	9.35	1.1629	0.00	109	1	95.6	5
25/10/19	12:00 p	31.3	31.5	31.2	70	25.1	1.8	SW	0.54	3.6	W	31.3	38.4	38.4	44.9	1010.7	0.00	0.0	911	6.53	912	10.8	0.39	10.9	0.000	0.045	25.0	54	15.0	25.1	9.81	1.1616	0.61	116	1	100.0	5
25/10/19	12:05 p	31.8	31.8	31.3	70	25.6	0.9	W	0.27	2.7	WNW	31.8	39.8	39.8	46.4	1010.6	0.00	0.0	913	6.54	914	10.9	0.39	10.9	0.000	0.047	25.4	52	14.8	25.4	9.50	1.1602	0.00	104	1	91.2	5
25/10/19	12:10 p	32.1	32.1	31.8	70	25.9	1.3	WSW	0.40	4.0	WSW	32.1	40.6	40.6	47.3	1010.4	0.00	0.0	912	6.54	914	10.8	0.39	10.9	0.000	0.048	25.5	51	14.6	25.5	9.35	1.1599	0.00	115	1	100.0	5
25/10/19	12:15 p	31.9	32.0	31.8	70	25.7	1.3	S	0.40	3.1	SSE	31.9	40.2	40.2	47.0	1010.6	0.00	0.0	912	6.54	912	10.8	0.39	10.8	0.000	0.047	25.7	52	15.1	25.8	9.48	1.1585	0.00	109	1	95.6	5
25/10/19	12:20 p	31.9	31.9	31.7	69	25.5	1.3	SSW	0.40	2.2	SSW	31.9	39.8	39.8	46.7	1010.4	0.00	0.0	910	6.52	911	10.7	0.38	10.7	0.000	0.047	25.8	48	13.9	25.6	8.88	1.1596	0.00	115	1	100.0	5
25/10/19	12:25 p	31.6	31.9	31.6	70	25.5	1.3	SSW	0.40	3.1	SSE	31.6	39.3	39.3	46.2	1010.3	0.00	0.0	908	6.51	911	10.6	0.38	10.7	0.000	0.046	25.7	47	13.5	25.4	8.69	1.1604	0.00	114	1	100.0	5
25/10/19	12:30 p	31.9	31.9	31.6	71	26.0	1.3	SW	0.40	3.1	SSW	31.9	40.7	40.7	47.7	1010.2	0.00	0.0	904	6.48	905	10.5	0.38	10.6	0.000	0.047	25.6	50	14.4	25.6	9.19	1.1594	0.00	115	1	100.0	5
25/10/19	12:35 p	32.1	32.1	31.9	70	25.9	1.3	SSW	0.40	3.1	WSW	32.1	40.8	40.8	47.8	1010.1	0.00	0.0	901	6.46	904	10.5	0.38	10.5	0.000	0.048	25.5	48	13.7	25.3	8.89	1.1606	0.00	117	1	100.0	5
25/10/19	12:40 p	32.0	32.2	31.9	71	26.1	1.3	WSW	0.40	4.0	WSW	32.0	40.8	40.8	47.9	1010.1	0.00	0.0	898	6.44	900	10.4	0.37	10.4	0.000	0.047	25.5	50	14.3	25.5	9.19	1.1599	0.00	116	1	100.0	5
25/10/19	12:45 p	32.3	32.3	31.9	71	26.4	0.9	W	0.27	3.1	W	32.3	41.8	41.8	49.0	1009.9	0.00	0.0	892	6.39	896	10.3	0.37	10.3	0.000	0.049	25.4	48	13.6	25.3	8.89	1.1607	0.00	116	1	100.0	5
25/10/19	12:50 p	32.2	32.4	32.2	69	25.8	1.3	W	0.40	3.1	WNW	32.2	40.6	40.6	47.7	1009.9	0.00	0.0	896	6.42	902	10.2	0.36	10.2	0.000	0.048	25.4	49	13.9	25.3	8.99	1.1602	0.00	117	1	100.0	5
25/10/19	12:55 p	32.1	32.2	31.9	71	26.2	0.9	SW	0.27	1.3	SW	32.1	41.2	41.2	48.3	1009.8	0.00	0.0	897	6.43	907	10.0	0.36	10.1	0.000	0.048	25.4	46	12.9	25.1	8.50	1.1615	0.00	117	1	100.0	5
25/10/19	1:00 p	32.3	32.4	32.2	68	25.6	0.9	WSW	0.27	2.2	SW	32.3	40.6	40.6	47.7	1009.7	0.00	0.0	887	6.36	891	9.9	0.35	10.0	0.000	0.048	25.4	49	13.9	25.3	9.00	1.1603	0.63	115	1	100.0	5
25/10/19	1:05 p	32.3	32.3	32.2	69	25.9	0.9	W	0.27	1.8	SSE	32.3	41.1	41.1	48.2	1009.6	0.00	0.0	894	6.41	896	9.8	0.35	9.9	0.000	0.049	25.4	46	12.9	25.1	8.50	1.1613	0.00	113	1	99.1	5
25/10/19	1:10 p	32.1	32.4	32.1	66	25.0	1.3	SSW	0.40	3.6	SW	32.1	39.4	39.4	46.5	1009.5	0.00	0.0	882	6.32	889	9.6	0.34	9.7	0.000	0.048	25.3	50	14.1	25.2	9.20	1.1603	0.00	114	1	100.0	5
25/10/19	1:15 p	32.2	32.2	32.1	71	26.3	0.9	W	0.27	2.7	WNW	32.2	41.5	41.5	48.8	1009.5	0.00	0.0	855	6.13	863	9.4	0.34	9.5	0.000	0.048	25.3	46	12.9	25.1	8.50	1.1615	0.00	114	1	100.0	5
25/10/19	1:20 p	32.2	32.6	32.2	67	25.3	1.3	SW	0.40	3.1	S	32.2	39.9	39.9	47.1	1009.4	0.00	0.0	853	6.11	860	9.3	0.33	9.3	0.000	0.048	25.3	48	13.5	25.1	8.90	1.1609	0.00	115	1	100.0	5
25/10/19	1:25 p	32.2	32.2	32.1	69	25.8	1.3	SSW	0.40	2.7	SSW	32.2	40.6	40.6	47.8	1009.3	0.00	0.0	852	6.11	860	9.0	0.32	9.1	0.000	0.048	25.3	47	13.2	25.1	8.70	1.1609	0.00	115	1	100.0	5
25/10/19	1:30 p	32.9	32.9	32.2	68	26.2	0.9	WSW	0.27	4.0	WSW	32.9	42.3	42.3	49.6	1009.1	0.00	0.0	826	5.92	833	8.8	0.31	8.8	0.000	0.051	25.3	44	12.1	24.9	8.20	1.1621	0.00	116	1	100.0	5
25/10/19	1:35 p	32.5	33.0	32.5	68	25.8	1.3	SW	0.40	3.6	WSW	32.5	41.2	41.2	48.4	1009.1	0.00	0.0	816	5.85	821	8.5	0.30	8.6	0.000	0.049	25.3	49	13.8	25.2	9.00	1.1602	0.00	116	1	100.0	5
25/10/19	1:40 p	32.6	32.6	32.4	66	25.4	1.8	W	0.54	3.6	W	32.6	40.8	40.8	48.0	1009.0	0.00	0.0	805	5.77	807	8.3	0.30	8.4	0.000	0.050	25.3	46	12.9	25.1	8.50	1.1609	0.00	117	1	100.0	5
25/10/19	1:45 p	32.4	32.7	32.4	67	25.5	0.9	SW	0.27	2.7	W	32.4	40.7	40.7	47.8	1008.9	0.00	0.0	792	5.68	796	8.1	0.29	8.2	0.000	0.049	25.2	47	13.1	25.0	8.70	1.1609	0.00	106	1	93.0	5
25/10/19	1:50 p	32.7	32.8	32.4	66	25.5	0.9	SW	0.27	3.1	WSW	32.7	41.1	41.1	48.2	1008.7	0.00	0.0	785	5.63	788	7.9	0.28	7.9	0.000	0.050	25.3	47	13.2	25.1	8.70	1.1602	0.00	110	1	96.5	5
25/10/19	1:55 p	32.6	32.7	32.4	68	25.9	0.9	SW	0.27	2.7	W	32.6	41.5	41.5	48.7	1008.6	0.00	0.0	773	5.54	784	7.6	0.27	7.7	0.000	0.050	25.3	46	12.8	25.0	8.50	1.1608	0.00	111	1	97.4	5
25/10/19	2:00 p	32.9	32.9	32.6	66	25.7	1.3	SW	0.40	3.1	W	32.9	41.6	41.6	48.7	1008.4	0.00	0.0	758	5.43	765	7.3	0.26	7.4	0.000	0.051	25.3	47	13.2	25.1	8.70	1.1598	0.58	118	1	100.0	5
25/10/19	2:05 p	32.8	32.9	32.7	64	25.1	1.3	W	0.40	3.1	W	32.8	40.6	40.6	47.7	1008.1	0.00	0.0	747	5.35	751	7.1	0.25	7.2	0.000	0.050	25.2	43	11.7	24.8	8.05	1.1616	0.00	117	1	100.0	5
25/10/19	2:10 p	32.7	32.8	32.7	65	25.3	1.3	SSW	0.40	3.6	W	32.7	40.7	40.7	47.7	1008.1	0.00	0.0	734	5.26	740	6.8	0.24	6.9	0.000	0.050	25.1	50	14.0	25.1	9.21	1.1595	0.00	115	1	100.0	5
25/10/19	2:15 p	32.7	32.9	32.7	64	25.0	1.3	WSW	0.40	2.2	S	32.7	40.3	40.3	47.3	1008.0	0.00	0.0	719	5.15	724	6.6	0.24	6.7	0.000	0.050	25.2	49	13.7	25.1	9.00	1.1592	0.00	115	1	100.0	5
25/10/19	2:20 p	32.4	32.8	32.4	63	24.4	0.9	SSW	0.27	2.2	SSW	32.4	39.1	39.1	45.9	1007.9	0.00	0.0	709	5.08	714	6.3	0.23	6.4	0.000	0.049	25.3	50	14.1	25.2	9.20	1.1584	0.00	110	1	96.5	5
25/10/19	2:25 p	32.6	32.6	32.4	65	25.2	0.9	W	0.27	2.7	W	32.6	40.4	40.4	47.2	1007.8	0.00	0.0	696	4.99	701	6.1	0.22	6.2	0.000	0.050	25.3	56	15.9	25.5	10.15	1.1557	0.00	106	1	93.0	5
25/10/19	2:30 p	32.7	32.8	32.6	65	25.2	1.3	S	0.40	3.1	W	32.7	40.6	40.6	47.3	1007.8	0.00	0.0	677	4.85	680	5.8	0.21	5.9	0.000	0.050	25.4	54	15.5	25.6	9.79	1.1559	0.00	102	1	89.5	5
25/10/19	2:35 p	32.6	32.6	32.4	65	25.2	1.3	SSW	0.40	2.2	SW	32.6	40.4	40.4	47.1	1007.7	0.00	0.0	666	4.77	671	5.6	0.20	5.7	0.000	0.050	25.5	54	15.5	25.6	9.79	1.1556	0.00	108	1	94.7	5
25/10/19	2:40 p	32.8	32.8	32.4	66	25.6	0.9	S	0.27	2.7	S	32.8	41.4	41.4	48.0	1007.6	0.00	0.0	652	4.67	656	5.3	0.19	5.4	0.000	0.050	25.6	53	15.3	25.7	9.65	1.1552	0.00	110	1	96.5	5
25/10/19	2:45 p	32.6	32.9	32.6	64	24.9	1.3	SSW	0.40	3.1	WSW	32.6	39.9	39.9	46.3	1007.5	0.00	0.0	633	4.54	640	5.1	0.18	5.2	0.000	0.049	25.6	51	14.7	25.7	9.35	1.1558	0.00	102	1	89.5	5
25/10/19	2:50 p	32.4	32.6	32.4	65	25.0	1.3	SSW	0.40	2.7	S	32.4	39.9	39.9	46.3	1007.4	0.00	0.0	619	4.44	624	4.9	0.17	4.9	0.000	0.049	25.7	56	16.2	25.9	10.12	1.1535	0.00	107	1	93.9	5
25/10/19	2:55 p	32.3	32.4	32.3	66	25.2	1.3	WSW	0.40	2.7	WSW	32.3	40.0	40.0	46.3	1007.2	0.00	0.0	604	4.33	610	4.6	0.16	4.6	0.000	0.049	25.7	51	14.8	25.8	9.35	1.1550	0.00	97	1	85.1	5
25/10/19	3:00 p	32.3	32.4	32.3	67	25.4	1.3	SW	0.40	3.1	SSW	32.3	40.3	40.3	46.6	1007.1	0.00	0.0	588	4.21	596	4.3	0.15	4.4	0.000	0.049	25.7	54	15.7	25.9	9.78	1.1537	0.48	106	1	93.0	5
25/10/19	3:05 p	32.2	32.3	32.1	67	25.3	0.9	SW	0.27	1.8	SW	32.2	39.9	39.9	46.0	1007.0	0.00	0.0	570	4.09	577	4.1	0.15	4.2	0.000	0.048	25.8	53	15.5	25.9	9.65	1.1534	0.00	109	1	95.6	5
25/10/19	3:10 p	32.3	32.4	32.2	65	24.9	0.9	S	0.27	1.8	W	32.3	39.5	39.5	45.5	1006.9	0.00	0.0	554	3.97	561	3.8	0.14	3.9	0.000	0.048	25.8	52	15.2	25.9	9.48	1.1537	0.00	104	1	91.2	5
25/10/19	3:15 p	32.4	32.6	32.3	64	24.8	0.9	S	0.27	1.8	SSE	32.4	39.6	39.6	45.4	1007.0	0.00	0.0	535	3.83	543	3.6	0.13	3.6	0.000	0.049	25.9	56	16.4	26.2	10.11	1.1519	0.00	111	1	97.4	5
25/10/19	3:20 p	32.5	32.6	32.4	64	24.8	0.9	SSW	0.27	1.8	SSW	32.5	39.7	39.7	45.5	1007.0	0.00	0.0	521	3.73	526	3.4	0.12	3.5	0.000	0.049	25.9	52	15.3	26.1	9.48	1.1533	0.00	105	1	92.1	5
25/10/19	3:25 p	32.4	32.6	32.4	63	24.5	1.3	SSW	0.40	2.2	SSW	32.4	39.2	39.2	44.9	1007.0	0.00	0.0	503	3.61	508	3.2	0.11	3.2	0.000	0.049	25.9	55	16.2	26.2	9.90	1.1520	0.00	103	1	90.4	5
25/10/19	3:30 p	32.3	32.4	32.3	63	24.4	1.3	SW	0.40	2.2	SSE	32.3	38.9	38.9	44.4	1007.0	0.00	0.0	487	3.49	492	3.0	0.11	3.0	0.000	0.049	26.0	51	15.1	26.1	9.35	1.1534	0.00	111	1	97.4	5
25/10/19	3:35 p	32.6	32.6	32.3	63	24.6	1.3	S	0.40	2.7	S	32.6	39.6	39.6	45.0	1007.0	0.00	0.0	471	3.38	478	2.7	0.10	2.8	0.000	0.049	25.9	54	15.9	26.2	9.78	1.1524	0.00	105	1	92.1	5
25/10/19	3:40 p	32.3	32.6	32.3	65	24.9	1.3	S	0.40	2.2	SSW	32.3	39.5	39.5	44.8	1007.0	0.00	0.0	450	3.23	459	2.5	0.09	2.6	0.000	0.048	25.9	50	14.7	25.9	9.18	1.1540	0.00	112	1	98.2	5
25/10/19	3:45 p	32.3	32.3	32.3	66	25.2	1.3	SW	0.40	2.7	SSW	32.3	40.0	40.0	45.2	1007.0	0.00	0.0	432	3.10	439	2.3	0.08	2.4	0.000	0.049	25.9	54	15.9	26.2	9.78	1.1525	0.00	104	1	91.2	5
25/10/19	3:50 p	32.3	32.4	32.3	66	25.2	1.8	SSW	0.54	3.1	SSW	32.3	40.0	40.0	45.0	1007.0	0.00	0.0	413	2.96	420	2.1	0.07	2.1	0.000	0.049	25.9	50	14.7	25.9	9.18	1.1540	0.00	104	1	91.2	5
25/10/19	3:55 p	32.2	32.3	32.2	66	25.0	1.3	SSW	0.40	2.7	SSW	32.2	39.6	39.6	44.4	1007.0	0.00	0.0	396	2.84	401	1.9	0.07	2.0	0.000	0.048	25.9	53	15.6	26.1	9.65	1.1529	0.00	104	1	91.2	5
25/10/19	4:00 p	32.3	32.3	32.2	64	24.6	0.9	SSW	0.27	2.7	SSE	32.3	39.2	39.2	43.9	1007.1	0.00	0.0	380	2.72	388	1.8	0.06	1.8	0.000	0.048	26.0	50	14.8	26.0	9.17	1.1538	0.36	106	1	93.0	5
25/10/19	4:05 p	32.4	32.4	32.2	66	25.3	0.4	WSW	0.13	1.8	S	32.4	40.3	40.3	44.9	1007.0	0.00	0.0	361	2.59	367	1.6	0.06	1.6	0.000	0.049	25.9	53	15.6	26.1	9.65	1.1528	0.00	108	1	94.7	5
25/10/19	4:10 p	32.4	32.5	32.3	66	25.3	0.9	S	0.27	2.2	S	32.4	40.3	40.3	44.7	1007.0	0.00	0.0	341	2.44	350	1.4	0.05	1.5	0.000	0.049	25.9	50	14.7	25.9	9.18	1.1540	0.00	106	1	93.0	5
25/10/19	4:15 p	32.3	32.4	32.3	65	24.9	0.9	S	0.27	1.3	S	32.3	39.6	39.6	43.9	1007.0	0.00	0.0	324	2.32	330	1.3	0.05	1.3	0.000	0.049	25.9	52	15.3	26.1	9.48	1.1533	0.00	102	1	89.5	5
25/10/19	4:20 p	32.2	32.3	32.2	66	25.1	0.9	SSW	0.27	2.2	SSW	32.2	39.7	39.7	43.8	1007.1	0.00	0.0	305	2.19	313	1.1	0.04	1.2	0.000	0.048	25.9	51	15.0	26.0	9.35	1.1537	0.00	98	1	86.0	5
25/10/19	4:25 p	32.3	32.3	32.2	66	25.1	0.9	SSW	0.27	2.2	SSW	32.3	39.8	39.8	43.8	1007.0	0.00	0.0	286	2.05	294	1.0	0.04	1.0	0.000	0.048	25.9	52	15.3	26.1	9.48	1.1533	0.00	91	1	79.8	5
25/10/19	4:30 p	32.5	32.6	32.3	65	25.1	0.4	SSW	0.13	1.3	W	32.5	40.1	40.1	43.9	1006.9	0.00	0.0	270	1.94	274	0.9	0.03	0.9	0.000	0.049	25.9	50	14.7	25.9	9.18	1.1540	0.00	90	1	78.9	5
25/10/19	4:35 p	32.2	32.4	32.2	66	25.1	0.9	SSW	0.27	2.2	S	32.2	39.7	39.7	43.3	1007.0	0.00	0.0	253	1.81	258	0.8	0.03	0.8	0.000	0.048	25.9	52	15.3	26.1	9.48	1.1533	0.00	94	1	82.5	5
25/10/19	4:40 p	32.0	32.2	32.0	67	25.1	0.9	S	0.27	1.8	SW	32.0	39.4	39.4	42.8	1007.0	0.00	0.0	233	1.67	241	0.6	0.02	0.7	0.000	0.047	25.9	51	15.0	26.0	9.35	1.1537	0.00	100	1	87.7	5
25/10/19	4:45 p	31.9	32.0	31.9	68	25.2	1.3	S	0.40	1.8	S	31.9	39.5	39.5	42.6	1007.2	0.00	0.0	206	1.48	220	0.5	0.02	0.6	0.000	0.047	25.9	51	15.0	26.0	9.35	1.1538	0.00	108	1	94.7	5
25/10/19	4:50 p	32.1	32.1	31.9	67	25.2	0.9	SSW	0.27	2.2	SSW	32.1	39.7	39.7	41.8	1007.3	0.00	0.0	146	1.05	183	0.1	0.00	0.5	0.000	0.048	25.9	51	15.0	26.0	9.35	1.1539	0.00	102	1	89.5	5
25/10/19	4:55 p	32.0	32.1	31.9	68	25.4	0.9	S	0.27	1.8	SSE	32.0	39.8	39.8	41.1	1007.3	0.00	0.0	95	0.68	162	0.0	0.00	0.0	0.000	0.047	25.9	51	15.0	25.9	9.35	1.1542	0.00	107	1	93.9	5
25/10/19	5:00 p	31.8	31.9	31.8	68	25.2	0.4	SSW	0.13	1.3	S	31.8	39.3	39.3	39.9	1007.3	0.00	0.0	53	0.38	53	0.0	0.00	0.0	0.000	0.047	25.9	51	15.0	26.0	9.35	1.1540	0.18	98	1	86.0	5
25/10/19	5:05 p	31.8	31.9	31.8	68	25.1	0.4	SSW	0.13	0.9	SSW	31.8	39.2	39.2	39.7	1007.3	0.00	0.0	50	0.36	54	0.0	0.00	0.0	0.000	0.047	25.8	50	14.6	25.8	9.18	1.1549	0.00	102	1	89.5	5
25/10/19	5:10 p	31.7	31.8	31.7	68	25.0	0.4	SW	0.13	1.3	SW	31.7	38.8	38.8	39.2	1007.3	0.00	0.0	43	0.31	46	0.0	0.00	0.0	0.000	0.046	25.8	51	14.9	25.9	9.35	1.1545	0.00	98	1	86.0	5
25/10/19	5:15 p	31.6	31.7	31.6	70	25.4	0.0	SW	0.00	0.9	SW	31.6	39.2	39.2	39.6	1007.2	0.00	0.0	39	0.28	40	0.0	0.00	0.0	0.000	0.046	25.8	50	14.6	25.8	9.18	1.1548	0.00	110	1	96.5	5
25/10/19	5:20 p	31.4	31.6	31.4	70	25.3	0.9	SW	0.27	1.8	SSW	31.4	38.8	38.8	39.0	1007.3	0.00	0.0	33	0.24	35	0.0	0.00	0.0	0.000	0.045	25.8	52	15.2	25.9	9.48	1.1542	0.00	112	1	98.2	5
25/10/19	5:25 p	31.3	31.4	31.3	71	25.4	0.4	SW	0.13	0.9	SW	31.3	38.8	38.8	38.9	1007.4	0.00	0.0	28	0.20	30	0.0	0.00	0.0	0.000	0.045	25.8	49	14.3	25.8	8.98	1.1554	0.00	106	1	93.0	5
25/10/19	5:30 p	31.2	31.3	31.2	71	25.3	0.0	WSW	0.00	0.9	SW	31.2	38.6	38.6	38.7	1007.6	0.00	0.0	23	0.16	25	0.0	0.00	0.0	0.000	0.045	25.8	53	15.5	25.9	9.65	1.1541	0.00	110	1	96.5	5
25/10/19	5:35 p	31.1	31.2	31.1	72	25.5	0.0	WSW	0.00	0.9	WSW	31.1	38.6	38.6	38.6	1007.8	0.00	0.0	16	0.11	19	0.0	0.00	0.0	0.000	0.044	25.8	49	14.3	25.7	8.98	1.1561	0.00	101	1	88.6	5
25/10/19	5:40 p	31.0	31.2	31.0	72	25.4	0.0	WSW	0.00	0.9	WSW	31.0	38.3	38.3	38.2	1007.8	0.00	0.0	11	0.08	12	0.0	0.00	0.0	0.000	0.044	25.8	52	15.2	25.9	9.48	1.1550	0.00	100	1	87.7	5
25/10/19	5:45 p	30.9	31.0	30.9	75	25.9	0.9	WSW	0.27	2.2	WNW	30.9	38.9	38.9	38.7	1008.0	0.00	0.0	7	0.05	9	0.0	0.00	0.0	0.000	0.044	25.7	50	14.5	25.7	9.18	1.1563	0.00	105	1	92.1	5
25/10/19	5:50 p	30.3	30.9	30.3	79	26.3	1.3	N	0.40	2.2	NNW	30.3	38.4	38.4	38.1	1008.1	0.00	0.0	0	0.00	0	0.0	0.00	0.0	0.000	0.042	25.7	51	14.8	25.7	9.35	1.1563	0.00	101	1	88.6	5
25/10/19	5:55 p	29.7	30.3	29.7	82	26.3	1.8	N	0.54	4.5	N	29.7	37.5	37.5	37.1	1008.1	0.00	0.0	0	0.00	0	0.0	0.00	0.0	0.000	0.040	25.7	51	14.8	25.7	9.35	1.1563	0.00	91	1	79.8	5
25/10/19	6:00 p	29.4	29.7	29.4	83	26.3	1.3	N	0.40	3.1	NNE	29.4	36.9	36.9	36.6	1008.2	0.00	0.0	0	0.00	0	0.0	0.00	0.0	0.000	0.039	25.7	51	14.8	25.7	9.35	1.1564	0.03	108	1	94.7	5
25/10/19	6:05 p	29.2	29.4	29.2	84	26.2	1.3	NNW	0.40	4.0	NW	29.2	36.6	36.6	36.2	1008.2	0.00	0.0	0	0.00	0	0.0	0.00	0.0	0.000	0.038	25.6	52	15.0	25.7	9.49	1.1563	0.00	111	1	97.4	5
25/10/19	6:10 p	29.1	29.2	29.1	85	26.3	1.3	NNE	0.40	4.5	NW	29.1	36.3	36.3	35.9	1008.3	0.00	0.0	0	0.00	0	0.0	0.00	0.0	0.000	0.037	25.6	50	14.4	25.6	9.19	1.1572	0.00	95	1	83.3	5
25/10/19	6:15 p	28.9	29.1	28.9	86	26.4	1.3	NNE	0.40	3.1	NNE	28.9	36.2	36.2	35.8	1008.4	0.00	0.0	0	0.00	0	0.0	0.00	0.0	0.000	0.037	25.6	52	15.0	25.6	9.49	1.1569	0.00	93	1	81.6	5
25/10/19	6:20 p	28.8	28.9	28.8	86	26.3	1.3	NNE	0.40	2.2	NNW	28.8	35.8	35.8	35.4	1008.5	0.00	0.0	0	0.00	0	0.0	0.00	0.0	0.000	0.036	25.6	49	14.1	25.6	8.99	1.1578	0.00	82	1	71.9	5
25/10/19	6:25 p	28.7	28.8	28.7	86	26.1	1.8	NNE	0.54	4.0	NNE	28.7	35.3	35.3	34.9	1008.5	0.00	0.0	0	0.00	0	0.0	0.00	0.0	0.000	0.036	25.6	52	15.0	25.6	9.49	1.1569	0.00	91	1	79.8	5
25/10/19	6:30 p	28.6	28.7	28.5	87	26.2	1.3	NNE	0.40	3.1	N	28.6	35.2	35.2	34.8	1008.5	0.00	0.0	0	0.00	0	0.0	0.00	0.0	0.000	0.035	25.6	50	14.4	25.6	9.19	1.1577	0.00	91	1	79.8	5
25/10/19	6:35 p	28.4	28.6	28.4	87	26.1	1.8	N	0.54	3.1	NNE	28.4	34.9	34.9	34.4	1008.7	0.00	0.0	0	0.00	0	0.0	0.00	0.0	0.000	0.035	25.6	53	15.3	25.7	9.65	1.1569	0.00	96	1	84.2	5
25/10/19	6:40 p	28.3	28.4	28.3	88	26.1	1.3	NNW	0.40	3.6	N	28.3	34.6	34.6	34.1	1008.8	0.00	0.0	0	0.00	0	0.0	0.00	0.0	0.000	0.035	25.5	50	14.3	25.5	9.19	1.1583	0.00	86	1	75.4	5
25/10/19	6:45 p	28.3	28.3	28.2	88	26.1	0.9	NNW	0.27	1.8	NNE	28.3	34.6	34.6	34.1	1009.0	0.00	0.0	0	0.00	0	0.0	0.00	0.0	0.000	0.035	25.4	51	14.6	25.4	9.35	1.1585	0.00	89	1	78.1	5
25/10/19	6:50 p	28.2	28.3	28.1	89	26.2	1.8	NNE	0.54	3.1	NNE	28.2	34.4	34.4	33.9	1009.2	0.00	0.0	0	0.00	0	0.0	0.00	0.0	0.000	0.034	25.4	51	14.6	25.4	9.35	1.1587	0.00	88	1	77.2	5
25/10/19	6:55 p	28.1	28.2	28.1	89	26.1	1.8	NNE	0.54	3.6	N	28.1	34.1	34.1	33.6	1009.4	0.00	0.0	0	0.00	0	0.0	0.00	0.0	0.000	0.034	25.5	51	14.6	25.5	9.35	1.1587	0.00	84	1	73.7	5
25/10/19	7:00 p	27.9	28.1	27.9	89	26.0	1.3	NNE	0.40	3.1	NNE	27.9	33.8	33.8	33.3	1009.6	0.00	0.0	0	0.00	0	0.0	0.00	0.0	0.000	0.033	25.7	52	15.1	25.7	9.49	1.1577	0.03	84	1	73.7	5
25/10/19	7:05 p	27.9	28.0	27.9	89	26.0	1.3	NNE	0.40	2.2	NNE	27.9	33.8	33.8	33.3	1009.4	0.00	0.0	0	0.00	0	0.0	0.00	0.0	0.000	0.033	25.8	52	15.2	25.9	9.48	1.1569	0.00	90	1	78.9	5
25/10/19	7:10 p	27.9	27.9	27.9	89	25.9	1.3	NNE	0.40	3.1	NNE	27.9	33.7	33.7	33.2	1009.7	0.00	0.0	0	0.00	0	0.0	0.00	0.0	0.000	0.033	25.9	53	15.6	26.1	9.65	1.1562	0.00	89	1	78.1	5
25/10/19	7:15 p	27.9	27.9	27.8	89	25.9	1.8	NNE	0.54	4.5	NE	27.9	33.7	33.7	33.2	1009.8	0.00	0.0	0	0.00	0	0.0	0.00	0.0	0.000	0.033	26.1	54	16.0	26.3	9.77	1.1551	0.00	93	1	81.6	5
25/10/19	7:20 p	27.8	27.8	27.8	90	26.0	1.3	NNE	0.40	3.6	NNE	27.8	33.5	33.5	33.0	1010.0	0.00	0.0	0	0.00	0	0.0	0.00	0.0	0.000	0.033	26.2	56	16.7	26.6	10.08	1.1537	0.00	98	1	86.0	5
25/10/19	7:25 p	27.8	27.8	27.7	90	26.0	0.4	NNW	0.13	1.3	NNW	27.8	33.5	33.5	33.0	1010.1	0.00	0.0	0	0.00	0	0.0	0.00	0.0	0.000	0.033	26.3	56	16.9	26.7	10.07	1.1533	0.00	85	1	74.6	5
25/10/19	7:30 p	27.8	27.8	27.8	90	26.0	0.9	NNW	0.27	3.1	WNW	27.8	33.7	33.7	33.2	1010.2	0.00	0.0	0	0.00	0	0.0	0.00	0.0	0.000	0.033	26.4	57	17.2	26.9	10.17	1.1524	0.00	85	1	74.6	5
25/10/19	7:35 p	27.9	27.9	27.8	90	26.2	0.9	NNW	0.27	1.8	NW	27.9	34.0	34.0	33.5	1010.1	0.00	0.0	0	0.00	0	0.0	0.00	0.0	0.000	0.033	26.6	58	17.7	27.2	10.35	1.1511	0.00	85	1	74.6	5
25/10/19	7:40 p	27.9	27.9	27.9	90	26.2	0.9	NW	0.27	1.8	NW	27.9	34.0	34.0	33.5	1010.4	0.00	0.0	0	0.00	0	0.0	0.00	0.0	0.000	0.033	26.7	59	18.0	27.3	10.55	1.1504	0.00	86	1	75.4	5
25/10/19	7:45 p	27.9	28.0	27.9	90	26.2	0.9	NNW	0.27	1.3	NNW	27.9	34.0	34.0	33.5	1010.5	0.00	0.0	0	0.00	0	0.0	0.00	0.0	0.000	0.033	26.8	59	18.1	27.5	10.55	1.1499	0.00	82	1	71.9	5
25/10/19	7:50 p	27.8	27.9	27.8	90	26.0	0.9	NNE	0.27	1.8	NNE	27.8	33.7	33.7	33.2	1010.6	0.00	0.0	0	0.00	0	0.0	0.00	0.0	0.000	0.033	26.9	59	18.3	27.7	10.55	1.1494	0.00	81	1	71.1	5
25/10/19	7:55 p	27.8	27.8	27.8	90	26.0	1.3	NE	0.40	2.2	NE	27.8	33.7	33.7	33.2	1010.8	0.00	0.0	0	0.00	0	0.0	0.00	0.0	0.000	0.033	27.0	60	18.6	27.8	10.75	1.1490	0.00	87	1	76.3	5
25/10/19	8:00 p	27.9	27.9	27.8	89	25.9	0.9	NE	0.27	1.8	NE	27.9	33.7	33.7	33.2	1011.0	0.00	0.0	0	0.00	0	0.0	0.00	0.0	0.000	0.033	27.1	60	18.6	27.9	10.75	1.1490	0.03	89	1	78.1	5
25/10/19	8:05 p	28.0	28.0	27.9	89	26.0	0.9	NE	0.27	1.3	NE	28.0	34.0	34.0	33.5	1011.0	0.00	0.0	0	0.00	0	0.0	0.00	0.0	0.000	0.034	27.1	61	18.9	28.1	10.95	1.1482	0.00	85	1	74.6	5
25/10/19	8:10 p	27.9	28.0	27.9	89	25.9	0.4	NNW	0.13	0.9	NNW	27.9	33.7	33.7	33.2	1011.2	0.00	0.0	0	0.00	0	0.0	0.00	0.0	0.000	0.033	27.2	62	19.3	28.3	11.13	1.1478	0.00	91	1	79.8	5
25/10/19	8:15 p	27.9	27.9	27.8	90	26.1	0.4	NNW	0.13	1.3	N	27.9	33.8	33.8	33.3	1011.3	0.00	0.0	0	0.00	0	0.0	0.00	0.0	0.000	0.033	27.2	63	19.6	28.5	11.33	1.1472	0.00	97	1	85.1	5
25/10/19	8:20 p	27.8	27.9	27.8	90	26.0	0.9	NNE	0.27	1.3	NNE	27.8	33.7	33.7	33.2	1011.3	0.00	0.0	0	0.00	0	0.0	0.00	0.0	0.000	0.033	27.3	63	19.6	28.6	11.33	1.1469	0.00	93	1	81.6	5
25/10/19	8:25 p	27.9	27.9	27.9	90	26.1	0.9	NNE	0.27	1.8	NNW	27.9	33.8	33.8	33.3	1011.4	0.00	0.0	0	0.00	0	0.0	0.00	0.0	0.000	0.033	27.3	64	19.9	28.8	11.53	1.1463	0.00	95	1	83.3	5
25/10/19	8:30 p	27.9	27.9	27.8	90	26.2	1.3	E	0.40	2.2	NE	27.9	34.0	34.0	33.5	1011.7	0.00	0.0	0	0.00	0	0.0	0.00	0.0	0.000	0.033	27.3	64	19.9	28.8	11.53	1.1466	0.00	91	1	79.8	5
25/10/19	8:35 p	28.0	28.0	27.9	88	25.8	1.8	E	0.54	3.6	E	28.0	33.8	33.8	33.3	1011.7	0.00	0.0	0	0.00	0	0.0	0.00	0.0	0.000	0.034	27.4	65	20.2	29.0	11.72	1.1459	0.00	93	1	81.6	5
25/10/19	8:40 p	28.1	28.1	28.0	87	25.7	1.8	E	0.54	4.0	E	28.1	33.8	33.8	33.3	1011.6	0.00	0.0	0	0.00	0	0.0	0.00	0.0	0.000	0.034	27.4	65	20.2	29.0	11.72	1.1457	0.00	100	1	87.7	5
25/10/19	8:45 p	27.9	28.1	27.9	87	25.6	1.8	E	0.54	2.7	ESE	27.9	33.5	33.5	33.0	1011.6	0.00	0.0	0	0.00	0	0.0	0.00	0.0	0.000	0.033	27.4	65	20.3	29.1	11.72	1.1455	0.00	97	1	85.1	5
25/10/19	8:50 p	27.7	27.9	27.7	88	25.6	1.3	E	0.40	3.1	ESE	27.7	33.1	33.1	32.5	1011.6	0.00	0.0	0	0.00	0	0.0	0.00	0.0	0.000	0.033	27.4	66	20.5	29.2	11.92	1.1450	0.00	92	1	80.7	5
25/10/19	8:55 p	27.4	27.7	27.4	89	25.5	0.9	E	0.27	2.2	S	27.4	32.4	32.4	31.9	1011.7	0.00	0.0	0	0.00	0	0.0	0.00	0.0	0.000	0.032	27.5	66	20.6	29.3	11.92	1.1449	0.00	93	1	81.6	5
25/10/19	9:00 p	27.1	27.4	27.1	90	25.3	1.3	S	0.40	2.2	SSE	27.1	31.5	31.5	30.9	1011.7	0.00	0.0	0	0.00	0	0.0	0.00	0.0	0.000	0.030	27.5	66	20.6	29.3	11.92	1.1448	0.03	91	1	79.8	5
25/10/19	9:05 p	26.7	27.1	26.7	91	25.1	0.9	SSE	0.27	2.2	SE	26.7	30.7	30.7	30.2	1011.6	0.00	0.0	0	0.00	0	0.0	0.00	0.0	0.000	0.029	27.5	67	20.8	29.5	12.12	1.1443	0.00	99	1	86.8	5
25/10/19	9:10 p	26.4	26.7	26.4	92	25.0	1.3	SE	0.40	3.6	SE	26.4	30.3	30.3	29.8	1011.8	0.00	0.0	0	0.00	0	0.0	0.00	0.0	0.000	0.028	27.5	67	20.8	29.5	12.12	1.1445	0.00	99	1	86.8	5
25/10/19	9:15 p	26.2	26.4	26.2	93	24.9	1.3	SE	0.40	3.1	SE	26.2	29.8	29.8	29.3	1011.8	0.00	0.0	0	0.00	0	0.0	0.00	0.0	0.000	0.027	27.5	67	20.8	29.5	12.12	1.1445	0.00	94	1	82.5	5
25/10/19	9:20 p	25.9	26.2	25.9	93	24.7	0.9	SSE	0.27	2.7	E	25.9	29.3	29.3	28.7	1011.7	0.00	0.0	0	0.00	0	0.0	0.00	0.0	0.000	0.026	27.6	68	21.1	29.7	12.32	1.1437	0.00	93	1	81.6	5
25/10/19	9:25 p	25.7	25.9	25.7	93	24.5	2.2	SSE	0.67	4.5	SE	25.7	28.8	28.8	28.2	1011.9	0.00	0.0	0	0.00	0	0.0	0.00	0.0	0.000	0.026	27.6	68	21.1	29.7	12.32	1.1439	0.00	95	1	83.3	5
25/10/19	9:30 p	25.2	25.7	25.2	93	24.0	2.2	SSE	0.67	4.5	SE	25.2	27.6	27.6	27.0	1012.1	0.00	0.0	0	0.00	0	0.0	0.00	0.0	0.000	0.024	27.5	69	21.3	29.8	12.49	1.1440	0.00	100	1	87.7	5
25/10/19	9:35 p	24.8	25.2	24.8	93	23.6	2.7	SSE	0.80	5.8	SE	24.8	27.0	27.0	26.4	1012.2	0.00	0.0	0	0.00	0	0.0	0.00	0.0	0.000	0.023	27.6	69	21.4	29.8	12.49	1.1438	0.00	95	1	83.3	5
25/10/19	9:40 p	24.6	24.8	24.6	94	23.6	1.8	SE	0.54	4.0	SSE	24.6	26.7	26.7	26.1	1012.0	0.00	0.0	0	0.00	0	0.0	0.00	0.0	0.000	0.022	27.6	69	21.4	29.8	12.49	1.1436	0.00	103	1	90.4	5
25/10/19	9:45 p	24.5	24.6	24.5	94	23.5	1.3	SE	0.40	3.6	SE	24.5	26.5	26.5	25.9	1011.9	0.25	0.0	0	0.00	0	0.0	0.00	0.0	0.000	0.021	27.5	69	21.3	29.8	12.49	1.1438	0.00	102	1	89.5	5
25/10/19	9:50 p	24.4	24.5	24.4	95	23.6	1.3	SSE	0.40	3.1	SSE	24.4	26.5	26.5	25.9	1011.9	0.00	0.0	0	0.00	0	0.0	0.00	0.0	0.000	0.021	27.5	69	21.3	29.8	12.49	1.1438	0.00	93	1	81.6	5
25/10/19	9:55 p	24.4	24.5	24.4	94	23.4	0.9	SSW	0.27	2.7	SSE	24.4	26.4	26.4	25.8	1012.1	0.00	0.0	0	0.00	0	0.0	0.00	0.0	0.000	0.021	27.5	69	21.3	29.8	12.49	1.1440	0.00	101	1	88.6	5
25/10/19	10:00 p	24.4	24.4	24.4	94	23.4	1.3	SSE	0.40	2.7	ESE	24.4	26.3	26.3	25.7	1012.1	0.00	0.0	0	0.00	0	0.0	0.00	0.0	0.000	0.021	27.4	69	21.2	29.7	12.49	1.1444	0.00	97	1	85.1	5
25/10/19	10:05 p	24.3	24.4	24.3	94	23.3	0.9	SSE	0.27	1.8	SE	24.3	26.3	26.3	25.6	1012.3	0.00	0.0	0	0.00	0	0.0	0.00	0.0	0.000	0.021	27.4	69	21.2	29.7	12.49	1.1445	0.00	101	1	88.6	5
25/10/19	10:10 p	24.3	24.3	24.3	94	23.2	1.3	SSE	0.40	2.7	S	24.3	26.2	26.2	25.5	1012.3	0.25	0.0	0	0.00	0	0.0	0.00	0.0	0.000	0.021	27.4	69	21.2	29.7	12.49	1.1445	0.00	91	1	79.8	5
25/10/19	10:15 p	24.2	24.3	24.2	94	23.2	0.9	ESE	0.27	3.1	SE	24.2	26.1	26.1	25.4	1012.2	0.00	0.0	0	0.00	0	0.0	0.00	0.0	0.000	0.020	27.4	69	21.2	29.7	12.49	1.1445	0.00	104	1	91.2	5
25/10/19	10:20 p	24.2	24.2	24.2	95	23.3	0.9	SSE	0.27	2.7	ESE	24.2	26.1	26.1	25.4	1012.1	0.00	0.0	0	0.00	0	0.0	0.00	0.0	0.000	0.020	27.4	69	21.2	29.7	12.49	1.1444	0.00	106	1	93.0	5
25/10/19	10:25 p	24.2	24.2	24.1	95	23.3	0.9	SSE	0.27	2.2	SE	24.2	26.1	26.1	25.4	1012.4	0.00	0.0	0	0.00	0	0.0	0.00	0.0	0.000	0.020	27.4	69	21.2	29.6	12.50	1.1450	0.00	105	1	92.1	5
25/10/19	10:30 p	24.1	24.2	24.1	95	23.3	1.3	SE	0.40	3.1	ESE	24.1	26.1	26.1	25.4	1012.2	0.00	0.0	0	0.00	0	0.0	0.00	0.0	0.000	0.020	27.4	69	21.2	29.6	12.50	1.1448	0.00	106	1	93.0	5
25/10/19	10:35 p	24.1	24.1	24.1	95	23.3	1.8	ESE	0.54	3.1	E	24.1	26.1	26.1	25.4	1012.0	0.00	0.0	0	0.00	0	0.0	0.00	0.0	0.000	0.020	27.4	69	21.2	29.6	12.50	1.1445	0.00	113	1	99.1	5
25/10/19	10:40 p	24.2	24.2	24.1	95	23.3	1.3	ESE	0.40	2.7	E	24.2	26.1	26.1	25.4	1012.1	0.00	0.0	0	0.00	0	0.0	0.00	0.0	0.000	0.020	27.4	69	21.2	29.6	12.50	1.1446	0.00	113	1	99.1	5
25/10/19	10:45 p	24.2	24.2	24.1	95	23.3	1.3	ESE	0.40	2.2	ESE	24.2	26.1	26.1	25.4	1012.1	0.00	0.0	0	0.00	0	0.0	0.00	0.0	0.000	0.020	27.4	69	21.2	29.6	12.50	1.1447	0.00	110	1	96.5	5
25/10/19	10:50 p	24.3	24.3	24.2	95	23.4	0.9	ESE	0.27	1.8	SE	24.3	26.3	26.3	25.7	1012.1	0.00	0.0	0	0.00	0	0.0	0.00	0.0	0.000	0.021	27.4	69	21.2	29.6	12.50	1.1447	0.00	107	1	93.9	5
25/10/19	10:55 p	24.3	24.3	24.2	95	23.4	0.4	SE	0.13	1.8	SSE	24.3	26.3	26.3	25.7	1012.3	0.00	0.0	0	0.00	0	0.0	0.00	0.0	0.000	0.021	27.4	69	21.2	29.6	12.50	1.1448	0.00	112	1	98.2	5
25/10/19	11:00 p	24.3	24.4	24.3	95	23.5	0.4	SSE	0.13	1.8	SSE	24.3	26.3	26.3	25.7	1012.3	0.00	0.0	0	0.00	0	0.0	0.00	0.0	0.000	0.021	27.4	69	21.2	29.6	12.50	1.1449	0.00	110	1	96.5	5
25/10/19	11:05 p	24.2	24.3	24.2	95	23.4	0.9	SSE	0.27	2.2	S	24.2	26.2	26.2	25.6	1012.4	0.00	0.0	0	0.00	0	0.0	0.00	0.0	0.000	0.020	27.4	69	21.2	29.6	12.50	1.1450	0.00	105	1	92.1	5
25/10/19	11:10 p	24.2	24.3	24.2	95	23.4	0.9	S	0.27	2.7	S	24.2	26.2	26.2	25.6	1012.3	0.00	0.0	0	0.00	0	0.0	0.00	0.0	0.000	0.020	27.4	69	21.2	29.6	12.50	1.1449	0.00	110	1	96.5	5
25/10/19	11:15 p	24.2	24.3	24.2	95	23.4	0.4	SSE	0.13	1.8	SSE	24.2	26.2	26.2	25.6	1012.2	0.00	0.0	0	0.00	0	0.0	0.00	0.0	0.000	0.020	27.3	69	21.1	29.4	12.50	1.1451	0.00	107	1	93.9	5
25/10/19	11:20 p	24.2	24.3	24.2	95	23.3	0.0	SE	0.00	0.9	SE	24.2	26.1	26.1	25.4	1012.1	0.25	0.0	0	0.00	0	0.0	0.00	0.0	0.000	0.020	27.3	69	21.1	29.4	12.50	1.1450	0.00	103	1	90.4	5
25/10/19	11:25 p	24.2	24.2	24.1	96	23.5	0.4	SSE	0.13	1.3	SSE	24.2	26.2	26.2	25.6	1012.1	0.00	0.0	0	0.00	0	0.0	0.00	0.0	0.000	0.020	27.3	69	21.1	29.4	12.50	1.1449	0.00	107	1	93.9	5
25/10/19	11:30 p	24.1	24.2	24.1	96	23.4	0.4	SSE	0.13	0.9	SSE	24.1	26.1	26.1	25.5	1012.1	0.00	0.0	0	0.00	0	0.0	0.00	0.0	0.000	0.020	27.3	69	21.1	29.4	12.50	1.1449	0.00	101	1	88.6	5
25/10/19	11:35 p	24.1	24.2	24.1	96	23.4	0.4	SE	0.13	1.3	SE	24.1	26.1	26.1	25.5	1012.1	0.00	0.0	0	0.00	0	0.0	0.00	0.0	0.000	0.020	27.3	69	21.1	29.4	12.50	1.1449	0.00	108	1	94.7	5
25/10/19	11:40 p	24.2	24.2	24.2	96	23.5	0.4	ESE	0.13	1.3	ESE	24.2	26.2	26.2	25.6	1012.2	0.00	0.0	0	0.00	0	0.0	0.00	0.0	0.000	0.020	27.3	69	21.1	29.4	12.50	1.1451	0.00	108	1	94.7	5
25/10/19	11:45 p	24.2	24.2	24.2	96	23.5	0.4	SE	0.13	1.3	SE	24.2	26.3	26.3	25.7	1012.4	0.00	0.0	0	0.00	0	0.0	0.00	0.0	0.000	0.020	27.3	69	21.1	29.4	12.50	1.1453	0.00	106	1	93.0	5
25/10/19	11:50 p	24.2	24.3	24.2	96	23.5	0.9	SSE	0.27	1.8	SE	24.2	26.3	26.3	25.7	1012.2	0.00	0.0	0	0.00	0	0.0	0.00	0.0	0.000	0.020	27.3	69	21.1	29.4	12.50	1.1451	0.00	105	1	92.1	5
25/10/19	11:55 p	24.2	24.2	24.2	96	23.5	0.9	SE	0.27	1.3	SE	24.2	26.3	26.3	25.7	1012.2	0.00	0.0	0	0.00	0	0.0	0.00	0.0	0.000	0.020	27.3	69	21.1	29.4	12.50	1.1451	0.00	100	1	87.7	5
