		Temp	Hi	Low	Out	Dew	Wind	Wind	Wind	Hi	Hi	Wind	Heat	THW	THSW			Rain	Solar	Solar	Hi Solar	UV 	UV 	Hi 	Heat	Cool	In 	In	In 	In 	In 	In Air		Wind	Wind	ISS 	Arc.
Date	Time	Out	Temp	Temp	Hum	Pt.	Speed	Dir	Run	Speed	Dir	Chill	Index	Index	Index	Bar  	Rain	Rate	Rad.	Energy	Rad. 	Index	Dose	UV 	D-D 	D-D 	Temp	Hum	Dew	Heat	EMC	Density	ET 	Samp	Tx 	Recept	Int.
12/12/19	12:00 a	26.0	26.1	25.9	95	25.1	0.0	ENE	0.00	0.4	ENE	26.0	29.7	29.7	29.1	1011.3	0.00	0.0	0	0.00	0	0.0	0.00	0.0	0.000	0.027	27.9	68	21.5	30.4	12.30	1.1411	0.00	112	1	98.2	5
12/12/19	12:05 a	26.0	26.1	26.0	95	25.1	0.4	NNE	0.13	1.3	NNE	26.0	29.7	29.7	29.1	1011.2	0.00	0.0	0	0.00	0	0.0	0.00	0.0	0.000	0.027	27.9	68	21.5	30.4	12.30	1.1410	0.00	113	1	99.1	5
12/12/19	12:10 a	26.1	26.1	26.0	95	25.2	0.4	NNE	0.13	0.9	NNE	26.1	29.8	29.8	29.3	1011.2	0.00	0.0	0	0.00	0	0.0	0.00	0.0	0.000	0.027	27.9	69	21.7	30.6	12.46	1.1405	0.00	112	1	98.2	5
12/12/19	12:15 a	26.0	26.1	25.9	95	25.1	0.9	ENE	0.27	1.8	SSE	26.0	29.7	29.7	29.1	1010.9	0.00	0.0	0	0.00	0	0.0	0.00	0.0	0.000	0.027	27.9	69	21.7	30.6	12.46	1.1402	0.00	117	1	100.0	5
12/12/19	12:20 a	25.9	26.0	25.9	95	25.1	0.9	SE	0.27	1.8	ESE	25.9	29.6	29.6	29.0	1011.0	0.00	0.0	0	0.00	0	0.0	0.00	0.0	0.000	0.026	27.9	69	21.7	30.4	12.46	1.1407	0.00	113	1	99.1	5
12/12/19	12:25 a	25.9	25.9	25.9	95	25.0	0.9	ESE	0.27	1.8	ESE	25.9	29.4	29.4	28.9	1011.1	0.00	0.0	0	0.00	0	0.0	0.00	0.0	0.000	0.026	27.9	69	21.7	30.6	12.46	1.1405	0.00	116	1	100.0	5
12/12/19	12:30 a	25.8	25.9	25.8	95	25.0	0.9	SE	0.27	1.3	SE	25.8	29.3	29.3	28.8	1011.0	0.00	0.0	0	0.00	0	0.0	0.00	0.0	0.000	0.026	27.9	69	21.7	30.4	12.46	1.1407	0.00	113	1	99.1	5
12/12/19	12:35 a	25.8	25.8	25.8	96	25.1	0.9	ESE	0.27	1.8	ESE	25.8	29.3	29.3	28.8	1010.9	0.00	0.0	0	0.00	0	0.0	0.00	0.0	0.000	0.026	27.9	69	21.7	30.6	12.46	1.1402	0.00	111	1	97.4	5
12/12/19	12:40 a	25.8	25.8	25.8	95	25.0	0.9	ESE	0.27	1.3	ESE	25.8	29.3	29.3	28.8	1010.9	0.00	0.0	0	0.00	0	0.0	0.00	0.0	0.000	0.026	27.8	69	21.6	30.3	12.47	1.1408	0.00	113	1	99.1	5
12/12/19	12:45 a	25.8	25.9	25.8	95	24.9	0.4	ESE	0.13	1.3	ESE	25.8	29.2	29.2	28.6	1010.9	0.00	0.0	0	0.00	0	0.0	0.00	0.0	0.000	0.026	27.9	69	21.7	30.4	12.46	1.1405	0.00	113	1	99.1	5
12/12/19	12:50 a	25.8	25.8	25.7	95	24.9	0.9	ESE	0.27	1.3	ESE	25.8	29.2	29.2	28.6	1010.9	0.00	0.0	0	0.00	0	0.0	0.00	0.0	0.000	0.026	27.8	69	21.6	30.3	12.47	1.1408	0.00	113	1	99.1	5
12/12/19	12:55 a	25.8	25.8	25.7	95	24.9	0.4	ESE	0.13	0.9	ESE	25.8	29.2	29.2	28.6	1010.9	0.00	0.0	0	0.00	0	0.0	0.00	0.0	0.000	0.026	27.9	69	21.7	30.4	12.46	1.1405	0.00	116	1	100.0	5
12/12/19	1:00 a	25.7	25.8	25.7	95	24.9	0.4	ESE	0.13	1.3	ESE	25.7	29.1	29.1	28.5	1010.8	0.00	0.0	0	0.00	0	0.0	0.00	0.0	0.000	0.026	27.9	69	21.7	30.4	12.46	1.1404	0.00	113	1	99.1	5
12/12/19	1:05 a	25.7	25.7	25.7	95	24.9	0.4	ESE	0.13	0.9	ESE	25.7	29.1	29.1	28.5	1010.7	0.00	0.0	0	0.00	0	0.0	0.00	0.0	0.000	0.026	27.8	70	21.9	30.5	12.72	1.1401	0.00	111	1	97.4	5
12/12/19	1:10 a	25.7	25.7	25.7	96	25.0	0.4	NE	0.13	1.3	ENE	25.7	29.2	29.2	28.6	1010.6	0.00	0.0	0	0.00	0	0.0	0.00	0.0	0.000	0.026	27.8	70	21.9	30.5	12.72	1.1400	0.00	111	1	97.4	5
12/12/19	1:15 a	25.7	25.7	25.7	96	25.0	0.9	SE	0.27	1.8	E	25.7	29.2	29.2	28.6	1010.4	0.00	0.0	0	0.00	0	0.0	0.00	0.0	0.000	0.026	27.9	69	21.7	30.4	12.46	1.1399	0.00	115	1	100.0	5
12/12/19	1:20 a	25.7	25.7	25.6	96	25.0	0.4	SE	0.13	1.8	SE	25.7	29.1	29.1	28.5	1010.3	0.00	0.0	0	0.00	0	0.0	0.00	0.0	0.000	0.025	27.8	69	21.6	30.3	12.47	1.1401	0.00	117	1	100.0	5
12/12/19	1:25 a	25.6	25.7	25.6	96	24.9	0.4	SE	0.13	2.2	SSE	25.6	28.9	28.9	28.4	1010.4	0.00	0.0	0	0.00	0	0.0	0.00	0.0	0.000	0.025	27.8	69	21.6	30.3	12.47	1.1402	0.00	115	1	100.0	5
12/12/19	1:30 a	25.7	25.7	25.6	96	25.0	0.9	S	0.27	2.2	SSE	25.7	29.1	29.1	28.5	1010.4	0.00	0.0	0	0.00	0	0.0	0.00	0.0	0.000	0.025	27.8	70	21.9	30.5	12.72	1.1398	0.00	114	1	100.0	5
12/12/19	1:35 a	25.7	25.8	25.7	95	24.9	1.3	S	0.40	2.7	SSE	25.7	29.1	29.1	28.5	1010.3	0.00	0.0	0	0.00	0	0.0	0.00	0.0	0.000	0.026	27.8	70	21.9	30.5	12.72	1.1396	0.00	113	1	99.1	5
12/12/19	1:40 a	25.7	25.8	25.7	95	24.9	0.9	SSE	0.27	2.7	SSE	25.7	29.1	29.1	28.5	1010.2	0.00	0.0	0	0.00	0	0.0	0.00	0.0	0.000	0.026	27.8	70	21.9	30.5	12.72	1.1396	0.00	113	1	99.1	5
12/12/19	1:45 a	25.7	25.8	25.7	95	24.9	0.4	SE	0.13	1.8	SSE	25.7	29.1	29.1	28.5	1010.1	0.00	0.0	0	0.00	0	0.0	0.00	0.0	0.000	0.026	27.8	70	21.9	30.5	12.72	1.1395	0.00	116	1	100.0	5
12/12/19	1:50 a	25.7	25.8	25.7	95	24.9	0.9	SSE	0.27	1.8	SSE	25.7	29.1	29.1	28.5	1010.2	0.00	0.0	0	0.00	0	0.0	0.00	0.0	0.000	0.026	27.8	70	21.9	30.5	12.72	1.1395	0.00	115	1	100.0	5
12/12/19	1:55 a	25.8	25.8	25.7	95	24.9	0.4	S	0.13	0.9	S	25.8	29.2	29.2	28.6	1010.3	0.00	0.0	0	0.00	0	0.0	0.00	0.0	0.000	0.026	27.8	70	21.8	30.4	12.73	1.1399	0.00	115	1	100.0	5
12/12/19	2:00 a	25.7	25.8	25.7	95	24.9	0.4	S	0.13	1.3	S	25.7	29.1	29.1	28.5	1010.2	0.00	0.0	0	0.00	0	0.0	0.00	0.0	0.000	0.026	27.8	70	21.8	30.4	12.73	1.1399	0.00	116	1	100.0	5
12/12/19	2:05 a	25.7	25.8	25.7	95	24.9	0.4	S	0.13	0.9	S	25.7	29.1	29.1	28.5	1010.1	0.00	0.0	0	0.00	0	0.0	0.00	0.0	0.000	0.026	27.7	70	21.8	30.3	12.74	1.1401	0.00	117	1	100.0	5
12/12/19	2:10 a	25.7	25.7	25.6	95	24.9	0.0	S	0.00	0.9	S	25.7	29.1	29.1	28.5	1010.0	0.00	0.0	0	0.00	0	0.0	0.00	0.0	0.000	0.026	27.8	70	21.8	30.4	12.73	1.1396	0.00	113	1	99.1	5
12/12/19	2:15 a	25.7	25.7	25.7	95	24.8	0.0	S	0.00	0.9	S	25.7	28.9	28.9	28.4	1010.0	0.00	0.0	0	0.00	0	0.0	0.00	0.0	0.000	0.025	27.7	70	21.8	30.3	12.74	1.1399	0.00	113	1	99.1	5
12/12/19	2:20 a	25.6	25.7	25.6	95	24.8	0.4	S	0.13	0.9	S	25.6	28.8	28.8	28.2	1010.0	0.00	0.0	0	0.00	0	0.0	0.00	0.0	0.000	0.025	27.7	70	21.8	30.3	12.74	1.1399	0.00	117	1	100.0	5
12/12/19	2:25 a	25.6	25.6	25.6	96	24.9	0.4	S	0.13	0.9	S	25.6	28.9	28.9	28.4	1010.1	0.00	0.0	0	0.00	0	0.0	0.00	0.0	0.000	0.025	27.7	70	21.8	30.3	12.74	1.1401	0.00	118	1	100.0	5
12/12/19	2:30 a	25.6	25.6	25.6	96	24.9	0.4	S	0.13	0.9	S	25.6	28.8	28.8	28.2	1010.1	0.00	0.0	0	0.00	0	0.0	0.00	0.0	0.000	0.025	27.7	70	21.8	30.3	12.74	1.1401	0.00	116	1	100.0	5
12/12/19	2:35 a	25.6	25.6	25.5	96	24.9	0.4	S	0.13	0.9	S	25.6	28.9	28.9	28.4	1010.2	0.00	0.0	0	0.00	0	0.0	0.00	0.0	0.000	0.025	27.7	71	22.0	30.4	12.97	1.1397	0.00	117	1	100.0	5
12/12/19	2:40 a	25.6	25.6	25.6	96	24.9	0.4	S	0.13	0.9	S	25.6	28.9	28.9	28.4	1010.2	0.00	0.0	0	0.00	0	0.0	0.00	0.0	0.000	0.025	27.7	71	22.0	30.4	12.97	1.1397	0.00	116	1	100.0	5
12/12/19	2:45 a	25.6	25.6	25.6	96	24.9	0.4	S	0.13	1.3	S	25.6	28.9	28.9	28.4	1010.3	0.00	0.0	0	0.00	0	0.0	0.00	0.0	0.000	0.025	27.7	71	22.0	30.4	12.97	1.1398	0.00	112	1	98.2	5
12/12/19	2:50 a	25.6	25.6	25.6	96	24.9	0.4	S	0.13	0.9	S	25.6	28.9	28.9	28.4	1010.3	0.00	0.0	0	0.00	0	0.0	0.00	0.0	0.000	0.025	27.7	70	21.8	30.3	12.74	1.1403	0.00	112	1	98.2	5
12/12/19	2:55 a	25.6	25.6	25.6	96	24.9	0.0	S	0.00	0.9	S	25.6	28.8	28.8	28.2	1010.4	0.00	0.0	0	0.00	0	0.0	0.00	0.0	0.000	0.025	27.7	71	21.9	30.3	12.98	1.1402	0.00	115	1	100.0	5
12/12/19	3:00 a	25.6	25.6	25.6	96	24.9	0.0	S	0.00	0.9	S	25.6	28.8	28.8	28.2	1010.5	0.00	0.0	0	0.00	0	0.0	0.00	0.0	0.000	0.025	27.7	71	21.9	30.3	12.98	1.1404	0.00	115	1	100.0	5
12/12/19	3:05 a	25.5	25.6	25.5	96	24.8	0.4	S	0.13	0.9	S	25.5	28.7	28.7	28.1	1010.4	0.00	0.0	0	0.00	0	0.0	0.00	0.0	0.000	0.025	27.7	71	21.9	30.3	12.98	1.1403	0.00	115	1	100.0	5
12/12/19	3:10 a	25.5	25.6	25.4	96	24.8	0.0	S	0.00	0.9	S	25.5	28.7	28.7	28.1	1010.4	0.00	0.0	0	0.00	0	0.0	0.00	0.0	0.000	0.025	27.7	71	21.9	30.3	12.98	1.1402	0.00	116	1	100.0	5
12/12/19	3:15 a	25.5	25.5	25.4	96	24.8	0.0	S	0.00	0.4	S	25.5	28.7	28.7	28.1	1010.5	0.00	0.0	0	0.00	0	0.0	0.00	0.0	0.000	0.025	27.7	71	21.9	30.3	12.98	1.1404	0.00	113	1	99.1	5
12/12/19	3:20 a	25.5	25.5	25.4	96	24.8	0.0	S	0.00	0.9	S	25.5	28.7	28.7	28.1	1010.5	0.00	0.0	0	0.00	0	0.0	0.00	0.0	0.000	0.025	27.7	71	21.9	30.3	12.98	1.1404	0.00	114	1	100.0	5
12/12/19	3:25 a	25.6	25.6	25.5	95	24.7	0.9	S	0.27	2.2	SSE	25.6	28.7	28.7	28.1	1010.3	0.00	0.0	0	0.00	0	0.0	0.00	0.0	0.000	0.025	27.7	71	21.9	30.3	12.98	1.1402	0.00	115	1	100.0	5
12/12/19	3:30 a	25.6	25.6	25.5	95	24.7	0.9	S	0.27	2.2	SSE	25.6	28.7	28.7	28.1	1010.3	0.00	0.0	0	0.00	0	0.0	0.00	0.0	0.000	0.025	27.7	71	21.9	30.3	12.98	1.1401	0.00	114	1	100.0	5
12/12/19	3:35 a	25.6	25.6	25.6	95	24.7	0.4	SW	0.13	1.3	S	25.6	28.7	28.7	28.1	1010.3	0.00	0.0	0	0.00	0	0.0	0.00	0.0	0.000	0.025	27.7	71	21.9	30.3	12.98	1.1402	0.00	116	1	100.0	5
12/12/19	3:40 a	25.6	25.6	25.6	95	24.8	0.4	SSE	0.13	1.3	SSE	25.6	28.8	28.8	28.2	1010.3	0.00	0.0	0	0.00	0	0.0	0.00	0.0	0.000	0.025	27.7	71	21.9	30.3	12.98	1.1402	0.00	116	1	100.0	5
12/12/19	3:45 a	25.6	25.6	25.6	95	24.8	0.9	SSE	0.27	1.8	SSE	25.6	28.8	28.8	28.2	1010.4	0.00	0.0	0	0.00	0	0.0	0.00	0.0	0.000	0.025	27.6	71	21.9	30.2	12.98	1.1406	0.00	115	1	100.0	5
12/12/19	3:50 a	25.6	25.6	25.6	95	24.8	0.4	SSE	0.13	1.8	SSE	25.6	28.8	28.8	28.2	1010.4	0.00	0.0	0	0.00	0	0.0	0.00	0.0	0.000	0.025	27.6	71	21.9	30.2	12.98	1.1406	0.00	113	1	99.1	5
12/12/19	3:55 a	25.6	25.6	25.6	95	24.7	0.4	SW	0.13	1.8	SSW	25.6	28.7	28.7	28.1	1010.5	0.00	0.0	0	0.00	0	0.0	0.00	0.0	0.000	0.025	27.6	71	21.9	30.2	12.98	1.1407	0.00	115	1	100.0	5
12/12/19	4:00 a	25.6	25.6	25.5	95	24.7	0.4	SW	0.13	0.9	SW	25.6	28.7	28.7	28.1	1010.4	0.00	0.0	0	0.00	0	0.0	0.00	0.0	0.000	0.025	27.6	71	21.8	30.1	12.99	1.1409	0.00	117	1	100.0	5
12/12/19	4:05 a	25.5	25.6	25.5	95	24.6	0.9	S	0.27	1.3	S	25.5	28.6	28.6	28.0	1010.5	0.00	0.0	0	0.00	0	0.0	0.00	0.0	0.000	0.025	27.6	71	21.9	30.2	12.98	1.1407	0.00	117	1	100.0	5
12/12/19	4:10 a	25.5	25.6	25.4	95	24.6	0.0	SSW	0.00	0.9	SSW	25.5	28.6	28.6	28.0	1010.5	0.00	0.0	0	0.00	0	0.0	0.00	0.0	0.000	0.025	27.6	71	21.9	30.2	12.98	1.1408	0.00	117	1	100.0	5
12/12/19	4:15 a	25.5	25.6	25.5	95	24.6	0.0	---	0.00	0.0	---	25.5	28.6	28.6	28.0	1010.5	0.00	0.0	0	0.00	0	0.0	0.00	0.0	0.000	0.025	27.6	71	21.9	30.2	12.98	1.1408	0.00	117	1	100.0	5
12/12/19	4:20 a	25.5	25.6	25.5	95	24.6	0.0	---	0.00	0.0	---	25.5	28.6	28.6	28.0	1010.6	0.00	0.0	0	0.00	0	0.0	0.00	0.0	0.000	0.025	27.6	71	21.8	30.1	12.99	1.1411	0.00	116	1	100.0	5
12/12/19	4:25 a	25.6	25.6	25.5	95	24.8	0.0	---	0.00	0.0	---	25.6	28.8	28.8	28.2	1010.6	0.00	0.0	0	0.00	0	0.0	0.00	0.0	0.000	0.025	27.6	71	21.9	30.2	12.98	1.1408	0.00	115	1	100.0	5
12/12/19	4:30 a	25.6	25.6	25.6	95	24.8	0.0	SSW	0.00	0.4	SSW	25.6	28.8	28.8	28.2	1010.6	0.00	0.0	0	0.00	0	0.0	0.00	0.0	0.000	0.025	27.6	71	21.8	30.1	12.99	1.1412	0.00	113	1	99.1	5
12/12/19	4:35 a	25.6	25.7	25.6	95	24.8	0.0	SSW	0.00	0.9	SSW	25.6	28.8	28.8	28.2	1010.6	0.00	0.0	0	0.00	0	0.0	0.00	0.0	0.000	0.025	27.6	71	21.8	30.1	12.99	1.1412	0.00	118	1	100.0	5
12/12/19	4:40 a	25.6	25.6	25.6	95	24.8	0.4	SSW	0.13	1.3	SSW	25.6	28.8	28.8	28.2	1010.7	0.00	0.0	0	0.00	0	0.0	0.00	0.0	0.000	0.025	27.6	71	21.8	30.1	12.99	1.1412	0.00	117	1	100.0	5
12/12/19	4:45 a	25.6	25.6	25.6	95	24.8	0.0	---	0.00	0.0	---	25.6	28.8	28.8	28.2	1010.7	0.00	0.0	0	0.00	0	0.0	0.00	0.0	0.000	0.025	27.6	71	21.8	30.1	12.99	1.1413	0.00	115	1	100.0	5
12/12/19	4:50 a	25.6	25.6	25.6	95	24.8	0.0	SSW	0.00	0.4	SSW	25.6	28.8	28.8	28.2	1010.8	0.00	0.0	0	0.00	0	0.0	0.00	0.0	0.000	0.025	27.6	71	21.8	30.1	12.99	1.1414	0.00	115	1	100.0	5
12/12/19	4:55 a	25.6	25.6	25.6	95	24.7	0.4	S	0.13	1.3	S	25.6	28.7	28.7	28.1	1010.7	0.00	0.0	0	0.00	0	0.0	0.00	0.0	0.000	0.025	27.6	72	22.1	30.3	13.25	1.1409	0.00	114	1	100.0	5
12/12/19	5:00 a	25.6	25.6	25.5	95	24.7	0.4	SSE	0.13	1.8	SSE	25.6	28.7	28.7	28.1	1010.7	0.00	0.0	0	0.00	0	0.0	0.00	0.0	0.000	0.025	27.6	72	22.1	30.3	13.25	1.1409	0.00	113	1	99.1	5
12/12/19	5:05 a	25.5	25.6	25.5	95	24.6	0.4	S	0.13	0.9	SSE	25.5	28.6	28.6	28.0	1010.8	0.00	0.0	0	0.00	0	0.0	0.00	0.0	0.000	0.025	27.6	71	21.8	30.1	12.99	1.1413	0.00	115	1	100.0	5
12/12/19	5:10 a	25.4	25.6	25.4	95	24.6	0.9	S	0.27	1.8	S	25.4	28.4	28.4	27.9	1010.8	0.00	0.0	0	0.00	0	0.0	0.00	0.0	0.000	0.025	27.6	72	22.1	30.3	13.25	1.1409	0.00	115	1	100.0	5
12/12/19	5:15 a	25.4	25.5	25.4	95	24.6	0.9	S	0.27	2.2	S	25.4	28.4	28.4	27.9	1010.8	0.00	0.0	2	0.01	5	0.0	0.00	0.0	0.000	0.025	27.5	71	21.8	30.0	12.99	1.1417	0.00	115	1	100.0	5
12/12/19	5:20 a	25.4	25.5	25.4	95	24.6	0.4	S	0.13	1.8	SSE	25.4	28.4	28.4	28.0	1010.9	0.00	0.0	10	0.07	12	0.0	0.00	0.0	0.000	0.025	27.6	71	21.8	30.1	12.99	1.1415	0.00	113	1	99.1	5
12/12/19	5:25 a	25.4	25.4	25.4	95	24.5	0.4	S	0.13	0.9	S	25.4	28.3	28.3	27.9	1011.0	0.00	0.0	13	0.09	16	0.0	0.00	0.0	0.000	0.024	27.5	71	21.8	30.0	12.99	1.1419	0.00	115	1	100.0	5
12/12/19	5:30 a	25.4	25.4	25.3	95	24.5	0.4	S	0.13	0.9	S	25.4	28.3	28.3	28.0	1011.0	0.00	0.0	18	0.13	19	0.0	0.00	0.0	0.000	0.024	27.5	72	22.0	30.2	13.25	1.1415	0.00	114	1	100.0	5
12/12/19	5:35 a	25.4	25.4	25.4	95	24.6	0.4	S	0.13	1.8	S	25.4	28.4	28.4	28.1	1011.1	0.00	0.0	18	0.13	19	0.0	0.00	0.0	0.000	0.025	27.5	72	22.0	30.2	13.25	1.1416	0.00	115	1	100.0	5
12/12/19	5:40 a	25.4	25.5	25.4	95	24.6	0.4	SSE	0.13	2.2	SSW	25.4	28.4	28.4	28.2	1011.2	0.00	0.0	23	0.16	28	0.0	0.00	0.0	0.000	0.025	27.5	73	22.2	30.3	13.62	1.1413	0.00	114	1	100.0	5
12/12/19	5:45 a	25.4	25.4	25.4	95	24.6	0.4	SSE	0.13	1.8	SSE	25.4	28.4	28.4	28.3	1011.2	0.00	0.0	33	0.24	37	0.0	0.00	0.0	0.000	0.025	27.4	73	22.2	30.2	13.62	1.1417	0.00	115	1	100.0	5
12/12/19	5:50 a	25.4	25.4	25.4	95	24.6	0.4	SSE	0.13	1.8	SSE	25.4	28.4	28.4	28.4	1011.2	0.00	0.0	42	0.30	44	0.0	0.00	0.0	0.000	0.025	27.4	73	22.2	30.2	13.62	1.1416	0.00	115	1	100.0	5
12/12/19	5:55 a	25.4	25.5	25.4	95	24.6	0.9	SSE	0.27	2.2	SSE	25.4	28.4	28.4	28.6	1011.3	0.00	0.0	50	0.36	54	0.0	0.00	0.0	0.000	0.025	27.4	73	22.2	30.2	13.62	1.1418	0.00	116	1	100.0	5
12/12/19	6:00 a	25.5	25.5	25.4	95	24.6	0.9	SSE	0.27	1.8	SSE	25.5	28.6	28.6	28.8	1011.3	0.00	0.0	59	0.42	67	0.0	0.00	0.0	0.000	0.025	27.4	73	22.2	30.2	13.62	1.1418	0.03	114	1	100.0	5
12/12/19	6:05 a	25.6	25.6	25.5	95	24.7	0.9	SSE	0.27	2.7	SSE	25.6	28.7	28.7	29.1	1011.3	0.00	0.0	71	0.51	74	0.0	0.00	0.0	0.000	0.025	27.4	73	22.2	30.2	13.62	1.1418	0.00	112	1	98.2	5
12/12/19	6:10 a	25.6	25.6	25.6	94	24.6	1.3	SSE	0.40	3.1	SSE	25.6	28.7	28.7	29.1	1011.5	0.00	0.0	70	0.50	74	0.0	0.00	0.0	0.000	0.025	27.4	73	22.1	30.1	13.62	1.1423	0.00	114	1	100.0	5
12/12/19	6:15 a	25.7	25.7	25.6	94	24.7	0.9	S	0.27	2.7	S	25.7	28.9	28.9	29.3	1011.6	0.00	0.0	69	0.49	70	0.1	0.00	0.5	0.000	0.026	27.4	73	22.1	30.1	13.62	1.1424	0.00	115	1	100.0	5
12/12/19	6:20 a	25.8	25.8	25.7	94	24.7	0.9	SSE	0.27	2.2	S	25.8	29.1	29.1	29.6	1011.7	0.00	0.0	78	0.56	102	0.5	0.02	0.5	0.000	0.026	27.4	73	22.1	30.1	13.62	1.1425	0.00	113	1	99.1	5
12/12/19	6:25 a	25.9	25.9	25.8	94	24.8	0.4	SE	0.13	1.8	SSE	25.9	29.3	29.3	30.2	1011.9	0.00	0.0	112	0.80	116	0.2	0.01	0.5	0.000	0.026	27.4	73	22.1	30.1	13.62	1.1427	0.00	115	1	100.0	5
12/12/19	6:30 a	25.9	26.0	25.9	94	24.9	0.9	SE	0.27	1.8	S	25.9	29.4	29.4	29.9	1012.0	0.00	0.0	74	0.53	98	0.0	0.00	0.0	0.000	0.026	27.4	73	22.1	30.1	13.62	1.1429	0.00	114	1	100.0	5
12/12/19	6:35 a	25.9	25.9	25.9	94	24.9	0.9	SSE	0.27	2.2	S	25.9	29.4	29.4	29.7	1012.0	0.00	0.0	57	0.41	60	0.1	0.00	0.5	0.000	0.026	27.4	73	22.2	30.2	13.62	1.1426	0.00	112	1	98.2	5
12/12/19	6:40 a	25.9	25.9	25.9	93	24.7	1.3	S	0.40	3.1	SSW	25.9	29.2	29.2	29.4	1012.1	0.00	0.0	63	0.45	65	0.6	0.02	0.6	0.000	0.026	27.4	73	22.2	30.2	13.62	1.1426	0.00	113	1	99.1	5
12/12/19	6:45 a	26.0	26.0	25.9	93	24.8	0.9	S	0.27	2.2	SSE	26.0	29.4	29.4	30.4	1012.1	0.00	0.0	118	0.85	176	0.7	0.03	0.8	0.000	0.027	27.4	72	21.9	30.1	13.25	1.1431	0.00	116	1	100.0	5
12/12/19	6:50 a	26.6	26.6	26.0	92	25.1	0.4	S	0.13	1.3	S	26.6	30.6	30.6	33.0	1012.2	0.00	0.0	219	1.57	257	1.1	0.04	1.2	0.000	0.029	27.4	73	22.2	30.2	13.62	1.1428	0.00	117	1	100.0	5
12/12/19	6:55 a	26.6	26.7	26.6	91	25.0	0.9	SW	0.27	2.2	S	26.6	30.6	30.6	33.8	1012.1	0.00	0.0	278	1.99	283	1.3	0.05	1.3	0.000	0.029	27.4	67	20.7	29.3	12.12	1.1455	0.00	117	1	100.0	5
12/12/19	7:00 a	26.9	26.9	26.6	90	25.2	1.3	SSW	0.40	3.1	SSW	26.9	31.3	31.3	34.7	1012.3	0.00	0.0	290	2.08	323	1.4	0.05	1.4	0.000	0.030	27.2	62	19.3	28.4	11.13	1.1487	0.08	115	1	100.0	5
12/12/19	7:05 a	27.0	27.0	26.9	90	25.2	0.9	WSW	0.27	2.7	SW	27.0	31.4	31.4	35.0	1012.3	0.00	0.0	307	2.20	387	1.4	0.05	1.5	0.000	0.030	27.0	58	18.0	27.7	10.35	1.1516	0.00	116	1	100.0	5
12/12/19	7:10 a	27.1	27.1	27.0	89	25.1	1.3	WSW	0.40	2.2	SSW	27.1	31.4	31.4	33.9	1012.4	0.00	0.0	229	1.64	323	1.3	0.05	1.5	0.000	0.030	26.7	54	16.6	27.1	9.75	1.1548	0.00	114	1	100.0	5
12/12/19	7:15 a	27.1	27.1	27.0	89	25.1	0.9	SSW	0.27	2.2	S	27.1	31.4	31.4	35.8	1012.5	0.00	0.0	202	1.45	244	1.2	0.04	1.4	0.000	0.030	26.5	54	16.4	26.8	9.76	1.1560	0.00	114	1	100.0	5
12/12/19	7:20 a	27.0	27.2	27.0	89	25.0	1.3	SSE	0.40	2.7	SSE	27.0	31.3	31.3	34.4	1012.5	0.00	0.0	158	1.13	200	1.5	0.05	1.6	0.000	0.030	26.3	57	17.1	26.8	10.17	1.1557	0.00	115	1	100.0	5
12/12/19	7:25 a	27.1	27.1	27.0	89	25.1	0.9	S	0.27	1.8	SSE	27.1	31.4	31.4	36.2	1012.5	0.00	0.0	229	1.64	297	1.7	0.06	1.8	0.000	0.030	26.3	56	16.8	26.6	10.08	1.1564	0.00	113	1	99.1	5
12/12/19	7:30 a	27.3	27.3	27.1	88	25.2	0.9	SSE	0.27	2.7	S	27.3	32.0	32.0	37.4	1012.3	0.00	0.0	263	1.89	294	1.9	0.07	2.0	0.000	0.031	26.2	52	15.5	26.3	9.47	1.1583	0.00	114	1	100.0	5
12/12/19	7:35 a	27.3	27.4	27.3	89	25.4	1.3	SSW	0.40	2.2	SSE	27.3	32.1	32.1	35.8	1012.4	0.00	0.0	190	1.36	225	1.6	0.06	1.7	0.000	0.031	25.9	49	14.4	25.9	8.98	1.1607	0.00	113	1	99.1	5
12/12/19	7:40 a	27.2	27.3	27.2	88	25.1	0.9	SSW	0.27	1.8	SW	27.2	31.7	31.7	35.3	1012.5	0.00	0.0	171	1.23	183	1.8	0.06	1.8	0.000	0.031	25.7	49	14.2	25.7	8.98	1.1619	0.00	116	1	100.0	5
12/12/19	7:45 a	27.2	27.2	27.1	89	25.2	0.9	SSW	0.27	2.2	S	27.2	31.7	31.7	34.7	1012.4	0.00	0.0	146	1.05	156	1.7	0.06	1.7	0.000	0.031	25.7	53	15.4	25.8	9.65	1.1606	0.00	114	1	100.0	5
12/12/19	7:50 a	27.3	27.3	27.2	88	25.1	0.4	SW	0.13	1.8	SSW	27.3	31.8	31.8	35.9	1012.5	0.00	0.0	205	1.47	230	1.9	0.07	2.1	0.000	0.031	25.7	55	15.9	25.8	9.92	1.1599	0.00	115	1	100.0	5
12/12/19	7:55 a	27.6	27.6	27.3	88	25.4	0.9	SW	0.27	2.2	SSW	27.6	32.6	32.6	37.3	1012.4	0.00	0.0	240	1.72	258	2.6	0.09	2.9	0.000	0.032	25.6	51	14.7	25.6	9.35	1.1619	0.00	116	1	100.0	5
12/12/19	8:00 a	27.9	27.9	27.6	87	25.5	1.3	SSW	0.40	2.7	SSW	27.9	33.3	33.3	37.7	1012.5	0.00	0.0	224	1.61	274	2.6	0.09	3.0	0.000	0.033	25.4	49	13.9	25.3	8.99	1.1634	0.15	114	1	100.0	5
12/12/19	8:05 a	28.1	28.1	27.8	87	25.7	1.3	SSW	0.40	2.7	SSW	28.1	33.8	33.8	38.9	1012.6	0.00	0.0	280	2.01	285	3.3	0.12	3.7	0.000	0.034	25.3	49	13.8	25.2	9.00	1.1643	0.00	117	1	100.0	5
12/12/19	8:10 a	28.5	28.5	28.1	85	25.7	1.3	SSW	0.40	3.1	S	28.5	34.7	34.7	39.5	1012.6	0.00	0.0	260	1.86	271	3.8	0.14	3.9	0.000	0.035	25.3	53	15.0	25.3	9.65	1.1628	0.00	116	1	100.0	5
12/12/19	8:15 a	29.0	29.1	28.6	83	25.8	1.3	SSE	0.40	4.0	SSE	29.0	35.6	35.6	39.8	1012.7	0.00	0.0	227	1.63	274	3.8	0.14	4.0	0.000	0.037	25.3	55	15.6	25.4	9.95	1.1621	0.00	114	1	100.0	5
12/12/19	8:20 a	28.3	28.9	28.3	85	25.6	1.3	SSW	0.40	3.1	S	28.3	34.2	34.2	38.1	1012.5	0.00	0.0	217	1.56	309	2.9	0.10	3.9	0.000	0.035	25.3	55	15.6	25.4	9.95	1.1619	0.00	114	1	100.0	5
12/12/19	8:25 a	28.5	28.5	28.3	85	25.7	0.9	SSW	0.27	2.2	SSW	28.5	34.7	34.7	39.7	1012.6	0.00	0.0	289	2.07	339	3.0	0.11	3.4	0.000	0.035	25.3	54	15.3	25.4	9.80	1.1624	0.00	111	1	97.4	5
12/12/19	8:30 a	28.6	28.6	28.4	84	25.6	0.9	SSW	0.27	2.2	S	28.6	34.8	34.8	39.9	1012.5	0.00	0.0	302	2.16	364	3.6	0.13	4.3	0.000	0.036	25.3	55	15.6	25.4	9.95	1.1619	0.00	114	1	100.0	5
12/12/19	8:35 a	28.7	28.7	28.6	84	25.7	0.9	SSW	0.27	2.2	SSW	28.7	34.9	34.9	40.6	1012.6	0.00	0.0	349	2.50	353	3.3	0.12	4.1	0.000	0.036	25.3	57	16.1	25.5	10.25	1.1613	0.00	116	1	100.0	5
12/12/19	8:40 a	28.4	28.6	28.4	85	25.7	0.9	SW	0.27	3.1	SSW	28.4	34.5	34.5	39.7	1012.6	0.00	0.0	319	2.29	343	3.0	0.11	3.0	0.000	0.035	25.3	60	17.0	25.7	10.85	1.1598	0.00	117	1	100.0	5
12/12/19	8:45 a	28.6	28.6	28.4	84	25.6	1.3	SSW	0.40	2.2	SW	28.6	34.6	34.6	39.7	1012.5	0.00	0.0	315	2.26	338	3.2	0.11	3.7	0.000	0.035	25.3	58	16.5	25.6	10.45	1.1604	0.00	117	1	100.0	5
12/12/19	8:50 a	28.6	28.7	28.6	84	25.6	1.3	SW	0.40	1.8	S	28.6	34.8	34.8	39.2	1012.3	0.00	0.0	276	1.98	308	3.5	0.13	3.7	0.000	0.036	25.3	55	15.6	25.5	9.95	1.1614	0.00	115	1	100.0	5
12/12/19	8:55 a	28.6	28.6	28.4	85	25.8	0.9	SSW	0.27	1.8	SSW	28.6	34.8	34.8	38.5	1012.2	0.00	0.0	230	1.65	253	4.1	0.15	5.1	0.000	0.035	25.2	53	15.0	25.3	9.65	1.1626	0.00	114	1	100.0	5
12/12/19	9:00 a	28.7	28.7	28.6	86	26.1	1.3	SSW	0.40	2.7	S	28.7	35.3	35.3	40.3	1012.3	0.00	0.0	329	2.36	592	4.4	0.16	5.8	0.000	0.036	25.2	56	15.8	25.4	10.15	1.1615	0.23	114	1	100.0	5
12/12/19	9:05 a	29.1	29.1	28.6	84	26.1	1.3	W	0.40	2.7	W	29.1	36.1	36.1	45.4	1012.2	0.00	0.0	757	5.43	780	5.9	0.21	6.0	0.000	0.037	25.3	59	16.7	25.6	10.65	1.1601	0.00	115	1	100.0	5
12/12/19	9:10 a	29.7	29.7	29.1	83	26.5	1.3	W	0.40	2.7	WNW	29.7	37.6	37.6	46.6	1012.1	0.00	0.0	739	5.30	751	6.1	0.22	6.2	0.000	0.039	25.3	57	16.2	25.6	10.25	1.1603	0.00	114	1	100.0	5
12/12/19	9:15 a	29.8	29.9	29.7	81	26.2	1.3	W	0.40	3.1	W	29.8	37.6	37.6	46.5	1012.2	0.00	0.0	759	5.44	763	6.4	0.23	6.4	0.000	0.040	25.3	54	15.4	25.4	9.80	1.1616	0.00	116	1	100.0	5
12/12/19	9:20 a	29.7	29.8	29.7	80	25.9	0.9	SSW	0.27	2.7	SSE	29.7	36.9	36.9	43.8	1012.1	0.00	0.0	619	4.44	756	5.7	0.20	6.5	0.000	0.040	25.3	52	14.7	25.3	9.50	1.1626	0.00	115	1	100.0	5
12/12/19	9:25 a	30.1	30.1	29.7	80	26.3	1.3	WSW	0.40	2.7	SSW	30.1	38.1	38.1	46.6	1012.0	0.00	0.0	764	5.48	770	6.7	0.24	6.9	0.000	0.041	25.3	55	15.6	25.4	9.95	1.1613	0.00	115	1	100.0	5
12/12/19	9:30 a	30.2	30.2	29.9	80	26.4	0.9	SW	0.27	1.8	SSW	30.2	38.4	38.4	46.7	1011.9	0.00	0.0	772	5.53	784	7.0	0.25	7.1	0.000	0.041	25.3	58	16.5	25.6	10.45	1.1598	0.00	113	1	99.1	5
12/12/19	9:35 a	30.5	30.5	30.3	79	26.4	1.3	WNW	0.40	4.0	S	30.5	39.0	39.0	47.7	1011.9	0.00	0.0	812	5.82	824	7.3	0.26	7.3	0.000	0.042	25.4	55	15.7	25.6	9.94	1.1606	0.00	116	1	100.0	5
12/12/19	9:40 a	30.4	30.7	30.4	78	26.2	1.3	WSW	0.40	3.1	WSW	30.4	38.5	38.5	47.1	1011.8	0.00	0.0	820	5.88	824	7.4	0.26	7.4	0.000	0.042	25.3	52	14.8	25.4	9.50	1.1620	0.00	117	1	100.0	5
12/12/19	9:45 a	30.4	30.4	30.3	79	26.4	1.8	SSW	0.54	3.1	SSE	30.4	38.8	38.8	47.1	1011.8	0.00	0.0	817	5.86	831	7.5	0.27	7.6	0.000	0.042	25.3	51	14.4	25.3	9.35	1.1625	0.00	117	1	100.0	5
12/12/19	9:50 a	30.4	30.5	30.3	79	26.3	0.9	WNW	0.27	1.8	SSW	30.4	38.6	38.6	46.8	1011.7	0.00	0.0	826	5.92	833	7.6	0.27	7.6	0.000	0.042	25.3	55	15.6	25.4	9.95	1.1610	0.00	117	1	100.0	5
12/12/19	9:55 a	30.5	30.7	30.4	77	26.0	0.9	SSW	0.27	2.7	SW	30.5	38.4	38.4	46.1	1011.6	0.00	0.0	801	5.74	809	7.7	0.28	7.7	0.000	0.042	25.4	57	16.3	25.6	10.24	1.1595	0.00	117	1	100.0	5
12/12/19	10:00 a	30.7	30.7	30.4	78	26.4	1.3	SW	0.40	3.1	SSW	30.7	39.3	39.3	46.8	1011.6	0.00	0.0	797	5.71	798	7.8	0.28	7.9	0.000	0.043	25.4	55	15.7	25.6	9.94	1.1600	0.53	115	1	100.0	5
12/12/19	10:05 a	31.2	31.2	30.7	76	26.4	0.9	S	0.27	1.8	SW	31.2	40.1	40.1	47.5	1011.6	0.00	0.0	803	5.76	805	7.9	0.28	8.0	0.000	0.045	25.4	53	15.2	25.6	9.65	1.1607	0.00	114	1	100.0	5
12/12/19	10:10 a	31.2	31.4	31.2	77	26.7	1.3	SW	0.40	2.7	SW	31.2	40.6	40.6	47.9	1011.4	0.00	0.0	803	5.76	814	8.1	0.29	8.2	0.000	0.045	25.4	52	14.9	25.5	9.49	1.1609	0.00	114	1	100.0	5
12/12/19	10:15 a	30.8	31.2	30.8	74	25.7	1.8	SSW	0.54	2.7	SSW	30.8	38.4	38.4	45.6	1011.4	0.00	0.0	811	5.81	814	8.2	0.29	8.2	0.000	0.043	25.4	55	15.7	25.6	9.94	1.1598	0.00	117	1	100.0	5
12/12/19	10:20 a	31.0	31.0	30.8	77	26.5	1.8	S	0.54	3.1	S	31.0	39.9	39.9	47.0	1011.4	0.00	0.0	812	5.82	814	8.3	0.30	8.3	0.000	0.044	25.6	57	16.4	25.8	10.23	1.1584	0.00	117	1	100.0	5
12/12/19	10:25 a	31.0	31.1	30.8	77	26.5	0.9	S	0.27	2.7	W	31.0	39.9	39.9	46.9	1011.2	0.00	0.0	815	5.84	817	8.3	0.30	8.4	0.000	0.044	25.6	54	15.6	25.7	9.79	1.1593	0.00	116	1	100.0	5
12/12/19	10:30 a	31.2	31.2	31.0	76	26.4	0.9	SW	0.27	2.7	WSW	31.2	40.1	40.1	47.0	1011.2	0.00	0.0	818	5.86	819	7.9	0.28	8.4	0.000	0.045	25.6	53	15.3	25.7	9.65	1.1594	0.00	117	1	100.0	5
12/12/19	10:35 a	31.3	31.5	31.2	75	26.4	1.8	SSW	0.54	3.6	SSW	31.3	40.2	40.2	47.0	1011.1	0.00	0.0	812	5.82	826	8.4	0.30	8.5	0.000	0.045	25.6	51	14.7	25.6	9.35	1.1603	0.00	117	1	100.0	5
12/12/19	10:40 a	31.3	31.3	31.1	76	26.6	1.3	WSW	0.40	3.1	W	31.3	40.6	40.6	47.1	1010.9	0.00	0.0	783	5.61	830	8.5	0.30	8.6	0.000	0.045	25.6	54	15.6	25.7	9.79	1.1590	0.00	112	1	98.2	5
12/12/19	10:45 a	31.6	31.6	31.4	75	26.6	1.3	SW	0.40	4.0	WNW	31.6	41.1	41.1	47.8	1010.9	0.00	0.0	826	5.92	828	8.6	0.31	8.6	0.000	0.046	25.7	56	16.2	25.9	10.12	1.1577	0.00	114	1	100.0	5
12/12/19	10:50 a	31.3	31.6	31.3	75	26.4	1.3	SSW	0.40	3.6	W	31.3	40.2	40.2	46.8	1010.9	0.00	0.0	828	5.93	830	8.6	0.31	8.6	0.000	0.045	25.7	54	15.7	25.9	9.78	1.1582	0.00	116	1	100.0	5
12/12/19	10:55 a	31.7	31.7	31.4	75	26.7	1.3	SSW	0.40	3.1	S	31.7	41.2	41.2	47.8	1010.8	0.00	0.0	834	5.98	842	8.7	0.31	8.7	0.000	0.046	25.7	52	15.1	25.8	9.48	1.1588	0.00	117	1	100.0	5
12/12/19	11:00 a	32.1	32.1	31.7	74	26.8	0.9	S	0.27	3.1	WNW	32.1	42.1	42.1	48.6	1010.7	0.00	0.0	826	5.92	828	8.6	0.31	8.7	0.000	0.048	25.7	50	14.5	25.7	9.19	1.1597	0.56	117	1	100.0	5
12/12/19	11:05 a	32.2	32.2	32.1	72	26.5	1.3	W	0.40	2.7	W	32.2	41.9	41.9	48.3	1010.7	0.00	0.0	824	5.91	828	8.6	0.31	8.7	0.000	0.048	25.7	53	15.4	25.8	9.65	1.1586	0.00	115	1	100.0	5
12/12/19	11:10 a	32.3	32.3	32.2	73	26.8	1.3	W	0.40	3.6	W	32.3	42.4	42.4	49.1	1010.7	0.00	0.0	827	5.93	833	8.7	0.31	8.7	0.000	0.048	25.7	56	16.3	25.9	10.12	1.1571	0.00	117	1	100.0	5
12/12/19	11:15 a	32.2	32.4	32.2	71	26.3	1.8	WNW	0.54	3.6	WNW	32.2	41.5	41.5	48.2	1010.5	0.00	0.0	828	5.93	831	8.7	0.31	8.7	0.000	0.048	25.8	53	15.5	25.9	9.65	1.1578	0.00	116	1	100.0	5
12/12/19	11:20 a	32.0	32.3	32.0	71	26.1	1.3	NW	0.40	3.1	WNW	32.0	40.8	40.8	47.6	1010.4	0.00	0.0	827	5.93	828	8.6	0.31	8.7	0.000	0.047	25.8	50	14.6	25.8	9.18	1.1589	0.00	112	1	98.2	5
12/12/19	11:25 a	32.1	32.1	31.8	71	26.2	1.3	SW	0.40	3.1	WNW	32.1	41.2	41.2	48.0	1010.4	0.00	0.0	825	5.91	828	8.6	0.31	8.6	0.000	0.048	25.7	48	13.9	25.6	8.88	1.1599	0.00	114	1	100.0	5
12/12/19	11:30 a	32.7	32.7	32.1	70	26.5	1.3	WNW	0.40	4.5	NW	32.7	42.4	42.4	49.4	1010.4	0.00	0.0	820	5.88	821	8.6	0.31	8.6	0.000	0.050	25.7	52	15.1	25.8	9.48	1.1583	0.00	115	1	100.0	5
12/12/19	11:35 a	32.6	32.7	32.6	69	26.2	1.8	NW	0.54	4.0	WNW	32.6	41.9	41.9	48.8	1010.3	0.00	0.0	816	5.85	821	8.5	0.30	8.5	0.000	0.050	25.8	54	15.8	25.9	9.78	1.1572	0.00	114	1	100.0	5
12/12/19	11:40 a	32.3	32.6	32.3	69	25.9	1.8	WNW	0.54	4.0	WNW	32.3	41.1	41.1	48.0	1010.1	0.00	0.0	821	5.88	823	8.4	0.30	8.5	0.000	0.049	25.8	52	15.2	25.9	9.48	1.1574	0.00	117	1	100.0	5
12/12/19	11:45 a	32.0	32.3	31.9	70	25.8	1.3	W	0.40	3.1	SW	32.0	40.4	40.4	47.4	1010.1	0.00	0.0	823	5.90	824	8.4	0.30	8.4	0.000	0.047	25.8	51	14.9	25.9	9.35	1.1578	0.00	117	1	100.0	5
12/12/19	11:50 a	32.1	32.3	32.1	69	25.7	1.8	W	0.54	3.6	WNW	32.1	40.4	40.4	47.4	1010.0	0.00	0.0	824	5.91	830	8.3	0.30	8.3	0.000	0.048	25.8	49	14.3	25.8	8.98	1.1584	0.00	115	1	100.0	5
12/12/19	11:55 a	32.3	32.3	32.0	70	26.2	1.8	W	0.54	4.5	NW	32.3	41.4	41.4	48.4	1009.7	0.00	0.0	816	5.85	824	8.2	0.29	8.3	0.000	0.049	25.8	52	15.2	25.9	9.48	1.1570	0.00	112	1	98.2	5
12/12/19	12:00 p	32.5	32.6	32.3	69	26.1	2.2	WNW	0.67	4.0	WNW	32.5	41.6	41.6	48.6	1009.6	0.00	0.0	799	5.73	805	7.9	0.28	8.0	0.000	0.049	25.9	54	15.9	26.2	9.78	1.1555	0.58	112	1	98.2	5
12/12/19	12:05 p	31.9	32.5	31.9	68	25.2	1.8	WNW	0.54	3.1	WNW	31.9	39.5	39.5	46.5	1009.6	0.00	0.0	790	5.66	796	7.8	0.28	7.9	0.000	0.047	25.9	52	15.3	26.1	9.48	1.1562	0.00	115	1	100.0	5
12/12/19	12:10 p	32.4	32.4	31.9	66	25.2	1.8	W	0.54	4.0	W	32.4	40.2	40.2	47.2	1009.5	0.00	0.0	784	5.62	788	7.7	0.28	7.8	0.000	0.049	25.9	51	15.0	26.0	9.35	1.1565	0.00	116	1	100.0	5
12/12/19	12:15 p	32.5	32.5	32.2	68	25.8	1.8	WNW	0.54	3.6	WNW	32.5	41.2	41.2	48.3	1009.4	0.00	0.0	779	5.58	782	7.6	0.27	7.6	0.000	0.049	26.0	52	15.4	26.1	9.47	1.1557	0.00	114	1	100.0	5
12/12/19	12:20 p	32.4	32.7	32.4	67	25.5	1.8	NNW	0.54	3.6	W	32.4	40.7	40.7	47.7	1009.2	0.00	0.0	770	5.52	773	7.5	0.27	7.6	0.000	0.049	26.1	55	16.3	26.3	9.89	1.1541	0.00	113	1	99.1	5
12/12/19	12:25 p	32.4	32.7	32.4	67	25.5	1.3	NNW	0.40	3.1	WNW	32.4	40.7	40.7	47.7	1009.1	0.00	0.0	763	5.47	768	7.3	0.26	7.4	0.000	0.049	26.2	55	16.4	26.4	9.89	1.1534	0.00	113	1	99.1	5
12/12/19	12:30 p	32.6	32.8	32.4	67	25.7	1.3	NNW	0.40	3.6	WNW	32.6	41.2	41.2	48.2	1009.0	0.00	0.0	753	5.40	756	7.2	0.26	7.2	0.000	0.050	26.2	52	15.5	26.3	9.47	1.1545	0.00	116	1	100.0	5
12/12/19	12:35 p	33.1	33.1	32.6	66	25.9	1.8	NNW	0.54	4.0	WNW	33.1	42.0	42.0	49.0	1008.9	0.00	0.0	747	5.35	752	7.0	0.25	7.1	0.000	0.051	26.1	49	14.6	26.1	8.97	1.1558	0.00	110	1	96.5	5
12/12/19	12:40 p	32.7	33.0	32.6	67	25.7	1.8	NW	0.54	3.1	W	32.7	41.3	41.3	48.3	1008.8	0.00	0.0	738	5.29	742	6.8	0.24	6.9	0.000	0.050	26.1	49	14.5	26.0	8.97	1.1560	0.00	113	1	99.1	5
12/12/19	12:45 p	33.1	33.1	32.6	65	25.6	1.3	NW	0.40	3.6	NW	33.1	41.6	41.6	48.6	1008.7	0.00	0.0	723	5.18	733	6.6	0.24	6.7	0.000	0.051	26.1	53	15.8	26.3	9.65	1.1540	0.00	117	1	100.0	5
12/12/19	12:50 p	33.1	33.1	32.9	65	25.6	1.3	NW	0.40	4.0	N	33.1	41.6	41.6	48.5	1008.6	0.00	0.0	709	5.08	717	6.5	0.23	6.6	0.000	0.051	26.2	54	16.1	26.4	9.77	1.1532	0.00	115	1	100.0	5
12/12/19	12:55 p	32.9	33.1	32.8	66	25.7	1.3	NNW	0.40	2.7	W	32.9	41.7	41.7	48.6	1008.5	0.00	0.0	710	5.09	717	6.3	0.23	6.3	0.000	0.051	26.2	51	15.3	26.3	9.35	1.1539	0.00	116	1	100.0	5
12/12/19	1:00 p	33.1	33.1	32.9	66	25.9	1.8	NW	0.54	3.6	W	33.1	42.0	42.0	48.9	1008.5	0.00	0.0	703	5.04	712	6.1	0.22	6.2	0.000	0.051	26.2	49	14.6	26.1	8.97	1.1550	0.56	113	1	99.1	5
12/12/19	1:05 p	32.8	33.1	32.8	65	25.3	0.9	NNW	0.27	1.8	WNW	32.8	40.8	40.8	47.4	1008.4	0.00	0.0	641	4.59	682	5.7	0.20	5.9	0.000	0.050	26.1	49	14.6	26.1	8.97	1.1552	0.00	117	1	100.0	5
12/12/19	1:10 p	32.6	32.9	32.6	65	25.1	1.3	WNW	0.40	3.6	NW	32.6	40.2	40.2	46.8	1008.3	0.00	0.0	653	4.68	671	5.6	0.20	5.6	0.000	0.049	26.2	52	15.5	26.3	9.47	1.1536	0.00	116	1	100.0	5
12/12/19	1:15 p	32.7	32.7	32.5	65	25.3	1.8	NNW	0.54	4.0	N	32.7	40.7	40.7	47.3	1008.2	0.00	0.0	663	4.75	668	5.5	0.20	5.5	0.000	0.050	26.2	51	15.3	26.3	9.35	1.1536	0.00	113	1	99.1	5
12/12/19	1:20 p	32.7	32.8	32.7	65	25.3	2.2	NNE	0.67	4.0	N	32.7	40.7	40.7	47.3	1008.2	0.00	0.0	659	4.72	670	5.3	0.19	5.4	0.000	0.050	26.2	48	14.3	26.1	8.87	1.1549	0.00	115	1	100.0	5
12/12/19	1:25 p	32.6	32.7	32.4	66	25.4	2.2	N	0.67	4.5	NNE	32.6	40.8	40.8	47.4	1008.0	0.00	0.0	643	4.61	645	5.1	0.18	5.2	0.000	0.050	26.1	46	13.6	25.8	8.47	1.1560	0.00	115	1	100.0	5
12/12/19	1:30 p	32.8	32.8	32.6	66	25.6	1.8	N	0.54	3.1	NNE	32.8	41.4	41.4	48.0	1008.0	0.00	0.0	633	4.54	640	4.9	0.17	5.0	0.000	0.050	26.1	48	14.2	25.9	8.87	1.1554	0.00	114	1	100.0	5
12/12/19	1:35 p	32.6	32.8	32.6	67	25.7	1.3	NNE	0.40	2.2	NNE	32.6	41.2	41.2	47.7	1008.0	0.00	0.0	613	4.39	621	4.7	0.17	4.8	0.000	0.050	26.1	52	15.5	26.2	9.47	1.1536	0.00	117	1	100.0	5
12/12/19	1:40 p	32.5	32.8	32.5	66	25.3	1.8	NNW	0.54	3.6	W	32.5	40.4	40.4	46.9	1007.9	0.00	0.0	605	4.34	608	4.5	0.16	4.6	0.000	0.049	26.2	50	14.9	26.2	9.17	1.1539	0.00	116	1	100.0	5
12/12/19	1:45 p	32.6	32.7	32.4	67	25.6	1.8	NNW	0.54	3.6	N	32.6	41.0	41.0	47.3	1007.8	0.00	0.0	587	4.21	594	4.2	0.15	4.3	0.000	0.049	26.1	47	13.9	25.9	8.67	1.1553	0.00	115	1	100.0	5
12/12/19	1:50 p	32.7	32.7	32.5	66	25.5	1.3	NW	0.40	2.7	NNW	32.7	40.9	40.9	47.2	1007.9	0.00	0.0	577	4.14	582	4.0	0.14	4.1	0.000	0.050	26.1	45	13.2	25.7	8.37	1.1564	0.00	116	1	100.0	5
12/12/19	1:55 p	32.7	32.7	32.5	67	25.7	1.8	NNW	0.54	3.6	NW	32.7	41.3	41.3	47.5	1007.7	0.00	0.0	563	4.04	566	3.9	0.14	3.9	0.000	0.050	26.0	48	14.1	25.9	8.87	1.1553	0.00	113	1	99.1	5
12/12/19	2:00 p	32.7	32.7	32.6	66	25.5	1.8	NNW	0.54	3.6	NW	32.7	41.1	41.1	47.2	1007.7	0.00	0.0	552	3.96	557	3.7	0.13	3.8	0.000	0.050	26.1	51	15.2	26.2	9.35	1.1536	0.46	112	1	98.2	5
12/12/19	2:05 p	32.3	32.7	32.3	68	25.6	2.7	NNE	0.80	4.0	NW	32.3	40.6	40.6	46.6	1007.7	0.00	0.0	533	3.82	543	3.5	0.13	3.6	0.000	0.048	26.1	50	14.9	26.1	9.17	1.1540	0.00	110	1	96.5	5
12/12/19	2:10 p	32.2	32.3	32.2	69	25.8	2.2	N	0.67	4.0	N	32.2	40.6	40.6	46.6	1007.6	0.00	0.0	519	3.72	526	3.3	0.12	3.4	0.000	0.048	26.1	48	14.2	26.0	8.87	1.1547	0.00	114	1	100.0	5
12/12/19	2:15 p	32.1	32.2	32.1	69	25.7	2.2	N	0.67	4.0	N	32.1	40.4	40.4	46.3	1007.5	0.00	0.0	501	3.59	506	3.1	0.11	3.1	0.000	0.048	26.1	46	13.6	25.8	8.47	1.1553	0.00	117	1	100.0	5
12/12/19	2:20 p	31.9	32.1	31.9	69	25.5	1.8	N	0.54	3.6	NNE	31.9	39.9	39.9	45.7	1007.5	0.00	0.0	484	3.47	490	2.9	0.10	2.9	0.000	0.047	26.1	49	14.5	26.0	8.97	1.1544	0.00	115	1	100.0	5
12/12/19	2:25 p	32.2	32.2	31.9	69	25.8	1.3	N	0.40	3.6	N	32.2	40.6	40.6	46.2	1007.4	0.00	0.0	457	3.28	464	2.7	0.10	2.7	0.000	0.048	26.1	51	15.2	26.2	9.35	1.1532	0.00	117	1	100.0	5
12/12/19	2:30 p	32.0	32.2	32.0	71	26.1	1.8	NNW	0.54	4.0	N	32.0	40.8	40.8	46.3	1007.5	0.00	0.0	444	3.18	450	2.5	0.09	2.5	0.000	0.047	26.2	49	14.6	26.1	8.97	1.1538	0.00	115	1	100.0	5
12/12/19	2:35 p	31.9	32.0	31.9	70	25.8	1.8	NNW	0.54	4.0	NNW	31.9	40.3	40.3	45.6	1007.4	0.00	0.0	418	3.00	427	2.3	0.08	2.4	0.000	0.047	26.1	47	13.9	25.9	8.67	1.1549	0.00	113	1	99.1	5
12/12/19	2:40 p	31.8	32.0	31.8	70	25.7	1.8	NNE	0.54	4.9	N	31.8	40.0	40.0	44.9	1007.4	0.00	0.0	379	2.72	401	2.1	0.07	2.2	0.000	0.047	26.1	46	13.5	25.8	8.47	1.1555	0.00	114	1	100.0	5
12/12/19	2:45 p	31.7	31.9	31.7	69	25.3	1.8	N	0.54	4.0	NW	31.7	39.3	39.3	43.9	1007.5	0.00	0.0	353	2.53	369	1.8	0.06	1.9	0.000	0.046	26.1	50	14.8	26.1	9.17	1.1540	0.00	116	1	100.0	5
12/12/19	2:50 p	31.5	31.7	31.5	70	25.4	2.2	NW	0.67	4.5	WNW	31.5	39.1	39.1	42.4	1007.5	0.00	0.0	247	1.77	288	1.6	0.06	1.7	0.000	0.046	26.2	51	15.2	26.2	9.35	1.1531	0.00	116	1	100.0	5
12/12/19	2:55 p	31.0	31.5	31.0	72	25.4	2.2	NNE	0.67	4.9	NNE	31.0	38.3	38.3	40.3	1007.5	0.00	0.0	149	1.07	163	1.3	0.05	1.3	0.000	0.044	26.1	47	13.9	25.9	8.67	1.1550	0.00	116	1	100.0	5
12/12/19	3:00 p	30.6	31.0	30.6	73	25.2	2.2	N	0.67	4.9	NNE	30.6	37.6	37.6	39.0	1007.5	0.00	0.0	117	0.84	120	1.1	0.04	1.2	0.000	0.043	26.1	45	13.2	25.7	8.37	1.1560	0.30	117	1	100.0	5
12/12/19	3:05 p	30.5	30.6	30.4	75	25.6	2.2	NNW	0.67	4.9	N	30.5	37.8	37.8	39.4	1007.5	0.00	0.0	124	0.89	132	1.1	0.04	1.1	0.000	0.042	25.9	45	13.1	25.6	8.38	1.1565	0.00	114	1	100.0	5
12/12/19	3:10 p	30.6	30.6	30.5	75	25.6	2.2	NNW	0.67	4.5	N	30.6	37.9	37.9	39.8	1007.3	0.00	0.0	138	0.99	153	1.0	0.04	1.0	0.000	0.042	25.9	49	14.4	25.9	8.98	1.1547	0.00	113	1	99.1	5
12/12/19	3:15 p	30.6	30.6	30.5	76	25.8	1.8	NNW	0.54	4.0	NNW	30.6	38.2	38.2	40.4	1007.4	0.00	0.0	151	1.08	206	0.9	0.03	0.9	0.000	0.042	26.0	49	14.5	25.9	8.97	1.1546	0.00	113	1	99.1	5
12/12/19	3:20 p	30.5	30.6	30.4	75	25.6	2.2	NNE	0.67	4.5	NNW	30.5	37.8	37.8	41.6	1007.4	0.00	0.0	253	1.81	262	0.9	0.03	0.9	0.000	0.042	25.9	46	13.4	25.7	8.48	1.1561	0.00	113	1	99.1	5
12/12/19	3:25 p	30.6	30.6	30.4	75	25.6	2.2	NNW	0.67	4.5	N	30.6	37.9	37.9	41.5	1007.4	0.00	0.0	234	1.68	251	0.8	0.03	0.9	0.000	0.042	25.9	45	13.0	25.6	8.38	1.1567	0.00	116	1	100.0	5
12/12/19	3:30 p	30.5	30.6	30.5	76	25.8	2.2	N	0.67	4.9	N	30.5	38.1	38.1	41.2	1007.4	0.00	0.0	198	1.42	220	0.7	0.03	0.8	0.000	0.042	25.8	46	13.3	25.5	8.48	1.1568	0.00	117	1	100.0	5
12/12/19	3:35 p	30.3	30.5	30.3	76	25.6	2.2	N	0.67	5.4	N	30.3	37.4	37.4	39.7	1007.5	0.00	0.0	150	1.08	169	0.6	0.02	0.6	0.000	0.041	25.8	50	14.6	25.8	9.18	1.1554	0.00	116	1	100.0	5
12/12/19	3:40 p	30.0	30.3	30.0	77	25.5	2.7	NNE	0.80	5.4	N	30.0	36.9	36.9	38.9	1007.4	0.00	0.0	128	0.92	130	0.5	0.02	0.5	0.000	0.041	25.8	49	14.3	25.7	8.98	1.1557	0.00	115	1	100.0	5
12/12/19	3:45 p	30.0	30.1	30.0	78	25.7	2.2	NNE	0.67	4.5	N	30.0	37.2	37.2	39.1	1007.5	0.00	0.0	121	0.87	128	0.2	0.01	0.5	0.000	0.041	25.8	46	13.3	25.6	8.48	1.1567	0.00	115	1	100.0	5
12/12/19	3:50 p	29.9	30.0	29.9	78	25.7	1.8	NNW	0.54	4.5	NNE	29.9	37.1	37.1	38.8	1007.4	0.00	0.0	114	0.82	125	0.0	0.00	0.0	0.000	0.040	25.7	44	12.5	25.2	8.19	1.1582	0.00	112	1	98.2	5
12/12/19	3:55 p	29.8	29.9	29.8	79	25.7	2.2	N	0.67	4.9	NE	29.8	36.8	36.8	37.9	1007.5	0.00	0.0	78	0.56	88	0.0	0.00	0.0	0.000	0.040	25.6	46	13.1	25.2	8.49	1.1581	0.00	115	1	100.0	5
12/12/19	4:00 p	29.6	29.8	29.6	79	25.6	1.3	NNE	0.40	3.6	NNW	29.6	36.4	36.4	37.3	1007.6	0.00	0.0	63	0.45	69	0.0	0.00	0.0	0.000	0.039	25.6	49	14.1	25.5	8.99	1.1570	0.13	115	1	100.0	5
12/12/19	4:05 p	29.6	29.7	29.6	80	25.7	1.3	N	0.40	2.2	N	29.6	36.5	36.5	37.2	1007.6	0.00	0.0	55	0.39	56	0.0	0.00	0.0	0.000	0.039	25.6	47	13.5	25.4	8.69	1.1576	0.00	116	1	100.0	5
12/12/19	4:10 p	29.4	29.6	29.4	80	25.6	2.7	N	0.80	5.4	NNW	29.4	36.0	36.0	36.7	1007.8	0.00	0.0	50	0.36	53	0.0	0.00	0.0	0.000	0.038	25.6	44	12.4	25.1	8.19	1.1591	0.00	115	1	100.0	5
12/12/19	4:15 p	29.3	29.4	29.3	80	25.5	2.2	NNE	0.67	4.0	NNE	29.3	35.8	35.8	36.3	1007.8	0.00	0.0	43	0.31	46	0.0	0.00	0.0	0.000	0.038	25.4	43	11.9	24.9	8.05	1.1604	0.00	116	1	100.0	5
12/12/19	4:20 p	29.2	29.3	29.2	81	25.6	1.8	NNE	0.54	3.6	NNE	29.2	35.8	35.8	36.2	1007.9	0.00	0.0	36	0.26	39	0.0	0.00	0.0	0.000	0.038	25.3	46	12.9	25.1	8.50	1.1596	0.00	114	1	100.0	5
12/12/19	4:25 p	29.2	29.2	29.2	82	25.8	2.2	NNE	0.67	4.9	N	29.2	35.9	35.9	36.2	1008.0	0.00	0.0	29	0.21	32	0.0	0.00	0.0	0.000	0.038	25.4	49	13.9	25.3	9.00	1.1583	0.00	112	1	98.2	5
12/12/19	4:30 p	29.1	29.2	29.1	82	25.7	1.3	NNE	0.40	3.6	N	29.1	35.6	35.6	35.6	1008.1	0.00	0.0	21	0.15	25	0.0	0.00	0.0	0.000	0.037	25.4	46	12.9	25.1	8.50	1.1596	0.00	115	1	100.0	5
12/12/19	4:35 p	28.9	29.1	28.9	83	25.8	1.8	NNE	0.54	4.0	NNE	28.9	35.5	35.5	35.4	1008.0	0.00	0.0	15	0.11	18	0.0	0.00	0.0	0.000	0.037	25.3	44	12.1	24.9	8.20	1.1608	0.00	113	1	99.1	5
12/12/19	4:40 p	28.8	28.9	28.8	83	25.7	1.8	NNE	0.54	3.6	NNE	28.8	35.2	35.2	35.0	1008.1	0.00	0.0	9	0.06	11	0.0	0.00	0.0	0.000	0.036	25.2	41	11.0	24.6	7.75	1.1626	0.00	115	1	100.0	5
12/12/19	4:45 p	28.8	28.9	28.8	84	25.8	1.8	N	0.54	4.0	N	28.8	35.2	35.2	34.9	1008.2	0.00	0.0	4	0.03	7	0.0	0.00	0.0	0.000	0.036	25.1	45	12.3	24.8	8.41	1.1614	0.00	114	1	100.0	5
12/12/19	4:50 p	28.7	28.8	28.7	84	25.7	1.8	NNE	0.54	4.0	NNE	28.7	34.9	34.9	34.6	1008.3	0.00	0.0	0	0.00	0	0.0	0.00	0.0	0.000	0.036	25.2	47	13.1	24.9	8.70	1.1605	0.00	114	1	100.0	5
12/12/19	4:55 p	28.6	28.7	28.6	84	25.6	1.3	NNE	0.40	3.6	N	28.6	34.8	34.8	34.4	1008.3	0.00	0.0	0	0.00	0	0.0	0.00	0.0	0.000	0.036	25.1	44	12.0	24.7	8.21	1.1619	0.00	110	1	96.5	5
12/12/19	5:00 p	28.6	28.6	28.6	84	25.6	0.9	NNE	0.27	2.2	N	28.6	34.6	34.6	34.2	1008.4	0.00	0.0	0	0.00	0	0.0	0.00	0.0	0.000	0.035	25.0	41	10.8	24.4	7.75	1.1637	0.03	111	1	97.4	5
12/12/19	5:05 p	28.5	28.6	28.5	84	25.5	1.3	NNE	0.40	3.1	N	28.5	34.4	34.4	34.0	1008.4	0.00	0.0	0	0.00	0	0.0	0.00	0.0	0.000	0.035	24.9	42	11.1	24.4	7.91	1.1636	0.00	116	1	100.0	5
12/12/19	5:10 p	28.4	28.5	28.4	85	25.7	0.9	N	0.27	2.2	N	28.4	34.5	34.5	34.1	1008.6	0.00	0.0	0	0.00	0	0.0	0.00	0.0	0.000	0.035	25.0	44	11.9	24.6	8.21	1.1628	0.00	116	1	100.0	5
12/12/19	5:15 p	28.4	28.4	28.4	85	25.6	0.9	NNE	0.27	1.8	NNE	28.4	34.3	34.3	33.9	1008.6	0.00	0.0	0	0.00	0	0.0	0.00	0.0	0.000	0.035	25.1	46	12.7	24.8	8.51	1.1616	0.00	116	1	100.0	5
12/12/19	5:20 p	28.3	28.4	28.3	86	25.7	1.3	NNE	0.40	2.2	NNE	28.3	34.2	34.2	33.8	1008.7	0.00	0.0	0	0.00	0	0.0	0.00	0.0	0.000	0.035	25.3	48	13.5	25.1	8.90	1.1601	0.00	115	1	100.0	5
12/12/19	5:25 p	28.2	28.3	28.2	86	25.7	0.9	NNE	0.27	1.8	N	28.2	34.1	34.1	33.6	1008.6	0.00	0.0	0	0.00	0	0.0	0.00	0.0	0.000	0.034	25.4	49	13.9	25.3	8.99	1.1588	0.00	112	1	98.2	5
12/12/19	5:30 p	28.2	28.2	28.2	86	25.6	0.9	NNE	0.27	1.8	N	28.2	33.9	33.9	33.4	1008.8	0.00	0.0	0	0.00	0	0.0	0.00	0.0	0.000	0.034	25.6	52	15.0	25.7	9.49	1.1570	0.00	113	1	99.1	5
12/12/19	5:35 p	28.2	28.2	28.2	86	25.7	0.9	NNE	0.27	2.2	N	28.2	34.1	34.1	33.6	1008.9	0.00	0.0	0	0.00	0	0.0	0.00	0.0	0.000	0.034	25.8	55	16.1	26.0	9.91	1.1552	0.00	115	1	100.0	5
12/12/19	5:40 p	28.1	28.2	28.1	87	25.7	1.3	NNE	0.40	2.2	N	28.1	33.9	33.9	33.4	1008.9	0.00	0.0	0	0.00	0	0.0	0.00	0.0	0.000	0.034	26.0	59	17.4	26.4	10.60	1.1524	0.00	118	1	100.0	5
12/12/19	5:45 p	28.0	28.1	28.0	87	25.6	1.3	NNE	0.40	1.8	NE	28.0	33.6	33.6	33.1	1008.8	0.00	0.0	0	0.00	0	0.0	0.00	0.0	0.000	0.034	26.2	60	17.8	26.7	10.79	1.1511	0.00	117	1	100.0	5
12/12/19	5:50 p	28.0	28.1	27.9	87	25.6	1.3	NNE	0.40	3.6	N	28.0	33.6	33.6	33.1	1008.9	0.00	0.0	0	0.00	0	0.0	0.00	0.0	0.000	0.034	26.3	61	18.2	27.0	10.96	1.1499	0.00	115	1	100.0	5
12/12/19	5:55 p	27.9	28.0	27.9	87	25.5	1.8	NNE	0.54	3.6	N	27.9	33.3	33.3	32.8	1008.9	0.00	0.0	0	0.00	0	0.0	0.00	0.0	0.000	0.033	26.4	62	18.6	27.2	11.16	1.1489	0.00	117	1	100.0	5
12/12/19	6:00 p	27.8	27.9	27.8	87	25.5	1.3	NNE	0.40	3.6	N	27.8	33.2	33.2	32.6	1008.9	0.00	0.0	0	0.00	0	0.0	0.00	0.0	0.000	0.033	26.6	62	18.7	27.4	11.15	1.1484	0.03	116	1	100.0	5
12/12/19	6:05 p	27.8	27.9	27.8	88	25.7	1.8	NE	0.54	2.7	NNE	27.8	33.3	33.3	32.8	1008.9	0.00	0.0	0	0.00	0	0.0	0.00	0.0	0.000	0.033	26.6	62	18.7	27.5	11.15	1.1481	0.00	111	1	97.4	5
12/12/19	6:10 p	27.8	27.8	27.7	88	25.6	1.8	NNE	0.54	2.7	N	27.8	33.2	33.2	32.7	1009.0	0.00	0.0	0	0.00	0	0.0	0.00	0.0	0.000	0.033	26.7	63	19.1	27.7	11.35	1.1471	0.00	115	1	100.0	5
12/12/19	6:15 p	27.7	27.8	27.7	88	25.6	1.3	NNE	0.40	2.7	NE	27.7	33.1	33.1	32.5	1009.1	0.00	0.0	0	0.00	0	0.0	0.00	0.0	0.000	0.033	26.8	63	19.1	27.8	11.35	1.1469	0.00	116	1	100.0	5
12/12/19	6:20 p	27.7	27.7	27.7	88	25.6	1.8	NE	0.54	3.1	NNE	27.7	33.1	33.1	32.5	1009.2	0.00	0.0	0	0.00	0	0.0	0.00	0.0	0.000	0.033	26.9	63	19.2	28.0	11.34	1.1465	0.00	115	1	100.0	5
12/12/19	6:25 p	27.7	27.7	27.7	88	25.6	0.9	NE	0.27	2.2	NE	27.7	33.1	33.1	32.5	1009.2	0.00	0.0	0	0.00	0	0.0	0.00	0.0	0.000	0.033	26.9	64	19.6	28.2	11.54	1.1458	0.00	115	1	100.0	5
12/12/19	6:30 p	27.7	27.8	27.7	88	25.6	0.9	NE	0.27	2.2	NE	27.7	33.1	33.1	32.5	1009.2	0.00	0.0	0	0.00	0	0.0	0.00	0.0	0.000	0.033	27.0	64	19.6	28.3	11.54	1.1455	0.00	114	1	100.0	5
12/12/19	6:35 p	27.7	27.7	27.7	88	25.5	0.4	NE	0.13	1.3	NE	27.7	32.9	32.9	32.3	1009.4	0.00	0.0	0	0.00	0	0.0	0.00	0.0	0.000	0.032	27.1	64	19.7	28.4	11.53	1.1451	0.00	113	1	99.1	5
12/12/19	6:40 p	27.6	27.7	27.6	89	25.6	0.9	NE	0.27	1.3	NE	27.6	32.9	32.9	32.4	1009.5	0.00	0.0	0	0.00	0	0.0	0.00	0.0	0.000	0.032	27.1	65	20.0	28.6	11.73	1.1448	0.00	113	1	99.1	5
12/12/19	6:45 p	27.4	27.6	27.4	89	25.5	0.9	NNE	0.27	2.2	NE	27.4	32.4	32.4	31.9	1009.5	0.00	0.0	0	0.00	0	0.0	0.00	0.0	0.000	0.032	27.2	65	20.1	28.7	11.73	1.1442	0.00	117	1	100.0	5
12/12/19	6:50 p	27.5	27.5	27.4	89	25.5	0.4	NNE	0.13	1.8	NNE	27.5	32.6	32.6	32.1	1009.8	0.00	0.0	0	0.00	0	0.0	0.00	0.0	0.000	0.032	27.2	65	20.1	28.7	11.73	1.1446	0.00	115	1	100.0	5
12/12/19	6:55 p	27.5	27.5	27.4	89	25.5	1.3	NE	0.40	2.2	NE	27.5	32.6	32.6	32.1	1009.8	0.00	0.0	0	0.00	0	0.0	0.00	0.0	0.000	0.032	27.3	65	20.1	28.8	11.73	1.1443	0.00	114	1	100.0	5
12/12/19	7:00 p	27.5	27.6	27.5	89	25.5	0.9	NE	0.27	1.3	NE	27.5	32.6	32.6	32.1	1009.9	0.00	0.0	0	0.00	0	0.0	0.00	0.0	0.000	0.032	27.3	66	20.4	29.1	11.93	1.1436	0.03	114	1	100.0	5
12/12/19	7:05 p	27.4	27.5	27.4	89	25.5	0.9	NNE	0.27	1.3	NNE	27.4	32.4	32.4	31.9	1009.9	0.00	0.0	0	0.00	0	0.0	0.00	0.0	0.000	0.032	27.3	66	20.4	29.1	11.93	1.1436	0.00	114	1	100.0	5
12/12/19	7:10 p	27.3	27.4	27.3	89	25.4	0.9	NE	0.27	1.8	NNE	27.3	32.1	32.1	31.6	1009.9	0.00	0.0	0	0.00	0	0.0	0.00	0.0	0.000	0.031	27.4	66	20.5	29.2	11.92	1.1433	0.00	113	1	99.1	5
12/12/19	7:15 p	27.3	27.3	27.3	90	25.5	0.9	NE	0.27	1.3	NE	27.3	32.1	32.1	31.6	1010.1	0.00	0.0	0	0.00	0	0.0	0.00	0.0	0.000	0.031	27.4	66	20.5	29.2	11.92	1.1432	0.00	112	1	98.2	5
12/12/19	7:20 p	27.3	27.3	27.2	90	25.5	0.4	NNE	0.13	1.8	NNE	27.3	32.1	32.1	31.6	1010.1	0.00	0.0	0	0.00	0	0.0	0.00	0.0	0.000	0.031	27.5	66	20.6	29.3	11.92	1.1429	0.00	114	1	100.0	5
12/12/19	7:25 p	27.2	27.3	27.2	90	25.4	0.4	NNE	0.13	1.3	NNE	27.2	31.9	31.9	31.4	1010.2	0.00	0.0	0	0.00	0	0.0	0.00	0.0	0.000	0.031	27.5	66	20.6	29.3	11.92	1.1431	0.00	114	1	100.0	5
12/12/19	7:30 p	27.2	27.2	27.1	91	25.6	0.9	NE	0.27	1.8	NE	27.2	32.0	32.0	31.5	1010.4	0.00	0.0	0	0.00	0	0.0	0.00	0.0	0.000	0.031	27.5	66	20.6	29.3	11.92	1.1433	0.00	113	1	99.1	5
12/12/19	7:35 p	27.1	27.2	27.1	91	25.5	0.9	ENE	0.27	2.2	NE	27.1	31.8	31.8	31.3	1010.3	0.00	0.0	0	0.00	0	0.0	0.00	0.0	0.000	0.030	27.5	66	20.6	29.3	11.92	1.1432	0.00	114	1	100.0	5
12/12/19	7:40 p	27.2	27.2	27.1	91	25.6	1.3	NE	0.40	2.2	NE	27.2	32.0	32.0	31.5	1010.3	0.00	0.0	0	0.00	0	0.0	0.00	0.0	0.000	0.031	27.6	67	20.9	29.6	12.12	1.1425	0.00	114	1	100.0	5
12/12/19	7:45 p	27.1	27.2	27.1	91	25.5	0.9	NE	0.27	1.3	NE	27.1	31.8	31.8	31.3	1010.3	0.00	0.0	0	0.00	0	0.0	0.00	0.0	0.000	0.030	27.6	67	20.9	29.6	12.12	1.1425	0.00	111	1	97.4	5
12/12/19	7:50 p	27.1	27.2	27.1	91	25.5	1.3	NE	0.40	2.2	NE	27.1	31.8	31.8	31.3	1010.2	0.00	0.0	0	0.00	0	0.0	0.00	0.0	0.000	0.030	27.6	67	20.9	29.7	12.12	1.1421	0.00	115	1	100.0	5
12/12/19	7:55 p	27.1	27.2	27.1	92	25.7	1.3	NE	0.40	2.2	NE	27.1	32.1	32.1	31.6	1010.3	0.00	0.0	0	0.00	0	0.0	0.00	0.0	0.000	0.030	27.7	67	21.0	29.8	12.11	1.1419	0.00	115	1	100.0	5
12/12/19	8:00 p	27.1	27.1	27.1	92	25.7	1.3	NE	0.40	2.2	ENE	27.1	32.1	32.1	31.6	1010.3	0.00	0.0	0	0.00	0	0.0	0.00	0.0	0.000	0.030	27.7	67	21.0	29.8	12.11	1.1418	0.03	113	1	99.1	5
12/12/19	8:05 p	27.1	27.2	27.1	92	25.7	0.4	NE	0.13	0.9	NE	27.1	32.1	32.1	31.6	1010.4	0.00	0.0	0	0.00	0	0.0	0.00	0.0	0.000	0.030	27.7	67	21.0	29.8	12.11	1.1420	0.00	113	1	99.1	5
12/12/19	8:10 p	27.1	27.1	27.1	92	25.7	0.4	NNE	0.13	1.3	NNE	27.1	32.1	32.1	31.6	1010.3	0.00	0.0	0	0.00	0	0.0	0.00	0.0	0.000	0.030	27.7	68	21.2	29.9	12.31	1.1415	0.00	112	1	98.2	5
12/12/19	8:15 p	27.1	27.2	27.1	92	25.7	0.4	NNE	0.13	0.9	NNE	27.1	32.1	32.1	31.6	1010.5	0.00	0.0	0	0.00	0	0.0	0.00	0.0	0.000	0.030	27.7	68	21.3	30.0	12.31	1.1413	0.00	111	1	97.4	5
12/12/19	8:20 p	27.1	27.1	27.1	92	25.7	0.9	NE	0.27	1.8	NE	27.1	32.1	32.1	31.6	1010.5	0.00	0.0	0	0.00	0	0.0	0.00	0.0	0.000	0.030	27.7	68	21.2	29.9	12.31	1.1417	0.00	112	1	98.2	5
12/12/19	8:25 p	27.1	27.1	27.1	92	25.7	1.3	NE	0.40	2.2	NE	27.1	32.1	32.1	31.6	1010.5	0.00	0.0	0	0.00	0	0.0	0.00	0.0	0.000	0.030	27.7	68	21.3	30.0	12.31	1.1413	0.00	115	1	100.0	5
12/12/19	8:30 p	27.1	27.1	27.1	92	25.7	0.9	NNE	0.27	1.8	NNE	27.1	32.1	32.1	31.6	1010.5	0.00	0.0	0	0.00	0	0.0	0.00	0.0	0.000	0.030	27.7	68	21.3	30.0	12.31	1.1413	0.00	114	1	100.0	5
12/12/19	8:35 p	27.1	27.1	27.1	92	25.7	0.9	NE	0.27	1.8	NE	27.1	32.1	32.1	31.6	1010.6	0.00	0.0	0	0.00	0	0.0	0.00	0.0	0.000	0.030	27.7	68	21.3	30.0	12.31	1.1415	0.00	114	1	100.0	5
12/12/19	8:40 p	27.1	27.2	27.1	92	25.6	0.9	ENE	0.27	1.3	NE	27.1	31.9	31.9	31.4	1010.7	0.00	0.0	0	0.00	0	0.0	0.00	0.0	0.000	0.030	27.8	68	21.3	30.1	12.31	1.1414	0.00	115	1	100.0	5
12/12/19	8:45 p	27.1	27.1	27.1	92	25.6	0.4	ENE	0.13	0.9	ENE	27.1	31.9	31.9	31.4	1010.7	0.00	0.0	0	0.00	0	0.0	0.00	0.0	0.000	0.030	27.7	68	21.3	30.0	12.31	1.1416	0.00	115	1	100.0	5
12/12/19	8:50 p	27.0	27.1	27.0	92	25.6	0.0	ENE	0.00	0.4	ENE	27.0	31.8	31.8	31.3	1010.7	0.00	0.0	0	0.00	0	0.0	0.00	0.0	0.000	0.030	27.8	68	21.3	30.1	12.31	1.1413	0.00	113	1	99.1	5
12/12/19	8:55 p	27.0	27.0	26.9	92	25.6	0.4	ENE	0.13	1.3	ENE	27.0	31.8	31.8	31.3	1010.7	0.00	0.0	0	0.00	0	0.0	0.00	0.0	0.000	0.030	27.8	68	21.3	30.1	12.31	1.1413	0.00	112	1	98.2	5
12/12/19	9:00 p	27.0	27.0	26.9	92	25.6	0.4	ENE	0.13	0.9	ENE	27.0	31.8	31.8	31.3	1010.7	0.00	0.0	0	0.00	0	0.0	0.00	0.0	0.000	0.030	27.8	69	21.6	30.3	12.47	1.1405	0.00	112	1	98.2	5
12/12/19	9:05 p	26.9	27.0	26.9	92	25.5	0.9	ENE	0.27	1.3	ENE	26.9	31.6	31.6	31.1	1010.7	0.00	0.0	0	0.00	0	0.0	0.00	0.0	0.000	0.030	27.8	68	21.4	30.2	12.31	1.1410	0.00	114	1	100.0	5
12/12/19	9:10 p	27.0	27.0	26.9	92	25.6	0.9	ENE	0.27	1.3	ENE	27.0	31.8	31.8	31.3	1010.7	0.00	0.0	0	0.00	0	0.0	0.00	0.0	0.000	0.030	27.8	68	21.4	30.2	12.31	1.1410	0.00	113	1	99.1	5
12/12/19	9:15 p	27.1	27.1	27.0	92	25.6	0.9	E	0.27	1.3	E	27.1	31.9	31.9	31.4	1010.6	0.00	0.0	0	0.00	0	0.0	0.00	0.0	0.000	0.030	27.8	68	21.4	30.2	12.31	1.1409	0.00	115	1	100.0	5
12/12/19	9:20 p	27.1	27.1	27.0	92	25.6	0.4	E	0.13	1.3	E	27.1	31.9	31.9	31.4	1010.7	0.00	0.0	0	0.00	0	0.0	0.00	0.0	0.000	0.030	27.8	68	21.4	30.2	12.31	1.1410	0.00	111	1	97.4	5
12/12/19	9:25 p	27.1	27.1	27.0	92	25.6	0.4	E	0.13	1.3	E	27.1	31.9	31.9	31.4	1010.7	0.00	0.0	0	0.00	0	0.0	0.00	0.0	0.000	0.030	27.8	69	21.6	30.3	12.47	1.1406	0.00	111	1	97.4	5
12/12/19	9:30 p	27.0	27.1	27.0	92	25.6	0.9	E	0.27	1.3	E	27.0	31.8	31.8	31.3	1010.6	0.00	0.0	0	0.00	0	0.0	0.00	0.0	0.000	0.030	27.8	69	21.6	30.3	12.47	1.1404	0.00	113	1	99.1	5
12/12/19	9:35 p	26.9	27.0	26.9	92	25.5	0.4	E	0.13	1.3	E	26.9	31.6	31.6	31.1	1010.6	0.00	0.0	0	0.00	0	0.0	0.00	0.0	0.000	0.030	27.8	69	21.6	30.3	12.47	1.1405	0.00	111	1	97.4	5
12/12/19	9:40 p	26.9	26.9	26.9	92	25.5	0.9	E	0.27	1.3	E	26.9	31.4	31.4	30.9	1010.6	0.00	0.0	0	0.00	0	0.0	0.00	0.0	0.000	0.030	27.8	68	21.4	30.2	12.31	1.1409	0.00	116	1	100.0	5
12/12/19	9:45 p	26.9	26.9	26.8	92	25.5	0.9	E	0.27	1.3	E	26.9	31.4	31.4	30.9	1010.5	0.00	0.0	0	0.00	0	0.0	0.00	0.0	0.000	0.030	27.9	69	21.7	30.4	12.46	1.1400	0.00	117	1	100.0	5
12/12/19	9:50 p	26.8	26.9	26.8	93	25.6	0.9	E	0.27	1.3	ENE	26.8	31.3	31.3	30.8	1010.4	0.00	0.0	0	0.00	0	0.0	0.00	0.0	0.000	0.029	27.8	69	21.6	30.3	12.47	1.1403	0.00	114	1	100.0	5
12/12/19	9:55 p	26.7	26.8	26.7	93	25.5	0.4	E	0.13	1.3	E	26.7	31.2	31.2	30.7	1010.4	0.00	0.0	0	0.00	0	0.0	0.00	0.0	0.000	0.029	27.9	69	21.7	30.4	12.46	1.1399	0.00	111	1	97.4	5
12/12/19	10:00 p	26.7	26.8	26.7	93	25.5	0.4	E	0.13	0.9	E	26.7	31.2	31.2	30.7	1010.3	0.00	0.0	0	0.00	0	0.0	0.00	0.0	0.000	0.029	27.8	69	21.6	30.3	12.47	1.1401	0.00	112	1	98.2	5
12/12/19	10:05 p	26.7	26.7	26.6	93	25.4	0.4	E	0.13	0.9	E	26.7	31.1	31.1	30.5	1010.3	0.00	0.0	0	0.00	0	0.0	0.00	0.0	0.000	0.029	27.9	69	21.7	30.4	12.46	1.1398	0.00	114	1	100.0	5
12/12/19	10:10 p	26.7	26.7	26.7	93	25.5	0.9	E	0.27	1.3	E	26.7	31.2	31.2	30.7	1010.3	0.00	0.0	0	0.00	0	0.0	0.00	0.0	0.000	0.029	27.9	69	21.7	30.4	12.46	1.1398	0.00	115	1	100.0	5
12/12/19	10:15 p	26.7	26.7	26.7	93	25.5	0.4	E	0.13	1.3	E	26.7	31.2	31.2	30.7	1010.3	0.00	0.0	0	0.00	0	0.0	0.00	0.0	0.000	0.029	27.9	70	21.9	30.6	12.72	1.1394	0.00	114	1	100.0	5
12/12/19	10:20 p	26.7	26.7	26.7	93	25.4	0.9	E	0.27	1.3	E	26.7	31.1	31.1	30.5	1010.3	0.00	0.0	0	0.00	0	0.0	0.00	0.0	0.000	0.029	27.9	70	21.9	30.6	12.72	1.1393	0.00	114	1	100.0	5
12/12/19	10:25 p	26.6	26.7	26.6	93	25.4	0.4	E	0.13	1.3	E	26.6	30.9	30.9	30.4	1010.3	0.00	0.0	0	0.00	0	0.0	0.00	0.0	0.000	0.029	27.9	70	21.9	30.6	12.72	1.1394	0.00	113	1	99.1	5
12/12/19	10:30 p	26.6	26.7	26.6	93	25.4	0.4	E	0.13	0.9	E	26.6	30.9	30.9	30.4	1010.2	0.00	0.0	0	0.00	0	0.0	0.00	0.0	0.000	0.029	27.9	69	21.7	30.4	12.46	1.1397	0.00	112	1	98.2	5
12/12/19	10:35 p	26.5	26.6	26.5	94	25.5	0.0	E	0.00	0.4	E	26.5	30.8	30.8	30.2	1010.3	0.00	0.0	0	0.00	0	0.0	0.00	0.0	0.000	0.028	27.9	70	21.9	30.6	12.72	1.1394	0.00	112	1	98.2	5
12/12/19	10:40 p	26.6	26.6	26.5	94	25.6	0.4	E	0.13	0.9	E	26.6	31.1	31.1	30.6	1010.4	0.00	0.0	0	0.00	0	0.0	0.00	0.0	0.000	0.029	27.9	69	21.7	30.4	12.46	1.1399	0.00	114	1	100.0	5
12/12/19	10:45 p	26.5	26.6	26.5	93	25.3	0.4	S	0.13	1.3	S	26.5	30.7	30.7	30.1	1010.4	0.00	0.0	0	0.00	0	0.0	0.00	0.0	0.000	0.028	27.9	70	21.9	30.6	12.72	1.1395	0.00	116	1	100.0	5
12/12/19	10:50 p	26.3	26.5	26.3	93	25.1	0.4	S	0.13	0.9	S	26.3	30.2	30.2	29.7	1010.4	0.00	0.0	0	0.00	0	0.0	0.00	0.0	0.000	0.028	27.9	70	21.9	30.6	12.72	1.1395	0.00	116	1	100.0	5
12/12/19	10:55 p	26.4	26.4	26.3	94	25.3	0.0	S	0.00	0.4	S	26.4	30.5	30.5	29.9	1010.3	0.00	0.0	0	0.00	0	0.0	0.00	0.0	0.000	0.028	27.9	70	21.9	30.6	12.72	1.1393	0.00	114	1	100.0	5
12/12/19	11:00 p	26.4	26.4	26.4	93	25.2	0.0	S	0.00	0.4	S	26.4	30.4	30.4	29.8	1010.2	0.00	0.0	0	0.00	0	0.0	0.00	0.0	0.000	0.028	27.9	70	21.9	30.6	12.72	1.1392	0.00	112	1	98.2	5
12/12/19	11:05 p	26.4	26.4	26.4	93	25.2	0.0	S	0.00	0.9	S	26.4	30.4	30.4	29.8	1010.3	0.00	0.0	0	0.00	0	0.0	0.00	0.0	0.000	0.028	27.9	70	21.9	30.6	12.72	1.1393	0.00	114	1	100.0	5
12/12/19	11:10 p	26.3	26.4	26.3	94	25.3	0.0	S	0.00	0.4	S	26.3	30.4	30.4	29.8	1010.3	0.00	0.0	0	0.00	0	0.0	0.00	0.0	0.000	0.028	27.9	70	22.0	30.7	12.71	1.1391	0.00	116	1	100.0	5
12/12/19	11:15 p	26.3	26.3	26.3	94	25.3	0.0	---	0.00	0.0	---	26.3	30.4	30.4	29.8	1010.4	0.00	0.0	0	0.00	0	0.0	0.00	0.0	0.000	0.028	27.9	70	21.9	30.6	12.72	1.1395	0.00	114	1	100.0	5
12/12/19	11:20 p	26.3	26.3	26.2	94	25.2	0.0	S	0.00	0.4	S	26.3	30.2	30.2	29.7	1010.5	0.00	0.0	0	0.00	0	0.0	0.00	0.0	0.000	0.028	27.9	70	21.9	30.6	12.72	1.1396	0.00	116	1	100.0	5
12/12/19	11:25 p	26.3	26.3	26.3	94	25.3	0.4	S	0.13	0.9	S	26.3	30.4	30.4	29.8	1010.4	0.00	0.0	0	0.00	0	0.0	0.00	0.0	0.000	0.028	27.8	70	21.9	30.5	12.72	1.1398	0.00	115	1	100.0	5
12/12/19	11:30 p	26.4	26.4	26.3	94	25.3	0.4	S	0.13	0.9	S	26.4	30.5	30.5	29.9	1010.5	0.00	0.0	0	0.00	0	0.0	0.00	0.0	0.000	0.028	27.9	71	22.1	30.8	12.96	1.1391	0.00	112	1	98.2	5
12/12/19	11:35 p	26.3	26.4	26.3	94	25.3	0.0	S	0.00	0.9	S	26.3	30.4	30.4	29.8	1010.4	0.00	0.0	0	0.00	0	0.0	0.00	0.0	0.000	0.028	27.9	71	22.1	30.8	12.96	1.1390	0.00	112	1	98.2	5
12/12/19	11:40 p	26.3	26.3	26.3	94	25.3	0.0	S	0.00	0.9	S	26.3	30.4	30.4	29.8	1010.3	0.00	0.0	0	0.00	0	0.0	0.00	0.0	0.000	0.028	27.9	71	22.1	30.8	12.96	1.1390	0.00	111	1	97.4	5
12/12/19	11:45 p	26.3	26.3	26.3	94	25.2	0.4	S	0.13	0.9	S	26.3	30.2	30.2	29.7	1010.2	0.00	0.0	0	0.00	0	0.0	0.00	0.0	0.000	0.028	27.9	71	22.1	30.8	12.96	1.1389	0.00	115	1	100.0	5
12/12/19	11:50 p	26.2	26.3	26.2	95	25.4	0.4	S	0.13	0.9	S	26.2	30.2	30.2	29.7	1010.4	0.00	0.0	0	0.00	0	0.0	0.00	0.0	0.000	0.027	27.9	70	21.9	30.6	12.72	1.1395	0.00	113	1	99.1	5
12/12/19	11:55 p	26.1	26.2	26.1	94	25.1	0.4	S	0.13	1.3	S	26.1	29.8	29.8	29.3	1010.3	0.00	0.0	0	0.00	0	0.0	0.00	0.0	0.000	0.027	27.8	70	21.9	30.5	12.72	1.1397	0.00	116	1	100.0	5
