		Temp	Hi	Low	Out	Dew	Wind	Wind	Wind	Hi	Hi	Wind	Heat	THW	THSW			Rain	Solar	Solar	Hi Solar	UV 	UV 	Hi 	Heat	Cool	In 	In	In 	In 	In 	In Air		Wind	Wind	ISS 	Arc.
Date	Time	Out	Temp	Temp	Hum	Pt.	Speed	Dir	Run	Speed	Dir	Chill	Index	Index	Index	Bar  	Rain	Rate	Rad.	Energy	Rad. 	Index	Dose	UV 	D-D 	D-D 	Temp	Hum	Dew	Heat	EMC	Density	ET 	Samp	Tx 	Recept	Int.
26/06/19	12:00 a	25.9	25.9	25.9	92	24.5	0.4	NNE	0.13	1.3	NNE	25.9	29.2	29.2	28.6	760.3	0.00	0.0	0	0.00	0	0.0	0.00	0.0	0.000	0.026	28.2	75	23.4	32.1	14.29	 .8462	0.00	117	1	100.0	5
26/06/19	12:05 a	25.9	25.9	25.9	92	24.5	0.4	NE	0.13	1.3	NE	25.9	29.1	29.1	28.5	760.3	0.00	0.0	0	0.00	0	0.0	0.00	0.0	0.000	0.026	28.2	75	23.4	32.1	14.29	 .8461	0.00	116	1	100.0	5
26/06/19	12:10 a	25.9	25.9	25.8	93	24.7	0.9	NE	0.27	1.3	NE	25.9	29.2	29.2	28.6	760.2	0.00	0.0	0	0.00	0	0.0	0.00	0.0	0.000	0.026	28.2	75	23.4	32.1	14.29	 .8461	0.00	117	1	100.0	5
26/06/19	12:15 a	25.8	25.8	25.8	93	24.6	0.4	NE	0.13	0.9	NE	25.8	28.9	28.9	28.4	760.1	0.00	0.0	0	0.00	0	0.0	0.00	0.0	0.000	0.026	28.2	75	23.4	32.1	14.29	 .8460	0.00	117	1	100.0	5
26/06/19	12:20 a	25.7	25.8	25.7	93	24.5	0.0	---	0.00	0.0	---	25.7	28.8	28.8	28.2	760.0	0.00	0.0	0	0.00	0	0.0	0.00	0.0	0.000	0.026	28.2	75	23.4	32.1	14.29	 .8458	0.00	117	1	100.0	5
26/06/19	12:25 a	25.7	25.7	25.7	93	24.5	0.0	NE	0.00	0.4	NE	25.7	28.8	28.8	28.2	759.9	0.00	0.0	0	0.00	0	0.0	0.00	0.0	0.000	0.026	28.2	75	23.4	32.1	14.29	 .8457	0.00	113	1	99.1	5
26/06/19	12:30 a	25.7	25.7	25.7	93	24.4	0.0	---	0.00	0.0	---	25.7	28.7	28.7	28.1	759.8	0.00	0.0	0	0.00	0	0.0	0.00	0.0	0.000	0.025	28.2	75	23.4	32.1	14.29	 .8456	0.00	115	1	100.0	5
26/06/19	12:35 a	25.7	25.7	25.7	93	24.5	0.0	---	0.00	0.0	---	25.7	28.8	28.8	28.2	759.8	0.00	0.0	0	0.00	0	0.0	0.00	0.0	0.000	0.026	28.2	75	23.4	32.1	14.29	 .8456	0.00	117	1	100.0	5
26/06/19	12:40 a	25.7	25.7	25.7	94	24.7	0.4	E	0.13	0.9	ENE	25.7	28.9	28.9	28.4	759.7	0.00	0.0	0	0.00	0	0.0	0.00	0.0	0.000	0.026	28.2	75	23.4	32.1	14.29	 .8455	0.00	117	1	100.0	5
26/06/19	12:45 a	25.8	25.8	25.7	92	24.4	0.9	E	0.27	1.3	E	25.8	28.9	28.9	28.3	759.6	0.00	0.0	0	0.00	0	0.0	0.00	0.0	0.000	0.026	28.2	75	23.4	32.1	14.29	 .8454	0.00	118	1	100.0	5
26/06/19	12:50 a	25.9	25.9	25.8	91	24.4	0.9	ENE	0.27	1.8	NE	25.9	29.1	29.1	28.4	759.4	0.00	0.0	0	0.00	0	0.0	0.00	0.0	0.000	0.026	28.2	75	23.4	32.1	14.29	 .8452	0.00	117	1	100.0	5
26/06/19	12:55 a	26.0	26.0	25.9	91	24.4	0.9	ENE	0.27	1.8	E	26.0	29.2	29.2	28.6	759.4	0.00	0.0	0	0.00	0	0.0	0.00	0.0	0.000	0.027	28.2	75	23.4	32.1	14.29	 .8451	0.00	115	1	100.0	5
26/06/19	1:00 a	26.0	26.1	26.0	91	24.4	0.9	ENE	0.27	2.2	NE	26.0	29.2	29.2	28.6	759.2	0.00	0.0	0	0.00	0	0.0	0.00	0.0	0.000	0.027	28.2	75	23.4	32.1	14.29	 .8449	0.00	114	1	100.0	5
26/06/19	1:05 a	26.1	26.1	26.1	91	24.5	0.9	ENE	0.27	2.2	NE	26.1	29.4	29.4	28.8	759.1	0.00	0.0	0	0.00	0	0.0	0.00	0.0	0.000	0.027	28.2	75	23.4	32.1	14.29	 .8448	0.00	115	1	100.0	5
26/06/19	1:10 a	26.1	26.1	26.1	90	24.3	1.3	ENE	0.40	2.7	E	26.1	29.3	29.3	28.7	759.0	0.00	0.0	0	0.00	0	0.0	0.00	0.0	0.000	0.027	28.2	76	23.6	32.3	14.59	 .8443	0.00	117	1	100.0	5
26/06/19	1:15 a	26.1	26.1	26.1	90	24.3	1.3	ENE	0.40	2.7	E	26.1	29.3	29.3	28.7	758.9	0.00	0.0	0	0.00	0	0.0	0.00	0.0	0.000	0.027	28.3	76	23.6	32.4	14.59	 .8438	0.00	117	1	100.0	5
26/06/19	1:20 a	26.2	26.2	26.1	90	24.4	1.3	ENE	0.40	2.7	ENE	26.2	29.4	29.4	28.8	758.9	0.00	0.0	0	0.00	0	0.0	0.00	0.0	0.000	0.027	28.2	76	23.6	32.3	14.59	 .8441	0.00	117	1	100.0	5
26/06/19	1:25 a	26.2	26.2	26.1	90	24.4	0.9	ENE	0.27	1.8	NE	26.2	29.4	29.4	28.8	758.9	0.00	0.0	0	0.00	0	0.0	0.00	0.0	0.000	0.027	28.3	76	23.6	32.4	14.59	 .8438	0.00	117	1	100.0	5
26/06/19	1:30 a	26.2	26.2	26.1	90	24.4	1.3	ENE	0.40	3.1	ENE	26.2	29.4	29.4	28.8	758.8	0.00	0.0	0	0.00	0	0.0	0.00	0.0	0.000	0.027	28.2	76	23.6	32.3	14.59	 .8440	0.00	117	1	100.0	5
26/06/19	1:35 a	26.1	26.2	26.1	90	24.3	1.3	ENE	0.40	3.1	ENE	26.1	29.3	29.3	28.7	758.8	0.00	0.0	0	0.00	0	0.0	0.00	0.0	0.000	0.027	28.3	76	23.6	32.4	14.59	 .8437	0.00	114	1	100.0	5
26/06/19	1:40 a	26.1	26.2	26.1	91	24.5	1.8	E	0.54	3.6	ENE	26.1	29.4	29.4	28.8	758.7	0.00	0.0	0	0.00	0	0.0	0.00	0.0	0.000	0.027	28.3	76	23.6	32.4	14.59	 .8436	0.00	115	1	100.0	5
26/06/19	1:45 a	26.1	26.1	26.1	91	24.5	1.3	ENE	0.40	2.2	NE	26.1	29.4	29.4	28.8	758.7	0.00	0.0	0	0.00	0	0.0	0.00	0.0	0.000	0.027	28.2	77	23.8	32.4	14.89	 .8435	0.00	117	1	100.0	5
26/06/19	1:50 a	26.0	26.1	26.0	91	24.4	0.9	N	0.27	1.3	NE	26.0	29.2	29.2	28.6	758.6	0.00	0.0	0	0.00	0	0.0	0.00	0.0	0.000	0.027	28.2	77	23.8	32.4	14.89	 .8433	0.00	118	1	100.0	5
26/06/19	1:55 a	25.9	26.0	25.9	91	24.4	0.4	N	0.13	0.9	N	25.9	29.1	29.1	28.4	758.5	0.00	0.0	0	0.00	0	0.0	0.00	0.0	0.000	0.026	28.2	77	23.8	32.4	14.89	 .8432	0.00	117	1	100.0	5
26/06/19	2:00 a	26.0	26.1	25.9	91	24.4	0.4	N	0.13	0.9	N	26.0	29.2	29.2	28.6	758.5	0.00	0.0	0	0.00	0	0.0	0.00	0.0	0.000	0.027	28.3	77	23.9	32.6	14.89	 .8430	0.00	117	1	100.0	5
26/06/19	2:05 a	26.1	26.1	26.0	91	24.5	0.0	N	0.00	0.4	N	26.1	29.3	29.3	28.7	758.4	0.00	0.0	0	0.00	0	0.0	0.00	0.0	0.000	0.027	28.3	77	23.9	32.6	14.89	 .8428	0.00	116	1	100.0	5
26/06/19	2:10 a	26.0	26.1	26.0	91	24.4	0.0	---	0.00	0.0	---	26.0	29.2	29.2	28.6	758.4	0.00	0.0	0	0.00	0	0.0	0.00	0.0	0.000	0.027	28.3	77	23.9	32.6	14.89	 .8428	0.00	114	1	100.0	5
26/06/19	2:15 a	26.0	26.0	25.9	91	24.4	0.0	N	0.00	0.4	N	26.0	29.2	29.2	28.6	758.4	0.00	0.0	0	0.00	0	0.0	0.00	0.0	0.000	0.027	28.3	77	23.9	32.6	14.89	 .8428	0.00	114	1	100.0	5
26/06/19	2:20 a	25.9	26.0	25.9	92	24.5	0.0	N	0.00	0.9	NNE	25.9	29.2	29.2	28.6	758.3	0.00	0.0	0	0.00	0	0.0	0.00	0.0	0.000	0.026	28.3	77	23.9	32.6	14.89	 .8427	0.00	117	1	100.0	5
26/06/19	2:25 a	25.9	26.0	25.9	92	24.5	0.4	NE	0.13	0.9	NE	25.9	29.1	29.1	28.5	758.1	0.00	0.0	0	0.00	0	0.0	0.00	0.0	0.000	0.026	28.3	77	23.9	32.6	14.89	 .8425	0.00	116	1	100.0	5
26/06/19	2:30 a	25.9	25.9	25.9	92	24.5	0.4	E	0.13	1.3	ENE	25.9	29.2	29.2	28.6	758.1	0.00	0.0	0	0.00	0	0.0	0.00	0.0	0.000	0.026	28.3	77	23.9	32.6	14.89	 .8425	0.00	117	1	100.0	5
26/06/19	2:35 a	26.0	26.0	25.9	91	24.4	0.9	E	0.27	1.8	E	26.0	29.2	29.2	28.6	758.0	0.00	0.0	0	0.00	0	0.0	0.00	0.0	0.000	0.027	28.3	77	23.9	32.6	14.89	 .8424	0.00	116	1	100.0	5
26/06/19	2:40 a	26.1	26.1	26.0	91	24.5	1.3	E	0.40	2.7	E	26.1	29.4	29.4	28.8	758.0	0.00	0.0	0	0.00	0	0.0	0.00	0.0	0.000	0.027	28.3	76	23.6	32.4	14.59	 .8428	0.00	116	1	100.0	5
26/06/19	2:45 a	26.2	26.2	26.1	91	24.6	0.9	ENE	0.27	2.2	E	26.2	29.6	29.6	29.0	757.9	0.00	0.0	0	0.00	0	0.0	0.00	0.0	0.000	0.027	28.3	77	23.9	32.6	14.89	 .8423	0.00	115	1	100.0	5
26/06/19	2:50 a	26.3	26.3	26.2	90	24.5	1.3	ENE	0.40	3.1	E	26.3	29.7	29.7	29.1	757.8	0.00	0.0	0	0.00	0	0.0	0.00	0.0	0.000	0.028	28.3	77	23.9	32.6	14.89	 .8422	0.00	114	1	100.0	5
26/06/19	2:55 a	26.3	26.3	26.2	90	24.5	1.3	ENE	0.40	2.7	NE	26.3	29.7	29.7	29.1	757.8	0.00	0.0	0	0.00	0	0.0	0.00	0.0	0.000	0.028	28.3	77	23.9	32.6	14.89	 .8421	0.00	118	1	100.0	5
26/06/19	3:00 a	26.3	26.3	26.3	89	24.4	1.3	ENE	0.40	2.7	E	26.3	29.7	29.7	29.1	757.7	0.00	0.0	0	0.00	0	0.0	0.00	0.0	0.000	0.028	28.3	77	23.9	32.6	14.89	 .8420	0.00	117	1	100.0	5
26/06/19	3:05 a	26.3	26.4	26.3	89	24.4	1.3	NE	0.40	2.2	NE	26.3	29.7	29.7	29.1	757.6	0.00	0.0	0	0.00	0	0.0	0.00	0.0	0.000	0.028	28.3	77	23.9	32.6	14.89	 .8419	0.00	116	1	100.0	5
26/06/19	3:10 a	26.3	26.4	26.3	89	24.4	1.3	ENE	0.40	2.7	E	26.3	29.7	29.7	29.1	757.5	0.00	0.0	0	0.00	0	0.0	0.00	0.0	0.000	0.028	28.3	77	23.9	32.6	14.89	 .8418	0.00	117	1	100.0	5
26/06/19	3:15 a	26.4	26.4	26.4	89	24.4	1.3	ENE	0.40	4.0	ENE	26.4	29.8	29.8	29.2	757.6	0.00	0.0	0	0.00	0	0.0	0.00	0.0	0.000	0.028	28.3	77	23.9	32.6	14.89	 .8419	0.00	116	1	100.0	5
26/06/19	3:20 a	26.4	26.4	26.3	89	24.4	1.3	ENE	0.40	1.8	NE	26.4	29.8	29.8	29.2	757.5	0.00	0.0	0	0.00	0	0.0	0.00	0.0	0.000	0.028	28.3	77	23.9	32.6	14.89	 .8417	0.00	114	1	100.0	5
26/06/19	3:25 a	26.3	26.4	26.3	89	24.4	1.3	ENE	0.40	2.2	ENE	26.3	29.7	29.7	29.1	757.5	0.00	0.0	0	0.00	0	0.0	0.00	0.0	0.000	0.028	28.3	77	23.9	32.6	14.89	 .8418	0.00	115	1	100.0	5
26/06/19	3:30 a	26.4	26.4	26.3	89	24.4	1.3	ENE	0.40	2.7	E	26.4	29.8	29.8	29.2	757.4	0.00	0.0	0	0.00	0	0.0	0.00	0.0	0.000	0.028	28.3	77	23.9	32.6	14.89	 .8417	0.00	117	1	100.0	5
26/06/19	3:35 a	26.4	26.4	26.4	89	24.5	1.8	NE	0.54	3.6	ENE	26.4	29.9	29.9	29.4	757.3	0.00	0.0	0	0.00	0	0.0	0.00	0.0	0.000	0.028	28.3	77	23.9	32.6	14.89	 .8415	0.00	117	1	100.0	5
26/06/19	3:40 a	26.4	26.4	26.4	89	24.5	1.8	NE	0.54	4.0	NNE	26.4	29.9	29.9	29.4	757.4	0.00	0.0	0	0.00	0	0.0	0.00	0.0	0.000	0.028	28.3	77	23.9	32.6	14.89	 .8416	0.00	117	1	100.0	5
26/06/19	3:45 a	26.4	26.4	26.3	90	24.6	2.2	NE	0.67	4.5	NNE	26.4	29.9	29.9	29.3	757.3	0.00	0.0	0	0.00	0	0.0	0.00	0.0	0.000	0.028	28.3	77	23.9	32.6	14.89	 .8416	0.00	117	1	100.0	5
26/06/19	3:50 a	26.4	26.4	26.3	90	24.6	2.2	NE	0.67	4.5	ENE	26.4	29.9	29.9	29.3	757.3	0.00	0.0	0	0.00	0	0.0	0.00	0.0	0.000	0.028	28.3	77	23.9	32.6	14.89	 .8415	0.00	116	1	100.0	5
26/06/19	3:55 a	26.3	26.4	26.3	90	24.6	1.3	NE	0.40	2.7	NE	26.3	29.8	29.8	29.2	757.4	0.00	0.0	0	0.00	0	0.0	0.00	0.0	0.000	0.028	28.3	77	23.9	32.6	14.89	 .8416	0.00	115	1	100.0	5
26/06/19	4:00 a	26.3	26.4	26.3	90	24.5	1.3	ENE	0.40	2.2	NE	26.3	29.7	29.7	29.1	757.4	0.00	0.0	0	0.00	0	0.0	0.00	0.0	0.000	0.028	28.3	77	23.9	32.6	14.89	 .8416	0.03	115	1	100.0	5
26/06/19	4:05 a	26.2	26.3	26.2	90	24.5	1.3	NE	0.40	2.2	NNE	26.2	29.6	29.6	29.0	757.3	0.00	0.0	0	0.00	0	0.0	0.00	0.0	0.000	0.027	28.3	78	24.1	32.7	15.19	 .8411	0.00	117	1	100.0	5
26/06/19	4:10 a	26.2	26.2	26.2	91	24.6	1.3	ENE	0.40	2.2	ENE	26.2	29.7	29.7	29.1	757.3	0.00	0.0	0	0.00	0	0.0	0.00	0.0	0.000	0.027	28.3	78	24.1	32.7	15.19	 .8411	0.00	117	1	100.0	5
26/06/19	4:15 a	26.2	26.2	26.2	91	24.6	0.9	ENE	0.27	1.8	ENE	26.2	29.6	29.6	29.0	757.3	0.00	0.0	0	0.00	0	0.0	0.00	0.0	0.000	0.027	28.3	78	24.1	32.7	15.19	 .8411	0.00	117	1	100.0	5
26/06/19	4:20 a	26.2	26.2	26.1	91	24.6	0.9	NE	0.27	1.8	NE	26.2	29.6	29.6	29.0	757.3	0.00	0.0	0	0.00	0	0.0	0.00	0.0	0.000	0.027	28.3	78	24.1	32.9	15.19	 .8409	0.00	115	1	100.0	5
26/06/19	4:25 a	26.1	26.2	26.1	91	24.5	0.9	ENE	0.27	1.3	NE	26.1	29.4	29.4	28.8	757.3	0.00	0.0	0	0.00	0	0.0	0.00	0.0	0.000	0.027	28.3	78	24.1	32.7	15.19	 .8411	0.00	117	1	100.0	5
26/06/19	4:30 a	26.2	26.2	26.1	91	24.6	0.9	E	0.27	1.8	ESE	26.2	29.6	29.6	29.0	757.4	0.00	0.0	0	0.00	0	0.0	0.00	0.0	0.000	0.027	28.3	78	24.1	32.7	15.19	 .8412	0.00	114	1	100.0	5
26/06/19	4:35 a	26.3	26.3	26.2	91	24.7	0.9	E	0.27	1.8	ENE	26.3	29.8	29.8	29.2	757.4	0.00	0.0	0	0.00	0	0.0	0.00	0.0	0.000	0.028	28.3	78	24.1	32.7	15.19	 .8413	0.00	115	1	100.0	5
26/06/19	4:40 a	26.2	26.3	26.2	91	24.6	0.4	NNE	0.13	0.9	NE	26.2	29.7	29.7	29.1	757.4	0.00	0.0	0	0.00	0	0.0	0.00	0.0	0.000	0.027	28.3	77	23.9	32.7	14.89	 .8414	0.00	117	1	100.0	5
26/06/19	4:45 a	26.1	26.2	26.1	92	24.7	0.4	W	0.13	0.9	W	26.1	29.6	29.6	29.0	757.4	0.00	0.0	0	0.00	0	0.0	0.00	0.0	0.000	0.027	28.3	77	23.9	32.6	14.89	 .8417	0.00	116	1	100.0	5
26/06/19	4:50 a	26.0	26.1	26.0	92	24.6	0.0	W	0.00	0.4	W	26.0	29.3	29.3	28.7	757.4	0.00	0.0	0	0.00	0	0.0	0.00	0.0	0.000	0.027	28.3	77	23.9	32.6	14.89	 .8417	0.00	117	1	100.0	5
26/06/19	4:55 a	26.0	26.1	25.9	93	24.8	0.0	---	0.00	0.0	---	26.0	29.4	29.4	28.9	757.3	0.00	0.0	0	0.00	0	0.0	0.00	0.0	0.000	0.027	28.3	77	23.9	32.6	14.89	 .8415	0.00	117	1	100.0	5
26/06/19	5:00 a	26.1	26.1	25.9	92	24.7	0.4	N	0.13	0.9	WNW	26.1	29.4	29.4	28.9	757.3	0.00	0.0	0	0.00	0	0.0	0.00	0.0	0.000	0.027	28.3	77	23.9	32.7	14.89	 .8413	0.00	116	1	100.0	5
26/06/19	5:05 a	26.1	26.1	26.0	92	24.7	0.4	NNE	0.13	1.3	NNE	26.1	29.4	29.4	28.9	757.2	0.00	0.0	0	0.00	0	0.0	0.00	0.0	0.000	0.027	28.3	77	23.9	32.7	14.89	 .8412	0.00	116	1	100.0	5
26/06/19	5:10 a	26.2	26.2	26.1	92	24.8	0.9	NE	0.27	1.3	NE	26.2	29.7	29.7	29.1	757.4	0.00	0.0	0	0.00	0	0.0	0.00	0.0	0.000	0.027	28.3	77	23.9	32.6	14.89	 .8416	0.00	114	1	100.0	5
26/06/19	5:15 a	26.2	26.2	26.1	92	24.8	0.9	ENE	0.27	1.8	ENE	26.2	29.7	29.7	29.1	757.4	0.00	0.0	0	0.00	0	0.0	0.00	0.0	0.000	0.027	28.3	77	23.9	32.7	14.89	 .8414	0.00	117	1	100.0	5
26/06/19	5:20 a	26.4	26.4	26.2	91	24.9	0.9	E	0.27	2.2	E	26.4	30.2	30.2	29.7	757.5	0.00	0.0	0	0.00	0	0.0	0.00	0.0	0.000	0.028	28.3	77	23.9	32.7	14.89	 .8415	0.00	116	1	100.0	5
26/06/19	5:25 a	26.7	26.7	26.4	90	24.9	1.3	ENE	0.40	3.1	E	26.7	30.6	30.6	30.0	757.4	0.00	0.0	0	0.00	0	0.0	0.00	0.0	0.000	0.029	28.3	77	23.9	32.7	14.89	 .8414	0.00	117	1	100.0	5
26/06/19	5:30 a	26.7	26.7	26.7	90	24.9	1.3	NE	0.40	2.2	NE	26.7	30.7	30.7	30.2	757.3	0.00	0.0	0	0.00	0	0.0	0.00	0.0	0.000	0.029	28.3	77	23.9	32.7	14.89	 .8413	0.00	117	1	100.0	5
26/06/19	5:35 a	26.6	26.8	26.6	90	24.8	0.4	NE	0.13	1.3	NE	26.6	30.4	30.4	29.9	757.3	0.00	0.0	0	0.00	0	0.0	0.00	0.0	0.000	0.029	28.3	77	23.9	32.7	14.89	 .8413	0.00	117	1	100.0	5
26/06/19	5:40 a	26.6	26.6	26.6	91	25.0	0.9	ENE	0.27	2.7	NNE	26.6	30.4	30.4	29.9	757.3	0.00	0.0	0	0.00	0	0.0	0.00	0.0	0.000	0.029	28.3	78	24.1	32.9	15.19	 .8409	0.00	113	1	99.1	5
26/06/19	5:45 a	26.4	26.6	26.4	91	24.9	0.9	ENE	0.27	1.3	E	26.4	30.2	30.2	29.7	757.4	0.00	0.0	0	0.00	0	0.0	0.00	0.0	0.000	0.028	28.3	78	24.1	32.9	15.19	 .8409	0.00	115	1	100.0	5
26/06/19	5:50 a	26.4	26.4	26.4	92	25.0	0.4	NE	0.13	1.3	ENE	26.4	30.2	30.2	29.7	757.3	0.00	0.0	0	0.00	0	0.0	0.00	0.0	0.000	0.028	28.3	78	24.1	32.9	15.19	 .8408	0.00	117	1	100.0	5
26/06/19	5:55 a	26.3	26.4	26.3	92	24.9	0.0	NE	0.00	0.4	NE	26.3	29.9	29.9	29.4	757.5	0.00	0.0	0	0.00	0	0.0	0.00	0.0	0.000	0.028	28.3	78	24.1	32.9	15.19	 .8410	0.00	117	1	100.0	5
26/06/19	6:00 a	26.3	26.3	26.2	92	24.9	0.4	NE	0.13	0.9	ENE	26.3	29.9	29.9	29.4	757.4	0.00	0.0	4	0.03	5	0.0	0.00	0.0	0.000	0.028	28.3	78	24.1	32.9	15.19	 .8410	0.00	117	1	100.0	5
26/06/19	6:05 a	26.2	26.3	26.2	93	24.9	0.9	NNW	0.27	1.8	N	26.2	29.8	29.8	29.3	757.4	0.00	0.0	5	0.04	7	0.0	0.00	0.0	0.000	0.027	28.3	78	24.1	32.9	15.19	 .8410	0.00	116	1	100.0	5
26/06/19	6:10 a	26.2	26.2	26.1	93	24.9	0.9	NNW	0.27	1.3	NNW	26.2	29.8	29.8	29.4	757.5	0.00	0.0	8	0.06	9	0.0	0.00	0.0	0.000	0.027	28.3	78	24.1	32.9	15.19	 .8411	0.00	117	1	100.0	5
26/06/19	6:15 a	26.2	26.2	26.1	92	24.8	0.9	NE	0.27	1.3	NNW	26.2	29.8	29.8	29.4	757.5	0.00	0.0	10	0.07	12	0.0	0.00	0.0	0.000	0.027	28.3	78	24.1	32.9	15.19	 .8411	0.00	114	1	100.0	5
26/06/19	6:20 a	26.3	26.3	26.2	92	24.9	0.4	NNE	0.13	1.3	NNE	26.3	30.1	30.1	29.7	757.5	0.00	0.0	18	0.13	23	0.0	0.00	0.0	0.000	0.028	28.3	78	24.1	32.9	15.19	 .8411	0.00	115	1	100.0	5
26/06/19	6:25 a	26.2	26.3	26.2	93	25.0	0.4	NE	0.13	1.3	N	26.2	29.9	29.9	29.9	757.7	0.00	0.0	37	0.27	46	0.0	0.00	0.0	0.000	0.027	28.3	78	24.1	32.9	15.19	 .8413	0.00	117	1	100.0	5
26/06/19	6:30 a	26.3	26.3	26.2	92	24.9	0.4	NE	0.13	0.9	NE	26.3	30.1	30.1	30.1	757.7	0.00	0.0	44	0.32	51	0.0	0.00	0.0	0.000	0.028	28.3	78	24.1	32.9	15.19	 .8414	0.00	117	1	100.0	5
26/06/19	6:35 a	26.3	26.4	26.3	93	25.1	0.4	NNE	0.13	0.9	ENE	26.3	30.1	30.1	30.1	757.8	0.00	0.0	38	0.27	39	0.0	0.00	0.0	0.000	0.028	28.3	78	24.1	32.9	15.19	 .8415	0.00	117	1	100.0	5
26/06/19	6:40 a	26.2	26.3	26.2	93	24.9	0.4	E	0.13	0.9	E	26.2	29.8	29.8	29.7	757.8	0.00	0.0	35	0.25	39	0.0	0.00	0.0	0.000	0.027	28.3	78	24.1	32.9	15.19	 .8414	0.00	117	1	100.0	5
26/06/19	6:45 a	26.2	26.2	26.2	93	24.9	0.0	E	0.00	0.4	E	26.2	29.8	29.8	29.7	757.8	0.00	0.0	31	0.22	32	0.0	0.00	0.0	0.000	0.027	28.3	79	24.3	33.1	15.49	 .8410	0.00	117	1	100.0	5
26/06/19	6:50 a	26.1	26.2	26.1	94	25.1	0.0	E	0.00	0.9	E	26.1	29.8	29.8	29.9	757.9	0.00	0.0	48	0.34	109	0.0	0.00	0.0	0.000	0.027	28.3	79	24.3	33.1	15.49	 .8411	0.00	114	1	100.0	5
26/06/19	6:55 a	26.3	26.3	26.1	94	25.2	0.4	E	0.13	0.9	E	26.3	30.2	30.2	30.7	757.8	0.00	0.0	75	0.54	139	0.0	0.00	0.0	0.000	0.028	28.3	78	24.1	32.9	15.19	 .8415	0.00	115	1	100.0	5
26/06/19	7:00 a	26.4	26.4	26.3	93	25.2	0.4	ESE	0.13	1.3	ESE	26.4	30.4	30.4	30.6	757.9	0.00	0.0	54	0.39	56	0.0	0.00	0.0	0.000	0.028	28.3	78	24.1	32.9	15.19	 .8415	0.03	117	1	100.0	5
26/06/19	7:05 a	26.4	26.4	26.4	93	25.2	0.4	E	0.13	1.3	E	26.4	30.4	30.4	30.7	757.9	0.00	0.0	60	0.43	62	0.4	0.01	0.5	0.000	0.028	28.3	78	24.1	32.9	15.19	 .8415	0.00	117	1	100.0	5
26/06/19	7:10 a	26.4	26.5	26.4	93	25.2	0.0	E	0.00	0.4	E	26.4	30.5	30.5	31.1	757.9	0.00	0.0	83	0.59	105	0.5	0.02	0.5	0.000	0.028	28.3	78	24.1	32.9	15.19	 .8416	0.00	117	1	100.0	5
26/06/19	7:15 a	26.7	26.7	26.4	92	25.3	0.0	E	0.00	0.9	E	26.7	31.1	31.1	32.8	758.0	0.00	0.0	171	1.23	288	0.6	0.02	0.6	0.000	0.029	28.3	78	24.1	32.9	15.19	 .8416	0.00	117	1	100.0	5
26/06/19	7:20 a	27.2	27.2	26.8	90	25.4	0.4	E	0.13	0.9	E	27.2	31.8	31.8	34.6	758.0	0.00	0.0	245	1.76	304	0.7	0.03	0.7	0.000	0.031	28.3	78	24.1	32.9	15.19	 .8416	0.00	115	1	100.0	5
26/06/19	7:25 a	27.8	27.8	27.2	88	25.7	0.0	E	0.00	0.9	E	27.8	33.3	33.3	36.8	758.0	0.00	0.0	294	2.11	325	0.8	0.03	0.8	0.000	0.033	28.4	78	24.2	33.0	15.19	 .8414	0.00	114	1	100.0	5
26/06/19	7:30 a	28.3	28.3	27.9	88	26.1	0.9	E	0.27	1.8	ENE	28.3	34.6	34.6	38.2	758.0	0.00	0.0	307	2.20	318	0.9	0.03	1.0	0.000	0.035	28.4	78	24.2	33.0	15.19	 .8414	0.00	114	1	100.0	5
26/06/19	7:35 a	28.6	28.6	28.3	87	26.2	0.9	E	0.27	1.8	E	28.6	35.4	35.4	39.0	758.0	0.00	0.0	302	2.16	306	1.0	0.04	1.1	0.000	0.036	28.4	78	24.2	33.1	15.19	 .8411	0.00	116	1	100.0	5
26/06/19	7:40 a	28.8	28.8	28.7	85	26.0	0.9	ENE	0.27	2.2	ENE	28.8	35.4	35.4	39.2	758.0	0.00	0.0	313	2.24	322	1.2	0.04	1.2	0.000	0.036	28.4	78	24.2	33.1	15.19	 .8411	0.00	117	1	100.0	5
26/06/19	7:45 a	28.9	29.0	28.8	85	26.2	1.3	E	0.40	3.6	ESE	28.9	35.9	35.9	43.8	757.9	0.00	0.0	337	2.42	352	1.3	0.05	1.4	0.000	0.037	28.4	78	24.2	33.1	15.19	 .8411	0.00	117	1	100.0	5
26/06/19	7:50 a	29.1	29.1	28.9	85	26.3	1.3	E	0.40	3.1	E	29.1	36.4	36.4	44.7	758.0	0.00	0.0	363	2.60	373	1.6	0.06	1.7	0.000	0.037	28.5	78	24.3	33.3	15.18	 .8409	0.00	115	1	100.0	5
26/06/19	7:55 a	29.1	29.2	29.1	84	26.1	1.8	E	0.54	3.6	E	29.1	36.2	36.2	45.2	758.0	0.00	0.0	398	2.85	420	1.8	0.06	1.8	0.000	0.037	28.6	78	24.3	33.4	15.18	 .8406	0.00	117	1	100.0	5
26/06/19	8:00 a	29.4	29.4	29.1	84	26.4	1.3	NE	0.40	2.7	ESE	29.4	37.0	37.0	46.7	758.1	0.00	0.0	442	3.17	457	1.9	0.07	2.0	0.000	0.038	28.6	78	24.3	33.4	15.18	 .8407	0.20	113	1	99.1	5
26/06/19	8:05 a	29.4	29.4	29.3	83	26.3	1.3	E	0.40	3.1	E	29.4	36.9	36.9	46.5	758.0	0.00	0.0	449	3.22	468	2.1	0.07	2.2	0.000	0.039	28.6	78	24.4	33.6	15.18	 .8404	0.00	115	1	100.0	5
26/06/19	8:10 a	29.4	29.5	29.4	84	26.4	0.9	ENE	0.27	2.2	ENE	29.4	37.0	37.0	43.1	758.2	0.00	0.0	307	2.20	410	1.9	0.07	2.1	0.000	0.038	28.6	78	24.4	33.6	15.18	 .8405	0.00	116	1	100.0	5
26/06/19	8:15 a	29.6	29.6	29.3	83	26.4	0.9	ENE	0.27	1.8	E	29.6	37.3	37.3	46.9	758.1	0.00	0.0	475	3.40	492	2.5	0.09	2.6	0.000	0.039	28.7	78	24.4	33.7	15.18	 .8402	0.00	117	1	100.0	5
26/06/19	8:20 a	29.8	29.8	29.6	82	26.4	0.9	ENE	0.27	1.3	NE	29.8	37.8	37.8	47.1	758.0	0.00	0.0	473	3.39	482	2.6	0.09	2.7	0.000	0.040	28.7	78	24.5	33.8	15.18	 .8398	0.00	118	1	100.0	5
26/06/19	8:25 a	29.9	29.9	29.8	82	26.5	0.9	ENE	0.27	1.8	NE	29.9	38.0	38.0	47.3	758.1	0.00	0.0	489	3.50	492	2.8	0.10	2.9	0.000	0.040	28.7	78	24.5	33.8	15.18	 .8399	0.00	116	1	100.0	5
26/06/19	8:30 a	30.2	30.2	29.9	81	26.5	0.9	NE	0.27	2.2	ENE	30.2	38.6	38.6	47.3	758.1	0.00	0.0	480	3.44	490	3.0	0.11	3.1	0.000	0.041	28.7	78	24.5	33.8	15.18	 .8399	0.00	117	1	100.0	5
26/06/19	8:35 a	30.1	30.2	30.1	81	26.5	0.9	ENE	0.27	2.2	ENE	30.1	38.4	38.4	47.2	757.9	0.00	0.0	502	3.60	510	3.3	0.12	3.4	0.000	0.041	28.8	78	24.6	33.9	15.17	 .8394	0.00	114	1	100.0	5
26/06/19	8:40 a	30.4	30.4	30.1	81	26.8	0.9	ENE	0.27	2.2	ENE	30.4	39.3	39.3	48.2	757.9	0.00	0.0	519	3.72	522	3.6	0.13	3.6	0.000	0.042	28.8	78	24.6	34.1	15.17	 .8392	0.00	115	1	100.0	5
26/06/19	8:45 a	30.2	30.4	30.2	80	26.3	1.3	E	0.40	3.1	ESE	30.2	38.2	38.2	47.1	758.0	0.00	0.0	540	3.87	552	3.8	0.14	3.8	0.000	0.041	28.9	77	24.4	34.0	14.87	 .8394	0.00	117	1	100.0	5
26/06/19	8:50 a	30.2	30.2	29.9	82	26.8	1.3	E	0.40	2.2	E	30.2	38.8	38.8	47.7	758.1	0.00	0.0	557	3.99	570	3.9	0.14	4.0	0.000	0.041	28.9	77	24.4	34.0	14.87	 .8396	0.00	117	1	100.0	5
26/06/19	8:55 a	30.3	30.4	30.2	80	26.4	0.9	E	0.27	1.8	NNE	30.3	38.6	38.6	47.9	758.0	0.00	0.0	607	4.35	624	4.1	0.15	4.3	0.000	0.041	28.9	77	24.5	34.2	14.87	 .8392	0.00	117	1	100.0	5
26/06/19	9:00 a	30.2	30.3	30.2	81	26.6	0.9	E	0.27	2.2	ENE	30.2	38.7	38.7	48.0	758.0	0.00	0.0	621	4.45	631	4.4	0.16	4.5	0.000	0.041	29.0	77	24.6	34.3	14.87	 .8389	0.36	117	1	100.0	5
26/06/19	9:05 a	30.5	30.5	30.3	81	26.9	1.3	NE	0.40	2.2	NE	30.5	39.6	39.6	48.7	758.1	0.00	0.0	625	4.48	635	4.1	0.15	4.8	0.000	0.042	29.1	77	24.6	34.4	14.86	 .8388	0.00	117	1	100.0	5
26/06/19	9:10 a	30.6	30.6	30.5	81	26.9	0.9	NNE	0.27	2.2	NNE	30.6	39.8	39.8	48.9	758.0	0.00	0.0	649	4.65	650	4.9	0.17	5.1	0.000	0.042	29.1	77	24.6	34.4	14.86	 .8387	0.00	115	1	100.0	5
26/06/19	9:15 a	31.1	31.1	30.5	80	27.2	1.3	E	0.40	2.2	E	31.1	41.1	41.1	49.8	757.9	0.00	0.0	645	4.62	649	5.2	0.19	5.3	0.000	0.044	29.1	77	24.7	34.6	14.86	 .8383	0.00	114	1	100.0	5
26/06/19	9:20 a	31.0	31.1	30.8	79	26.9	1.8	E	0.54	3.1	NE	31.0	40.6	40.6	49.3	757.9	0.00	0.0	664	4.76	673	5.5	0.20	5.6	0.000	0.044	29.1	77	24.7	34.6	14.86	 .8383	0.00	117	1	100.0	5
26/06/19	9:25 a	31.3	31.3	30.9	79	27.3	1.3	NE	0.40	4.0	NE	31.3	41.6	41.6	50.2	758.0	0.00	0.0	668	4.79	670	5.8	0.21	5.8	0.000	0.045	29.2	77	24.7	34.7	14.86	 .8381	0.00	117	1	100.0	5
26/06/19	9:30 a	31.3	31.4	31.3	77	26.8	1.3	ENE	0.40	3.6	NNE	31.3	40.9	40.9	49.6	758.0	0.00	0.0	697	5.00	744	5.8	0.21	6.1	0.000	0.045	29.2	77	24.8	34.9	14.86	 .8378	0.00	117	1	100.0	5
26/06/19	9:35 a	31.3	31.4	31.2	78	27.0	1.8	NE	0.54	3.1	E	31.3	41.3	41.3	50.4	758.0	0.00	0.0	755	5.41	763	5.5	0.20	6.3	0.000	0.045	29.3	77	24.8	35.0	14.86	 .8376	0.00	117	1	100.0	5
26/06/19	9:40 a	31.3	31.3	31.2	77	26.8	1.3	NE	0.40	3.1	E	31.3	40.7	40.7	49.3	758.0	0.00	0.0	736	5.28	742	5.4	0.19	6.4	0.000	0.045	29.3	77	24.9	35.2	14.85	 .8373	0.00	116	1	100.0	5
26/06/19	9:45 a	31.8	31.8	31.3	75	26.8	1.3	E	0.40	3.1	SE	31.8	41.8	41.8	50.6	758.0	0.00	0.0	774	5.55	803	6.1	0.22	6.9	0.000	0.047	29.4	77	24.9	35.3	14.85	 .8370	0.00	115	1	100.0	5
26/06/19	9:50 a	31.7	31.9	31.6	75	26.7	1.3	E	0.40	3.1	ESE	31.7	41.2	41.2	50.3	757.9	0.00	0.0	823	5.90	844	7.1	0.25	7.3	0.000	0.046	29.4	77	25.0	35.4	14.85	 .8367	0.00	114	1	100.0	5
26/06/19	9:55 a	32.1	32.1	31.7	75	27.1	0.9	ESE	0.27	1.8	E	32.1	42.7	42.7	52.0	757.9	0.00	0.0	865	6.20	886	7.3	0.26	7.6	0.000	0.048	29.4	77	25.0	35.4	14.85	 .8366	0.00	116	1	100.0	5
26/06/19	10:00 a	31.8	32.2	31.8	74	26.6	0.9	SSE	0.27	2.2	SE	31.8	41.4	41.4	51.1	757.8	0.00	0.0	925	6.63	925	7.1	0.25	8.0	0.000	0.047	29.6	77	25.1	35.7	14.84	 .8360	0.51	117	1	100.0	5
26/06/19	10:05 a	32.1	32.1	31.8	73	26.6	1.3	NE	0.40	3.1	E	32.1	41.7	41.7	46.6	757.8	0.00	0.0	366	2.62	366	6.5	0.23	8.2	0.000	0.048	29.6	76	24.9	35.5	14.54	 .8365	0.00	117	1	100.0	5
26/06/19	10:10 a	31.8	32.1	31.8	73	26.4	1.3	E	0.40	2.7	ESE	31.8	41.1	41.1	47.8	757.7	0.00	0.0	663	4.75	911	6.8	0.24	8.4	0.000	0.047	29.6	76	24.9	35.6	14.53	 .8361	0.00	117	1	100.0	5
26/06/19	10:15 a	32.1	32.1	31.7	72	26.4	1.3	NE	0.40	3.1	ESE	32.1	41.4	41.4	50.4	757.6	0.00	0.0	930	6.67	940	8.7	0.31	9.0	0.000	0.048	29.7	76	25.0	35.8	14.53	 .8357	0.00	117	1	100.0	5
26/06/19	10:20 a	32.2	32.2	31.8	73	26.7	0.4	NNE	0.13	1.3	ENE	32.2	42.1	42.1	51.4	757.6	0.00	0.0	978	7.01	995	8.4	0.30	9.1	0.000	0.048	29.7	76	25.0	35.9	14.52	 .8354	0.00	116	1	100.0	5
26/06/19	10:25 a	32.4	32.6	32.2	71	26.5	1.3	E	0.40	2.7	ESE	32.4	42.2	42.2	51.4	757.5	0.00	0.0	996	7.14	1023	7.7	0.28	9.3	0.000	0.049	29.8	76	25.1	36.1	14.51	 .8351	0.00	111	1	97.4	5
26/06/19	10:30 a	31.9	32.4	31.9	72	26.3	0.9	E	0.27	2.2	NNE	31.9	41.0	41.0	46.0	757.6	0.00	0.0	400	2.87	438	5.7	0.20	5.9	0.000	0.047	29.8	75	24.9	35.9	14.22	 .8353	0.00	113	1	99.1	5
26/06/19	10:35 a	31.7	31.9	31.7	73	26.2	0.9	N	0.27	1.8	N	31.7	40.6	40.6	45.6	757.5	0.00	0.0	414	2.97	464	6.1	0.22	6.6	0.000	0.046	29.7	67	22.9	33.8	12.03	 .8396	0.00	117	1	100.0	5
26/06/19	10:40 a	31.1	31.7	31.1	80	27.2	1.3	NW	0.40	4.5	WNW	31.1	41.2	41.2	45.5	757.5	0.00	0.0	339	2.43	353	5.9	0.21	8.4	0.000	0.044	29.3	60	20.8	31.6	10.75	 .8446	0.00	117	1	100.0	5
26/06/19	10:45 a	30.7	31.1	30.7	81	27.0	1.3	NW	0.40	4.0	WNW	30.7	40.2	40.2	44.5	757.3	0.00	0.0	348	2.49	411	4.6	0.16	5.2	0.000	0.043	28.9	55	18.9	30.2	9.85	 .8487	0.00	117	1	100.0	5
26/06/19	10:50 a	30.8	30.9	30.7	81	27.2	1.3	NW	0.40	3.1	WSW	30.8	40.7	40.7	45.3	757.2	0.00	0.0	377	2.70	475	4.3	0.15	4.9	0.000	0.043	28.4	51	17.3	29.1	9.29	 .8523	0.00	117	1	100.0	5
26/06/19	10:55 a	30.9	30.9	30.7	81	27.2	1.3	N	0.40	2.7	NNE	30.9	40.9	40.9	44.9	757.2	0.00	0.0	323	2.32	380	5.6	0.20	8.6	0.000	0.044	28.0	49	16.3	28.3	8.90	 .8550	0.00	117	1	100.0	5
26/06/19	11:00 a	30.8	30.9	30.8	81	27.1	1.3	NW	0.40	3.1	NW	30.8	40.5	40.5	44.7	757.2	0.00	0.0	342	2.45	355	4.9	0.17	5.1	0.000	0.043	27.8	51	16.8	28.3	9.31	 .8548	0.43	115	1	100.0	5
26/06/19	11:05 a	30.7	30.8	30.7	81	27.1	1.3	NW	0.40	3.1	W	30.7	40.3	40.3	45.4	757.2	0.00	0.0	430	3.08	483	5.7	0.20	6.2	0.000	0.043	27.6	49	15.9	27.7	8.92	 .8568	0.00	115	1	100.0	5
26/06/19	11:10 a	30.9	30.9	30.7	81	27.3	1.8	NW	0.54	3.6	N	30.9	41.1	41.1	46.3	757.2	0.00	0.0	446	3.20	482	6.2	0.22	6.6	0.000	0.044	27.4	50	16.0	27.6	9.12	 .8570	0.00	114	1	100.0	5
26/06/19	11:15 a	31.2	31.3	30.9	79	27.1	1.8	NNW	0.54	3.6	NNW	31.2	41.3	41.3	47.7	757.3	0.00	0.0	591	4.24	1093	6.6	0.24	9.5	0.000	0.045	27.2	50	15.9	27.4	9.13	 .8578	0.00	117	1	100.0	5
26/06/19	11:20 a	31.1	31.2	31.0	80	27.2	2.2	NNW	0.67	4.5	NNW	31.1	41.1	41.1	46.4	757.1	0.00	0.0	471	3.38	471	6.8	0.24	7.7	0.000	0.044	27.1	50	15.8	27.3	9.13	 .8581	0.00	113	1	99.1	5
26/06/19	11:25 a	31.2	31.2	31.1	81	27.6	1.8	NW	0.54	4.0	NW	31.2	42.0	42.0	48.1	757.2	0.00	0.0	552	3.96	573	8.1	0.29	10.2	0.000	0.045	27.0	52	16.3	27.3	9.44	 .8578	0.00	117	1	100.0	5
26/06/19	11:30 a	31.6	31.6	31.2	79	27.5	2.2	NNW	0.67	4.0	WNW	31.6	42.6	42.6	51.2	757.1	0.00	0.0	1159	8.31	1171	11.8	0.42	12.2	0.000	0.046	26.9	49	15.3	27.0	8.94	 .8591	0.00	117	1	100.0	5
26/06/19	11:35 a	31.9	32.1	31.6	78	27.6	2.2	NW	0.67	5.4	NNW	31.9	43.3	43.3	51.2	757.1	0.00	0.0	1080	7.74	1136	12.0	0.43	12.2	0.000	0.047	26.9	52	16.2	27.2	9.44	 .8582	0.00	118	1	100.0	5
26/06/19	11:40 a	32.2	32.3	31.9	78	27.9	1.8	NNW	0.54	4.0	NNW	32.2	44.3	44.3	51.8	757.0	0.00	0.0	1047	7.50	1092	11.8	0.42	11.9	0.000	0.048	26.8	48	14.9	26.8	8.84	 .8599	0.00	114	1	100.0	5
26/06/19	11:45 a	31.7	32.4	31.7	79	27.6	1.8	WNW	0.54	4.0	WNW	31.7	42.7	42.7	46.8	757.1	0.00	0.0	341	2.44	341	7.2	0.26	8.4	0.000	0.046	26.8	52	16.1	27.0	9.45	 .8586	0.00	114	1	100.0	5
26/06/19	11:50 a	31.8	31.8	31.6	78	27.5	2.2	NW	0.67	4.5	NNW	31.8	42.9	42.9	50.8	757.0	0.00	0.0	1129	8.09	1129	11.5	0.41	12.4	0.000	0.047	26.7	47	14.4	26.5	8.65	 .8610	0.00	117	1	100.0	5
26/06/19	11:55 a	31.7	32.1	31.7	78	27.4	1.8	NNW	0.54	4.0	NW	31.7	42.6	42.6	47.6	757.0	0.00	0.0	431	3.09	446	7.0	0.25	7.7	0.000	0.046	26.7	51	15.7	26.8	9.35	 .8593	0.00	117	1	100.0	5
26/06/19	12:00 p	31.4	31.7	31.4	79	27.3	1.8	NNW	0.54	3.6	NNW	31.4	41.8	41.8	46.5	756.9	0.00	0.0	397	2.85	429	7.5	0.27	9.4	0.000	0.045	26.6	49	15.0	26.6	8.95	 .8602	0.51	115	1	100.0	5
26/06/19	12:05 p	31.0	31.4	31.0	80	27.1	2.2	NW	0.67	4.0	NNE	31.0	40.9	40.9	44.6	756.8	0.00	0.0	307	2.20	329	6.2	0.22	6.4	0.000	0.044	26.6	50	15.3	26.7	9.15	 .8600	0.00	117	1	100.0	5
26/06/19	12:10 p	31.8	31.8	30.9	78	27.5	1.8	NW	0.54	4.5	N	31.8	42.7	42.7	50.0	756.7	0.00	0.0	1095	7.85	1109	11.7	0.42	12.1	0.000	0.047	26.6	51	15.6	26.7	9.35	 .8595	0.00	117	1	100.0	5
26/06/19	12:15 p	32.4	32.4	31.8	76	27.6	2.2	NNW	0.67	4.5	N	32.4	44.0	44.0	51.1	756.7	0.00	0.0	1082	7.76	1127	11.8	0.42	12.3	0.000	0.049	26.6	49	15.0	26.6	8.95	 .8603	0.00	116	1	100.0	5
26/06/19	12:20 p	32.2	32.5	32.2	77	27.6	1.8	NNW	0.54	4.0	NNW	32.2	43.7	43.7	47.9	756.6	0.00	0.0	349	2.50	404	6.2	0.22	6.3	0.000	0.048	26.6	52	15.9	26.8	9.45	 .8590	0.00	114	1	100.0	5
26/06/19	12:25 p	31.8	32.2	31.8	78	27.5	2.2	NW	0.67	4.9	NNE	31.8	42.9	42.9	47.7	756.5	0.00	0.0	404	2.90	404	7.9	0.28	10.5	0.000	0.047	26.6	48	14.6	26.5	8.85	 .8605	0.00	115	1	100.0	5
26/06/19	12:30 p	31.6	31.8	31.4	78	27.2	1.8	NNW	0.54	3.6	NW	31.6	42.0	42.0	46.2	756.6	0.00	0.0	352	2.52	388	5.7	0.20	6.8	0.000	0.046	26.5	51	15.5	26.6	9.35	 .8595	0.00	117	1	100.0	5
26/06/19	12:35 p	31.4	31.6	31.4	79	27.3	1.3	NW	0.40	3.6	WNW	31.4	41.8	41.8	45.8	756.4	0.00	0.0	330	2.37	371	5.4	0.19	6.9	0.000	0.045	26.4	48	14.5	26.3	8.86	 .8607	0.00	117	1	100.0	5
26/06/19	12:40 p	31.1	31.4	31.1	78	26.8	1.8	NW	0.54	4.0	NNW	31.1	40.6	40.6	44.3	756.4	0.00	0.0	305	2.19	336	4.7	0.17	4.8	0.000	0.044	26.4	50	15.2	26.5	9.16	 .8599	0.00	118	1	100.0	5
26/06/19	12:45 p	31.0	31.2	31.0	79	26.9	1.8	NW	0.54	3.6	NNW	31.0	40.6	40.6	44.1	756.3	0.00	0.0	286	2.05	292	4.6	0.16	4.6	0.000	0.044	26.4	50	15.1	26.4	9.16	 .8601	0.00	117	1	100.0	5
26/06/19	12:50 p	30.9	31.0	30.9	80	27.1	1.8	NNW	0.54	4.0	NNW	30.9	40.7	40.7	44.3	756.3	0.00	0.0	298	2.14	320	4.6	0.16	4.7	0.000	0.044	26.4	49	14.9	26.4	8.96	 .8602	0.00	117	1	100.0	5
26/06/19	12:55 p	31.0	31.0	30.9	78	26.7	1.8	NW	0.54	4.0	NW	31.0	40.2	40.2	44.1	756.3	0.00	0.0	321	2.30	348	4.8	0.17	5.1	0.000	0.044	26.4	52	15.7	26.6	9.46	 .8592	0.00	114	1	100.0	5
26/06/19	1:00 p	31.0	31.1	31.0	79	26.9	1.8	NNE	0.54	4.0	N	31.0	40.6	40.6	43.8	756.2	0.00	0.0	265	1.90	283	4.3	0.15	4.7	0.000	0.044	26.3	48	14.4	26.2	8.86	 .8610	0.36	114	1	100.0	5
26/06/19	1:05 p	30.8	31.0	30.8	78	26.5	1.8	N	0.54	3.6	NNW	30.8	39.7	39.7	42.7	756.2	0.00	0.0	242	1.73	248	4.1	0.15	4.3	0.000	0.043	26.3	51	15.4	26.4	9.35	 .8598	0.00	117	1	100.0	5
26/06/19	1:10 p	31.3	31.3	30.8	80	27.4	1.3	NNW	0.40	3.6	NW	31.3	41.8	41.8	45.3	756.0	0.00	0.0	283	2.03	294	6.3	0.23	10.6	0.000	0.045	26.3	51	15.3	26.4	9.35	 .8598	0.00	117	1	100.0	5
26/06/19	1:15 p	32.3	32.3	31.3	77	27.8	2.2	NW	0.67	4.9	NNW	32.3	44.2	44.2	50.9	755.9	0.00	0.0	1083	7.76	1097	10.4	0.37	10.8	0.000	0.049	26.3	50	15.1	26.4	9.16	 .8599	0.00	116	1	100.0	5
26/06/19	1:20 p	32.4	32.6	32.3	77	27.8	1.8	NNW	0.54	4.0	N	32.4	44.4	44.4	51.8	755.8	0.00	0.0	795	5.70	1079	9.0	0.32	10.7	0.000	0.049	26.3	52	15.6	26.4	9.46	 .8592	0.00	117	1	100.0	5
26/06/19	1:25 p	31.9	32.4	31.9	77	27.4	2.2	NNW	0.67	7.2	NNW	31.9	42.9	42.9	47.2	755.9	0.00	0.0	359	2.57	424	6.4	0.23	7.7	0.000	0.047	26.3	49	14.8	26.3	8.96	 .8602	0.00	117	1	100.0	5
26/06/19	1:30 p	31.7	31.9	31.7	78	27.4	1.8	NW	0.54	7.2	N	31.7	42.3	42.3	46.3	755.9	0.00	0.0	322	2.31	322	6.6	0.24	7.9	0.000	0.046	26.2	53	15.9	26.4	9.65	 .8591	0.00	116	1	100.0	5
26/06/19	1:35 p	31.6	31.8	31.6	78	27.3	1.8	WNW	0.54	4.5	N	31.6	42.2	42.2	45.4	755.8	0.00	0.0	267	1.91	279	6.5	0.23	9.8	0.000	0.046	26.2	49	14.7	26.2	8.97	 .8606	0.00	114	1	100.0	5
26/06/19	1:40 p	31.3	31.6	31.3	79	27.3	2.2	NW	0.67	4.5	NNW	31.3	41.6	41.6	44.9	755.8	0.00	0.0	263	1.89	318	4.8	0.17	5.1	0.000	0.045	26.3	50	15.0	26.3	9.16	 .8600	0.00	115	1	100.0	5
26/06/19	1:45 p	31.2	31.3	31.2	78	26.9	2.2	NW	0.67	3.6	NW	31.2	40.9	40.9	44.1	755.8	0.00	0.0	264	1.89	308	6.4	0.23	8.8	0.000	0.045	26.4	51	15.5	26.6	9.35	 .8588	0.00	118	1	100.0	5
26/06/19	1:50 p	31.7	31.7	31.2	80	27.8	2.2	NNW	0.67	4.5	NNW	31.7	43.3	43.3	50.3	755.5	0.00	0.0	923	6.62	951	8.1	0.29	9.0	0.000	0.046	26.7	51	15.7	26.8	9.35	 .8577	0.00	117	1	100.0	5
26/06/19	1:55 p	32.2	32.2	31.8	76	27.4	2.2	NNW	0.67	4.0	N	32.2	43.2	43.2	50.5	755.4	0.00	0.0	842	6.04	875	8.8	0.31	8.9	0.000	0.048	26.9	51	15.9	27.2	9.34	 .8564	0.00	117	1	100.0	5
26/06/19	2:00 p	32.2	32.4	32.1	76	27.5	2.2	N	0.67	4.9	NNW	32.2	43.4	43.4	50.7	755.3	0.00	0.0	813	5.83	823	8.6	0.31	8.7	0.000	0.048	27.2	51	16.2	27.4	9.33	 .8551	0.43	117	1	100.0	5
26/06/19	2:05 p	32.3	32.4	32.2	74	27.1	2.2	NNW	0.67	5.4	N	32.3	43.0	43.0	50.2	755.2	0.00	0.0	819	5.87	821	8.5	0.30	8.6	0.000	0.049	27.5	52	16.8	27.9	9.42	 .8534	0.00	116	1	100.0	5
26/06/19	2:10 p	32.4	32.4	32.2	74	27.2	3.1	N	0.94	5.4	NNE	32.4	43.2	43.2	50.2	755.2	0.00	0.0	807	5.78	816	8.3	0.30	8.4	0.000	0.049	27.7	53	17.3	28.3	9.61	 .8521	0.00	113	1	99.1	5
26/06/19	2:15 p	32.3	32.4	32.2	75	27.3	3.6	N	1.07	5.8	NNW	32.3	43.4	43.4	50.2	755.1	0.00	0.0	791	5.67	798	8.0	0.29	8.1	0.000	0.049	28.0	54	17.8	28.7	9.75	 .8504	0.00	113	1	99.1	5
26/06/19	2:20 p	32.4	32.4	32.3	75	27.4	2.2	NNW	0.67	5.4	N	32.4	43.8	43.8	51.0	755.0	0.00	0.0	776	5.56	780	7.8	0.28	7.9	0.000	0.049	28.2	55	18.3	29.1	9.85	 .8491	0.00	114	1	100.0	5
26/06/19	2:25 p	32.6	32.6	32.4	74	27.3	2.7	N	0.80	4.9	NNW	32.6	43.7	43.7	50.9	755.0	0.00	0.0	784	5.62	803	7.6	0.27	7.7	0.000	0.049	28.4	56	18.8	29.6	10.05	 .8477	0.00	117	1	100.0	5
26/06/19	2:30 p	32.6	32.6	32.6	73	27.1	3.1	N	0.94	5.8	N	32.6	43.5	43.5	50.5	755.0	0.00	0.0	820	5.88	824	7.6	0.27	7.7	0.000	0.050	28.6	57	19.2	29.9	10.22	 .8465	0.00	117	1	100.0	5
26/06/19	2:35 p	32.4	32.6	32.4	73	26.9	3.1	N	0.94	5.8	ENE	32.4	42.8	42.8	49.8	754.9	0.00	0.0	786	5.63	833	7.1	0.25	7.5	0.000	0.049	28.7	58	19.6	30.3	10.35	 .8452	0.00	117	1	100.0	5
26/06/19	2:40 p	32.4	32.4	32.3	75	27.4	3.1	NW	0.94	5.4	WNW	32.4	43.6	43.6	50.6	754.9	0.00	0.0	766	5.49	796	6.9	0.25	7.0	0.000	0.049	28.9	59	20.1	30.8	10.55	 .8439	0.00	116	1	100.0	5
26/06/19	2:45 p	32.7	32.7	32.4	73	27.2	2.7	NNW	0.80	5.4	WNW	32.7	43.9	43.9	51.1	754.8	0.00	0.0	793	5.68	805	6.7	0.24	6.9	0.000	0.050	29.1	60	20.5	31.1	10.75	 .8428	0.00	117	1	100.0	5
26/06/19	2:50 p	32.6	32.7	32.6	74	27.3	3.1	NNW	0.94	7.2	NNE	32.6	43.7	43.7	50.7	754.7	0.00	0.0	754	5.40	766	6.4	0.23	6.5	0.000	0.049	29.2	62	21.2	31.8	11.06	 .8410	0.00	114	1	100.0	5
26/06/19	2:55 p	32.6	32.7	32.6	73	27.1	2.2	NNW	0.67	4.9	NNE	32.6	43.5	43.5	50.6	754.8	0.00	0.0	736	5.28	738	6.3	0.23	6.3	0.000	0.050	29.3	62	21.3	32.0	11.05	 .8406	0.00	115	1	100.0	5
26/06/19	3:00 p	32.4	32.6	32.4	74	27.2	1.8	NW	0.54	4.0	NNE	32.4	43.2	43.2	49.8	754.9	0.00	0.0	641	4.59	693	5.6	0.20	5.9	0.000	0.049	29.4	63	21.7	32.4	11.25	 .8397	0.58	117	1	100.0	5
26/06/19	3:05 p	32.6	32.6	32.3	73	27.1	2.2	NNW	0.67	4.5	NW	32.6	43.3	43.3	50.3	754.8	0.00	0.0	700	5.02	745	5.7	0.20	5.8	0.000	0.049	29.6	63	21.8	32.8	11.24	 .8389	0.00	117	1	100.0	5
26/06/19	3:10 p	32.6	32.7	32.6	73	27.1	2.2	NW	0.67	4.5	NNW	32.6	43.3	43.3	50.4	754.8	0.00	0.0	785	5.63	817	5.8	0.21	5.8	0.000	0.049	29.7	64	22.1	33.1	11.43	 .8382	0.00	117	1	100.0	5
26/06/19	3:15 p	32.7	32.8	32.6	74	27.5	2.7	N	0.80	5.4	N	32.7	44.3	44.3	50.9	754.7	0.00	0.0	851	6.10	868	5.8	0.21	5.8	0.000	0.050	29.8	64	22.3	33.4	11.42	 .8373	0.00	117	1	100.0	5
26/06/19	3:20 p	32.7	32.8	32.7	71	26.8	3.1	NNW	0.94	5.4	NNE	32.7	43.1	43.1	49.7	754.6	0.00	0.0	799	5.73	886	4.8	0.17	5.6	0.000	0.050	29.9	65	22.6	33.8	11.62	 .8365	0.00	117	1	100.0	5
26/06/19	3:25 p	32.2	32.7	32.2	70	26.0	2.7	NNW	0.80	4.9	N	32.2	40.9	40.9	46.3	754.5	0.00	0.0	463	3.32	529	3.5	0.13	3.9	0.000	0.048	30.0	65	22.7	34.0	11.61	 .8358	0.00	116	1	100.0	5
26/06/19	3:30 p	31.9	32.2	31.9	72	26.2	2.2	NNW	0.67	4.5	N	31.9	40.8	40.8	44.3	754.4	0.00	0.0	275	1.97	294	2.5	0.09	3.2	0.000	0.047	30.1	65	22.8	34.1	11.61	 .8355	0.00	115	1	100.0	5
26/06/19	3:35 p	31.7	31.9	31.7	73	26.2	1.8	N	0.54	4.5	N	31.7	40.6	40.6	43.4	754.5	0.00	0.0	228	1.63	265	1.8	0.06	2.1	0.000	0.046	30.1	66	23.1	34.5	11.80	 .8349	0.00	114	1	100.0	5
26/06/19	3:40 p	31.4	31.7	31.4	76	26.7	1.3	N	0.40	4.0	NNW	31.4	40.9	40.9	43.0	754.5	0.00	0.0	172	1.23	174	1.5	0.05	1.5	0.000	0.046	30.2	66	23.1	34.6	11.80	 .8345	0.00	116	1	100.0	5
26/06/19	3:45 p	31.3	31.4	31.2	76	26.5	1.8	NNE	0.54	4.0	N	31.3	40.4	40.4	42.6	754.5	0.00	0.0	177	1.27	181	1.5	0.05	1.5	0.000	0.045	30.2	66	23.2	34.7	11.79	 .8343	0.00	116	1	100.0	5
26/06/19	3:50 p	30.9	31.2	30.9	76	26.2	2.2	N	0.67	4.5	N	30.9	39.4	39.4	41.4	754.6	0.00	0.0	162	1.16	163	1.4	0.05	1.5	0.000	0.044	30.2	66	23.2	34.7	11.79	 .8344	0.00	114	1	100.0	5
26/06/19	3:55 p	30.9	31.0	30.9	78	26.6	1.3	N	0.40	4.5	NW	30.9	39.9	39.9	42.1	754.5	0.00	0.0	173	1.24	181	1.7	0.06	1.8	0.000	0.044	30.2	64	22.7	34.3	11.39	 .8353	0.00	115	1	100.0	5
26/06/19	4:00 p	31.0	31.0	30.9	78	26.7	1.8	NW	0.54	4.5	NW	31.0	40.2	40.2	43.1	754.5	0.00	0.0	218	1.56	257	2.0	0.07	2.1	0.000	0.044	30.0	56	20.3	32.1	10.03	 .8402	0.33	113	1	99.1	5
26/06/19	4:05 p	31.3	31.3	30.9	79	27.3	1.8	NNW	0.54	4.0	NW	31.3	41.6	41.6	46.1	754.5	0.00	0.0	335	2.40	554	2.3	0.08	2.6	0.000	0.045	29.6	51	18.3	30.6	9.25	 .8445	0.00	113	1	99.1	5
26/06/19	4:10 p	31.2	31.4	31.2	78	26.9	2.2	NNW	0.67	4.5	NNW	31.2	40.9	40.9	43.3	754.4	0.00	0.0	184	1.32	188	1.9	0.07	2.1	0.000	0.045	29.1	47	16.6	29.5	8.56	 .8481	0.00	114	1	100.0	5
26/06/19	4:15 p	31.3	31.3	31.2	77	26.8	2.2	NW	0.67	4.5	NW	31.3	40.7	40.7	43.9	754.4	0.00	0.0	229	1.64	269	2.0	0.07	2.3	0.000	0.045	28.7	45	15.6	28.7	8.28	 .8508	0.00	117	1	100.0	5
26/06/19	4:20 p	31.2	31.3	31.2	78	26.9	1.8	NNW	0.54	3.6	N	31.2	40.7	40.7	43.0	754.4	0.00	0.0	169	1.21	213	1.6	0.06	1.7	0.000	0.045	28.3	43	14.5	28.0	7.99	 .8533	0.00	116	1	100.0	5
26/06/19	4:25 p	31.1	31.2	31.1	78	26.8	1.8	NNW	0.54	4.0	NW	31.1	40.4	40.4	42.2	754.3	0.00	0.0	138	0.99	141	1.4	0.05	1.4	0.000	0.044	28.1	47	15.7	28.1	8.60	 .8523	0.00	116	1	100.0	5
26/06/19	4:30 p	31.0	31.1	30.9	79	26.9	1.8	NNW	0.54	4.5	NNW	31.0	40.6	40.6	42.7	754.4	0.00	0.0	156	1.12	178	1.3	0.05	1.3	0.000	0.044	27.8	44	14.5	27.6	8.15	 .8545	0.00	116	1	100.0	5
26/06/19	4:35 p	31.1	31.1	30.9	79	27.0	1.3	N	0.40	4.9	NW	31.1	40.7	40.7	43.9	754.4	0.00	0.0	221	1.58	236	1.3	0.05	1.3	0.000	0.044	27.6	47	15.2	27.6	8.62	 .8543	0.00	117	1	100.0	5
26/06/19	4:40 p	30.9	31.1	30.9	80	27.1	1.8	NW	0.54	4.9	NNW	30.9	40.7	40.7	42.7	754.2	0.00	0.0	140	1.00	181	1.1	0.04	1.1	0.000	0.044	27.4	44	14.1	27.1	8.15	 .8559	0.00	113	1	99.1	5
26/06/19	4:45 p	30.7	30.9	30.7	81	27.0	1.8	N	0.54	4.5	NNW	30.7	40.2	40.2	42.1	754.3	0.00	0.0	133	0.95	162	1.0	0.04	1.0	0.000	0.043	27.3	47	15.0	27.3	8.63	 .8552	0.00	112	1	98.2	5
26/06/19	4:50 p	30.6	30.7	30.6	81	27.0	1.8	NW	0.54	3.6	N	30.6	39.9	39.9	41.6	754.2	0.00	0.0	111	0.80	142	0.9	0.03	0.9	0.000	0.043	27.2	44	13.9	26.8	8.15	 .8569	0.00	115	1	100.0	5
26/06/19	4:55 p	30.6	30.6	30.6	81	26.9	1.8	NW	0.54	4.9	NW	30.6	39.8	39.8	40.8	754.3	0.00	0.0	79	0.57	83	0.8	0.03	0.8	0.000	0.042	27.1	48	15.2	27.1	8.83	 .8556	0.00	116	1	100.0	5
26/06/19	5:00 p	30.4	30.6	30.4	81	26.8	1.8	NW	0.54	4.0	NW	30.4	39.4	39.4	40.5	754.2	0.00	0.0	79	0.57	83	0.7	0.03	0.7	0.000	0.042	27.0	44	13.7	26.6	8.15	 .8577	0.15	117	1	100.0	5
26/06/19	5:05 p	30.4	30.4	30.4	81	26.8	1.3	NNW	0.40	3.1	NW	30.4	39.4	39.4	41.7	754.2	0.00	0.0	144	1.03	185	0.6	0.02	0.7	0.000	0.042	26.9	48	15.0	26.9	8.84	 .8562	0.00	117	1	100.0	5
26/06/19	5:10 p	30.7	30.7	30.5	81	27.0	1.3	NW	0.40	4.0	NNW	30.7	40.2	40.2	43.9	754.4	0.00	0.0	228	1.63	243	0.6	0.02	0.6	0.000	0.043	26.8	46	14.2	26.6	8.45	 .8577	0.00	117	1	100.0	5
26/06/19	5:15 p	30.8	30.8	30.7	81	27.2	1.3	NNW	0.40	3.6	N	30.8	40.7	40.7	44.1	754.5	0.00	0.0	199	1.43	218	0.5	0.02	0.6	0.000	0.043	26.8	48	14.8	26.7	8.85	 .8572	0.00	116	1	100.0	5
26/06/19	5:20 p	30.8	30.9	30.8	80	26.9	1.8	NW	0.54	3.6	NW	30.8	40.2	40.2	42.6	754.6	0.00	0.0	140	1.00	179	0.2	0.01	0.5	0.000	0.043	26.7	47	14.5	26.6	8.65	 .8580	0.00	114	1	100.0	5
26/06/19	5:25 p	30.6	30.8	30.6	81	26.9	1.8	NNW	0.54	4.5	NNE	30.6	39.8	39.8	41.1	754.6	0.00	0.0	83	0.59	97	0.0	0.00	0.0	0.000	0.042	26.7	47	14.4	26.5	8.65	 .8582	0.00	115	1	100.0	5
26/06/19	5:30 p	30.4	30.6	30.3	82	27.0	1.3	NNW	0.40	3.6	N	30.4	39.6	39.6	40.1	754.7	0.00	0.0	45	0.32	60	0.0	0.00	0.0	0.000	0.042	26.6	50	15.3	26.7	9.15	 .8576	0.00	117	1	100.0	5
26/06/19	5:35 p	30.3	30.4	30.3	82	26.9	1.3	NNW	0.40	2.7	N	30.3	39.2	39.2	39.5	754.7	0.00	0.0	31	0.22	33	0.0	0.00	0.0	0.000	0.041	26.6	46	14.0	26.3	8.45	 .8592	0.00	117	1	100.0	5
26/06/19	5:40 p	30.1	30.2	30.1	83	26.8	1.8	NNW	0.54	4.5	NNE	30.1	38.8	38.8	38.9	754.7	0.00	0.0	25	0.18	26	0.0	0.00	0.0	0.000	0.041	26.5	50	15.2	26.6	9.16	 .8578	0.00	117	1	100.0	5
26/06/19	5:45 p	29.9	30.1	29.9	84	26.9	1.8	N	0.54	4.0	NW	29.9	38.6	38.6	38.7	754.9	0.00	0.0	22	0.16	23	0.0	0.00	0.0	0.000	0.040	26.4	48	14.5	26.3	8.86	 .8590	0.00	117	1	100.0	5
26/06/19	5:50 p	29.8	29.9	29.8	84	26.8	1.8	N	0.54	3.6	NNE	29.8	38.2	38.2	38.3	754.9	0.00	0.0	20	0.14	21	0.0	0.00	0.0	0.000	0.040	26.4	49	14.9	26.4	8.96	 .8586	0.00	117	1	100.0	5
26/06/19	5:55 p	29.7	29.8	29.7	85	26.9	1.3	NNW	0.40	2.7	NNW	29.7	38.3	38.3	38.4	755.0	0.00	0.0	18	0.13	18	0.0	0.00	0.0	0.000	0.040	26.3	50	15.1	26.4	9.16	 .8587	0.00	114	1	100.0	5
26/06/19	6:00 p	29.6	29.7	29.6	85	26.8	1.3	N	0.40	3.6	NNW	29.6	38.0	38.0	38.0	755.0	0.00	0.0	16	0.11	16	0.0	0.00	0.0	0.000	0.039	26.3	48	14.4	26.2	8.86	 .8596	0.08	115	1	100.0	5
26/06/19	6:05 p	29.6	29.6	29.6	85	26.8	1.8	N	0.54	3.6	N	29.6	37.8	37.8	37.7	755.1	0.00	0.0	13	0.09	14	0.0	0.00	0.0	0.000	0.039	26.3	51	15.3	26.4	9.35	 .8587	0.00	117	1	100.0	5
26/06/19	6:10 p	29.5	29.6	29.5	85	26.7	1.8	NNW	0.54	4.5	N	29.5	37.6	37.6	37.6	755.2	0.00	0.0	11	0.08	12	0.0	0.00	0.0	0.000	0.039	26.2	49	14.7	26.2	8.97	 .8599	0.00	118	1	100.0	5
26/06/19	6:15 p	29.4	29.6	29.4	86	26.9	1.8	N	0.54	4.0	N	29.4	37.7	37.7	37.6	755.3	0.00	0.0	7	0.05	9	0.0	0.00	0.0	0.000	0.039	26.2	50	15.0	26.2	9.17	 .8596	0.00	117	1	100.0	5
26/06/19	6:20 p	29.4	29.5	29.4	86	26.8	1.3	NNE	0.40	2.7	N	29.4	37.6	37.6	37.3	755.2	0.00	0.0	3	0.02	5	0.0	0.00	0.0	0.000	0.038	26.2	51	15.2	26.2	9.35	 .8593	0.00	117	1	100.0	5
26/06/19	6:25 p	29.3	29.4	29.3	86	26.7	0.9	N	0.27	2.7	N	29.3	37.2	37.2	36.8	755.3	0.00	0.0	0	0.00	0	0.0	0.00	0.0	0.000	0.038	26.2	48	14.3	26.1	8.87	 .8606	0.00	116	1	100.0	5
26/06/19	6:30 p	29.3	29.3	29.3	86	26.7	1.3	N	0.40	2.2	N	29.3	37.2	37.2	36.8	755.4	0.00	0.0	0	0.00	0	0.0	0.00	0.0	0.000	0.038	26.1	52	15.5	26.2	9.47	 .8594	0.00	114	1	100.0	5
26/06/19	6:35 p	29.2	29.3	29.2	87	26.8	0.9	NNW	0.27	1.8	NW	29.2	37.3	37.3	36.9	755.4	0.00	0.0	0	0.00	0	0.0	0.00	0.0	0.000	0.038	26.1	49	14.6	26.1	8.97	 .8605	0.00	115	1	100.0	5
26/06/19	6:40 p	29.2	29.2	29.2	87	26.8	1.3	NNW	0.40	2.7	N	29.2	37.1	37.1	36.7	755.6	0.00	0.0	0	0.00	0	0.0	0.00	0.0	0.000	0.038	26.1	51	15.2	26.2	9.35	 .8600	0.00	116	1	100.0	5
26/06/19	6:45 p	29.1	29.2	29.1	88	26.9	1.3	NNE	0.40	2.2	N	29.1	37.0	37.0	36.6	755.7	0.00	0.0	0	0.00	0	0.0	0.00	0.0	0.000	0.037	26.0	52	15.4	26.1	9.47	 .8601	0.00	117	1	100.0	5
26/06/19	6:50 p	29.1	29.1	29.0	88	26.9	0.9	NNW	0.27	2.2	NNW	29.1	37.0	37.0	36.6	755.5	0.00	0.0	0	0.00	0	0.0	0.00	0.0	0.000	0.037	26.1	50	14.8	26.1	9.17	 .8605	0.00	117	1	100.0	5
26/06/19	6:55 p	29.0	29.1	29.0	88	26.8	1.8	NNE	0.54	3.6	N	29.0	36.8	36.8	36.3	755.6	0.00	0.0	0	0.00	0	0.0	0.00	0.0	0.000	0.037	26.0	52	15.4	26.1	9.47	 .8601	0.00	117	1	100.0	5
26/06/19	7:00 p	28.9	29.0	28.9	88	26.8	1.8	NNE	0.54	4.0	N	28.9	36.6	36.6	36.2	755.8	0.00	0.0	0	0.00	0	0.0	0.00	0.0	0.000	0.037	26.0	50	14.8	26.0	9.17	 .8610	0.03	116	1	100.0	5
26/06/19	7:05 p	28.9	29.0	28.9	88	26.8	1.3	N	0.40	2.7	NE	28.9	36.6	36.6	36.2	755.8	0.00	0.0	0	0.00	0	0.0	0.00	0.0	0.000	0.037	26.1	51	15.1	26.1	9.35	 .8605	0.00	114	1	100.0	5
26/06/19	7:10 p	28.9	28.9	28.9	88	26.7	1.3	NNE	0.40	2.7	NNW	28.9	36.4	36.4	36.0	756.1	0.00	0.0	0	0.00	0	0.0	0.00	0.0	0.000	0.037	26.2	51	15.3	26.3	9.35	 .8601	0.00	114	1	100.0	5
26/06/19	7:15 p	28.9	28.9	28.9	89	26.9	0.9	NNE	0.27	1.8	NNE	28.9	36.7	36.7	36.2	756.2	0.00	0.0	0	0.00	0	0.0	0.00	0.0	0.000	0.037	26.5	51	15.5	26.6	9.35	 .8591	0.00	118	1	100.0	5
26/06/19	7:20 p	28.8	28.9	28.8	89	26.8	1.3	NNE	0.40	2.7	NNE	28.8	36.5	36.5	36.1	756.3	0.00	0.0	0	0.00	0	0.0	0.00	0.0	0.000	0.036	26.7	52	16.0	26.9	9.45	 .8579	0.00	117	1	100.0	5
26/06/19	7:25 p	28.8	28.8	28.8	89	26.8	1.3	NNE	0.40	2.7	NNE	28.8	36.3	36.3	35.9	756.4	0.00	0.0	0	0.00	0	0.0	0.00	0.0	0.000	0.036	26.9	52	16.2	27.2	9.44	 .8573	0.00	117	1	100.0	5
26/06/19	7:30 p	28.7	28.8	28.7	89	26.7	1.3	NNE	0.40	2.7	W	28.7	36.2	36.2	35.7	756.3	0.00	0.0	0	0.00	0	0.0	0.00	0.0	0.000	0.036	27.1	52	16.4	27.4	9.43	 .8563	0.00	117	1	100.0	5
26/06/19	7:35 p	28.7	28.8	28.7	89	26.7	1.3	NNE	0.40	2.7	N	28.7	36.2	36.2	35.7	756.3	0.00	0.0	0	0.00	0	0.0	0.00	0.0	0.000	0.036	27.2	52	16.5	27.6	9.43	 .8558	0.00	116	1	100.0	5
26/06/19	7:40 p	28.7	28.8	28.7	89	26.7	0.9	NNE	0.27	1.8	NNE	28.7	35.9	35.9	35.5	756.3	0.00	0.0	0	0.00	0	0.0	0.00	0.0	0.000	0.036	27.4	52	16.7	27.8	9.42	 .8550	0.00	114	1	100.0	5
26/06/19	7:45 p	28.7	28.7	28.7	89	26.7	1.3	NE	0.40	2.2	ENE	28.7	36.2	36.2	35.7	756.3	0.00	0.0	0	0.00	0	0.0	0.00	0.0	0.000	0.036	27.6	52	16.8	28.0	9.42	 .8545	0.00	114	1	100.0	5
26/06/19	7:50 p	28.7	28.7	28.6	89	26.7	0.9	NE	0.27	1.3	N	28.7	35.9	35.9	35.5	756.4	0.00	0.0	0	0.00	0	0.0	0.00	0.0	0.000	0.036	27.7	52	17.0	28.2	9.41	 .8539	0.00	116	1	100.0	5
26/06/19	7:55 p	28.6	28.7	28.6	90	26.8	0.9	NE	0.27	1.3	NE	28.6	35.8	35.8	35.4	756.4	0.00	0.0	0	0.00	0	0.0	0.00	0.0	0.000	0.035	27.8	53	17.3	28.3	9.61	 .8532	0.00	117	1	100.0	5
26/06/19	8:00 p	28.5	28.6	28.5	90	26.7	0.9	NE	0.27	1.3	NE	28.5	35.7	35.7	35.2	756.5	0.00	0.0	0	0.00	0	0.0	0.00	0.0	0.000	0.035	27.9	53	17.5	28.6	9.60	 .8526	0.03	114	1	100.0	5
26/06/19	8:05 p	28.5	28.5	28.5	90	26.7	0.9	NE	0.27	1.8	NE	28.5	35.7	35.7	35.2	756.6	0.00	0.0	0	0.00	0	0.0	0.00	0.0	0.000	0.035	28.0	53	17.5	28.7	9.60	 .8525	0.00	117	1	100.0	5
26/06/19	8:10 p	28.4	28.5	28.4	90	26.6	0.4	NE	0.13	1.3	NE	28.4	35.4	35.4	34.9	756.6	0.00	0.0	0	0.00	0	0.0	0.00	0.0	0.000	0.035	28.1	53	17.6	28.8	9.60	 .8521	0.00	116	1	100.0	5
26/06/19	8:15 p	28.4	28.4	28.4	91	26.8	0.9	NNE	0.27	1.3	NNE	28.4	35.6	35.6	35.1	756.7	0.00	0.0	0	0.00	0	0.0	0.00	0.0	0.000	0.035	28.2	54	18.0	29.0	9.75	 .8515	0.00	115	1	100.0	5
26/06/19	8:20 p	28.4	28.4	28.4	90	26.6	0.9	NNE	0.27	1.3	NNE	28.4	35.4	35.4	34.9	756.8	0.00	0.0	0	0.00	0	0.0	0.00	0.0	0.000	0.035	28.3	54	18.1	29.2	9.75	 .8512	0.00	115	1	100.0	5
26/06/19	8:25 p	28.4	28.4	28.4	90	26.6	0.9	NE	0.27	1.3	NE	28.4	35.4	35.4	34.9	757.0	0.00	0.0	0	0.00	0	0.0	0.00	0.0	0.000	0.035	28.3	54	18.1	29.2	9.75	 .8511	0.00	116	1	100.0	5
26/06/19	8:30 p	28.5	28.6	28.4	90	26.7	1.3	NE	0.40	2.2	NE	28.5	35.7	35.7	35.2	756.9	0.00	0.0	0	0.00	0	0.0	0.00	0.0	0.000	0.035	28.4	55	18.5	29.5	9.85	 .8502	0.00	116	1	100.0	5
26/06/19	8:35 p	28.5	28.6	28.5	90	26.7	0.9	NNE	0.27	1.8	NNE	28.5	35.7	35.7	35.2	756.9	0.00	0.0	0	0.00	0	0.0	0.00	0.0	0.000	0.035	28.5	55	18.6	29.6	9.85	 .8499	0.00	117	1	100.0	5
26/06/19	8:40 p	28.4	28.5	28.4	90	26.6	0.9	NE	0.27	1.8	NNE	28.4	35.4	35.4	34.9	757.1	0.00	0.0	0	0.00	0	0.0	0.00	0.0	0.000	0.035	28.6	55	18.6	29.7	9.85	 .8498	0.00	115	1	100.0	5
26/06/19	8:45 p	28.4	28.5	28.4	90	26.6	0.9	NE	0.27	1.8	NE	28.4	35.4	35.4	34.9	757.1	0.00	0.0	0	0.00	0	0.0	0.00	0.0	0.000	0.035	28.6	55	18.7	29.8	9.85	 .8497	0.00	117	1	100.0	5
26/06/19	8:50 p	28.4	28.4	28.4	90	26.6	0.9	NE	0.27	1.3	NE	28.4	35.4	35.4	34.9	757.4	0.00	0.0	0	0.00	0	0.0	0.00	0.0	0.000	0.035	28.7	56	19.0	29.9	10.05	 .8493	0.00	114	1	100.0	5
26/06/19	8:55 p	28.4	28.4	28.4	90	26.6	0.9	NE	0.27	2.2	NNE	28.4	35.4	35.4	34.9	757.4	0.00	0.0	0	0.00	0	0.0	0.00	0.0	0.000	0.035	28.7	56	19.1	30.1	10.05	 .8491	0.00	115	1	100.0	5
26/06/19	9:00 p	28.4	28.5	28.4	90	26.6	0.9	ENE	0.27	1.8	ENE	28.4	35.4	35.4	34.9	757.3	0.00	0.0	0	0.00	0	0.0	0.00	0.0	0.000	0.035	28.8	56	19.1	30.1	10.05	 .8488	0.00	116	1	100.0	5
26/06/19	9:05 p	28.5	28.5	28.4	90	26.7	0.9	NE	0.27	2.2	NE	28.5	35.7	35.7	35.2	757.5	0.00	0.0	0	0.00	0	0.0	0.00	0.0	0.000	0.035	28.8	57	19.5	30.3	10.23	 .8482	0.00	117	1	100.0	5
26/06/19	9:10 p	28.4	28.5	28.4	90	26.6	0.4	ESE	0.13	0.9	ENE	28.4	35.4	35.4	34.9	757.5	0.00	0.0	0	0.00	0	0.0	0.00	0.0	0.000	0.035	28.8	57	19.5	30.3	10.23	 .8483	0.00	116	1	100.0	5
26/06/19	9:15 p	28.3	28.4	28.3	91	26.7	0.4	ESE	0.13	0.9	ESE	28.3	35.3	35.3	34.9	757.3	0.00	0.0	0	0.00	0	0.0	0.00	0.0	0.000	0.035	28.9	57	19.5	30.4	10.23	 .8478	0.00	116	1	100.0	5
26/06/19	9:20 p	28.3	28.4	28.3	91	26.7	0.0	ESE	0.00	0.9	ESE	28.3	35.3	35.3	34.9	757.7	0.00	0.0	0	0.00	0	0.0	0.00	0.0	0.000	0.035	28.9	57	19.6	30.5	10.23	 .8480	0.00	116	1	100.0	5
26/06/19	9:25 p	28.3	28.4	28.3	91	26.7	0.4	SSE	0.13	1.3	SSE	28.3	35.3	35.3	34.9	757.7	0.00	0.0	0	0.00	0	0.0	0.00	0.0	0.000	0.035	29.0	58	19.9	30.8	10.35	 .8473	0.00	116	1	100.0	5
26/06/19	9:30 p	28.3	28.3	28.3	91	26.7	0.9	ESE	0.27	1.3	ESE	28.3	35.3	35.3	34.9	757.6	0.00	0.0	0	0.00	0	0.0	0.00	0.0	0.000	0.035	29.1	58	20.0	30.8	10.35	 .8470	0.00	114	1	100.0	5
26/06/19	9:35 p	28.3	28.3	28.3	91	26.7	0.4	ESE	0.13	1.3	E	28.3	35.2	35.2	34.7	757.7	0.00	0.0	0	0.00	0	0.0	0.00	0.0	0.000	0.035	29.1	58	20.0	30.8	10.35	 .8471	0.00	117	1	100.0	5
26/06/19	9:40 p	28.3	28.3	28.3	91	26.7	0.4	ESE	0.13	1.3	NE	28.3	35.2	35.2	34.7	757.6	0.00	0.0	0	0.00	0	0.0	0.00	0.0	0.000	0.035	29.1	59	20.2	31.0	10.55	 .8465	0.00	117	1	100.0	5
26/06/19	9:45 p	28.4	28.4	28.3	91	26.8	0.9	NE	0.27	1.8	NE	28.4	35.6	35.6	35.1	757.9	0.00	0.0	0	0.00	0	0.0	0.00	0.0	0.000	0.035	29.1	59	20.3	31.1	10.55	 .8466	0.00	117	1	100.0	5
26/06/19	9:50 p	28.6	28.6	28.4	90	26.8	0.4	ENE	0.13	1.3	SE	28.6	35.8	35.8	35.4	757.9	0.00	0.0	0	0.00	0	0.0	0.00	0.0	0.000	0.035	29.1	59	20.3	31.1	10.55	 .8466	0.00	115	1	100.0	5
26/06/19	9:55 p	28.4	28.6	28.4	90	26.6	0.4	SE	0.13	1.3	SE	28.4	35.4	35.4	34.9	757.8	0.00	0.0	0	0.00	0	0.0	0.00	0.0	0.000	0.035	29.2	59	20.3	31.2	10.55	 .8462	0.00	117	1	100.0	5
26/06/19	10:00 p	28.3	28.4	28.3	91	26.7	0.4	SE	0.13	0.9	SE	28.3	35.3	35.3	34.9	757.8	0.00	0.0	0	0.00	0	0.0	0.00	0.0	0.000	0.035	29.2	59	20.4	31.3	10.55	 .8460	0.00	114	1	100.0	5
26/06/19	10:05 p	28.3	28.3	28.3	91	26.7	0.4	SE	0.13	0.9	SE	28.3	35.2	35.2	34.7	757.9	0.00	0.0	0	0.00	0	0.0	0.00	0.0	0.000	0.035	29.2	60	20.7	31.4	10.75	 .8457	0.00	115	1	100.0	5
26/06/19	10:10 p	28.3	28.3	28.2	91	26.7	0.0	ESE	0.00	0.9	ESE	28.3	35.2	35.2	34.7	758.1	0.00	0.0	0	0.00	0	0.0	0.00	0.0	0.000	0.035	29.2	60	20.7	31.4	10.75	 .8458	0.00	117	1	100.0	5
26/06/19	10:15 p	28.2	28.3	28.2	91	26.6	0.0	ESE	0.00	0.4	ESE	28.2	35.0	35.0	34.5	758.0	0.00	0.0	0	0.00	0	0.0	0.00	0.0	0.000	0.034	29.3	60	20.7	31.6	10.75	 .8455	0.00	117	1	100.0	5
26/06/19	10:20 p	28.3	28.3	28.2	92	26.9	0.0	ESE	0.00	0.4	ESE	28.3	35.4	35.4	35.0	758.2	0.00	0.0	0	0.00	0	0.0	0.00	0.0	0.000	0.035	29.3	60	20.7	31.6	10.75	 .8458	0.00	117	1	100.0	5
26/06/19	10:25 p	28.2	28.3	28.2	92	26.7	0.4	S	0.13	0.9	ESE	28.2	35.1	35.1	34.7	758.2	0.00	0.0	0	0.00	0	0.0	0.00	0.0	0.000	0.034	29.3	60	20.8	31.6	10.75	 .8455	0.00	116	1	100.0	5
26/06/19	10:30 p	28.2	28.2	28.2	92	26.8	0.4	S	0.13	1.3	S	28.2	35.3	35.3	34.8	758.2	0.00	0.0	0	0.00	0	0.0	0.00	0.0	0.000	0.034	29.3	61	21.0	31.8	10.95	 .8450	0.00	117	1	100.0	5
26/06/19	10:35 p	28.3	28.3	28.2	91	26.7	0.9	SSW	0.27	1.3	S	28.3	35.2	35.2	34.7	758.2	0.00	0.0	0	0.00	0	0.0	0.00	0.0	0.000	0.035	29.4	61	21.1	31.9	10.95	 .8448	0.00	114	1	100.0	5
26/06/19	10:40 p	28.2	28.3	28.2	92	26.7	0.4	SSW	0.13	1.3	SSW	28.2	35.1	35.1	34.7	758.2	0.00	0.0	0	0.00	0	0.0	0.00	0.0	0.000	0.034	29.4	61	21.1	31.9	10.95	 .8448	0.00	116	1	100.0	5
26/06/19	10:45 p	28.2	28.2	28.2	92	26.8	0.4	SSW	0.13	1.8	SSE	28.2	35.3	35.3	34.8	758.0	0.00	0.0	0	0.00	0	0.0	0.00	0.0	0.000	0.034	29.4	61	21.1	32.1	10.95	 .8443	0.00	117	1	100.0	5
26/06/19	10:50 p	28.2	28.3	28.2	92	26.8	0.9	S	0.27	2.7	SSW	28.2	35.3	35.3	34.8	758.1	0.00	0.0	0	0.00	0	0.0	0.00	0.0	0.000	0.034	29.4	61	21.1	32.1	10.95	 .8444	0.00	117	1	100.0	5
26/06/19	10:55 p	27.9	28.2	27.9	91	26.3	0.9	WSW	0.27	3.1	WSW	27.9	34.2	34.2	33.7	758.1	0.00	0.0	0	0.00	0	0.0	0.00	0.0	0.000	0.033	29.4	61	21.1	32.1	10.95	 .8444	0.00	117	1	100.0	5
26/06/19	11:00 p	27.9	28.0	27.9	89	25.9	1.3	SW	0.40	3.6	WSW	27.9	33.7	33.7	33.2	758.0	0.00	0.0	0	0.00	0	0.0	0.00	0.0	0.000	0.033	29.4	62	21.4	32.2	11.05	 .8438	0.00	117	1	100.0	5
26/06/19	11:05 p	27.8	27.9	27.8	89	25.9	1.3	SSW	0.40	4.0	SW	27.8	33.5	33.5	33.0	758.0	0.00	0.0	0	0.00	0	0.0	0.00	0.0	0.000	0.033	29.4	62	21.4	32.2	11.05	 .8438	0.00	116	1	100.0	5
26/06/19	11:10 p	27.6	27.8	27.6	90	25.8	1.3	SW	0.40	3.6	SW	27.6	32.9	32.9	32.4	758.2	0.00	0.0	0	0.00	0	0.0	0.00	0.0	0.000	0.032	29.4	62	21.4	32.2	11.05	 .8440	0.00	114	1	100.0	5
26/06/19	11:15 p	27.4	27.6	27.4	90	25.7	0.9	SSW	0.27	3.6	W	27.4	32.6	32.6	32.1	758.1	0.00	0.0	0	0.00	0	0.0	0.00	0.0	0.000	0.032	29.4	62	21.4	32.2	11.05	 .8440	0.00	116	1	100.0	5
26/06/19	11:20 p	27.4	27.5	27.4	90	25.7	0.4	SSW	0.13	0.9	WNW	27.4	32.6	32.6	32.1	758.0	0.00	0.0	0	0.00	0	0.0	0.00	0.0	0.000	0.032	29.5	62	21.5	32.3	11.05	 .8436	0.00	117	1	100.0	5
26/06/19	11:25 p	27.4	27.5	27.4	90	25.7	0.0	SSW	0.00	0.4	SSW	27.4	32.6	32.6	32.1	758.1	0.00	0.0	0	0.00	0	0.0	0.00	0.0	0.000	0.032	29.5	62	21.5	32.3	11.05	 .8437	0.00	117	1	100.0	5
26/06/19	11:30 p	27.4	27.4	27.4	91	25.8	0.0	SSW	0.00	0.9	SSW	27.4	32.6	32.6	32.1	758.0	0.00	0.0	0	0.00	0	0.0	0.00	0.0	0.000	0.031	29.5	63	21.7	32.6	11.25	 .8431	0.00	117	1	100.0	5
26/06/19	11:35 p	27.3	27.4	27.3	91	25.7	0.0	SSW	0.00	0.4	SSW	27.3	32.4	32.4	31.9	757.9	0.00	0.0	0	0.00	0	0.0	0.00	0.0	0.000	0.031	29.6	63	21.8	32.7	11.25	 .8428	0.00	118	1	100.0	5
26/06/19	11:40 p	27.3	27.3	27.3	92	25.9	0.4	WSW	0.13	1.3	WSW	27.3	32.5	32.5	32.0	757.9	0.00	0.0	0	0.00	0	0.0	0.00	0.0	0.000	0.031	29.5	63	21.7	32.6	11.25	 .8430	0.00	115	1	100.0	5
26/06/19	11:45 p	27.3	27.3	27.2	92	25.9	0.4	WSW	0.13	1.3	WSW	27.3	32.5	32.5	32.0	757.7	0.00	0.0	0	0.00	0	0.0	0.00	0.0	0.000	0.031	29.6	63	21.8	32.7	11.25	 .8425	0.00	114	1	100.0	5
26/06/19	11:50 p	27.3	27.3	27.2	92	25.9	0.4	S	0.13	0.9	SW	27.3	32.5	32.5	32.0	757.6	0.00	0.0	0	0.00	0	0.0	0.00	0.0	0.000	0.031	29.6	63	21.8	32.7	11.25	 .8424	0.00	116	1	100.0	5
26/06/19	11:55 p	27.3	27.3	27.2	92	25.9	0.0	S	0.00	0.4	S	27.3	32.5	32.5	32.0	757.6	0.00	0.0	0	0.00	0	0.0	0.00	0.0	0.000	0.031	29.6	64	22.0	32.9	11.44	 .8419	0.00	117	1	100.0	5
