		Temp	Hi	Low	Out	Dew	Wind	Wind	Wind	Hi	Hi	Wind	Heat	THW	THSW			Rain	Solar	Solar	Hi Solar	UV 	UV 	Hi 	Heat	Cool	In 	In	In 	In 	In 	In Air		Wind	Wind	ISS 	Arc.
Date	Time	Out	Temp	Temp	Hum	Pt.	Speed	Dir	Run	Speed	Dir	Chill	Index	Index	Index	Bar  	Rain	Rate	Rad.	Energy	Rad. 	Index	Dose	UV 	D-D 	D-D 	Temp	Hum	Dew	Heat	EMC	Density	ET 	Samp	Tx 	Recept	Int.
01/12/19	12:00 a	25.5	25.6	25.5	95	24.6	0.4	ENE	0.13	0.9	ENE	25.5	28.6	28.6	28.0	1009.9	0.00	0.0	0	0.00	0	0.0	0.00	0.0	0.000	0.025	27.7	72	22.2	30.4	13.25	1.1392	0.00	117	1	100.0	5
01/12/19	12:05 a	25.5	25.5	25.4	96	24.8	0.4	ENE	0.13	1.3	ENE	25.5	28.7	28.7	28.1	1009.9	0.00	0.0	0	0.00	0	0.0	0.00	0.0	0.000	0.025	27.6	72	22.1	30.4	13.25	1.1395	0.00	115	1	100.0	5
01/12/19	12:10 a	25.5	25.5	25.4	95	24.6	0.4	ENE	0.13	0.9	ENE	25.5	28.6	28.6	28.0	1009.8	0.00	0.0	0	0.00	0	0.0	0.00	0.0	0.000	0.025	27.6	72	22.1	30.4	13.25	1.1395	0.00	116	1	100.0	5
01/12/19	12:15 a	25.4	25.5	25.4	95	24.6	0.4	ENE	0.13	0.9	ENE	25.4	28.4	28.4	27.9	1009.8	0.00	0.0	0	0.00	0	0.0	0.00	0.0	0.000	0.025	27.6	72	22.1	30.4	13.25	1.1395	0.00	115	1	100.0	5
01/12/19	12:20 a	25.4	25.5	25.4	96	24.8	0.4	ENE	0.13	0.9	ENE	25.4	28.6	28.6	28.0	1009.7	0.00	0.0	0	0.00	0	0.0	0.00	0.0	0.000	0.025	27.7	72	22.2	30.4	13.25	1.1391	0.00	113	1	99.1	5
01/12/19	12:25 a	25.4	25.4	25.4	96	24.7	0.9	ENE	0.27	1.8	ENE	25.4	28.4	28.4	27.9	1009.7	0.00	0.0	0	0.00	0	0.0	0.00	0.0	0.000	0.024	27.6	72	22.1	30.4	13.25	1.1393	0.00	113	1	99.1	5
01/12/19	12:30 a	25.4	25.4	25.3	96	24.7	0.9	ENE	0.27	1.3	ENE	25.4	28.4	28.4	27.9	1009.7	0.00	0.0	0	0.00	0	0.0	0.00	0.0	0.000	0.024	27.6	72	22.1	30.4	13.25	1.1393	0.00	117	1	100.0	5
01/12/19	12:35 a	25.3	25.4	25.3	96	24.6	0.9	ENE	0.27	1.8	ENE	25.3	28.3	28.3	27.8	1009.6	0.00	0.0	0	0.00	0	0.0	0.00	0.0	0.000	0.024	27.6	72	22.1	30.3	13.25	1.1396	0.00	114	1	100.0	5
01/12/19	12:40 a	25.3	25.4	25.3	96	24.6	0.9	ENE	0.27	1.3	ENE	25.3	28.3	28.3	27.8	1009.6	0.00	0.0	0	0.00	0	0.0	0.00	0.0	0.000	0.024	27.6	72	22.1	30.4	13.25	1.1392	0.00	115	1	100.0	5
01/12/19	12:45 a	25.2	25.3	25.2	96	24.5	0.9	E	0.27	1.3	ENE	25.2	28.1	28.1	27.5	1009.7	0.00	0.0	0	0.00	0	0.0	0.00	0.0	0.000	0.024	27.6	72	22.1	30.3	13.25	1.1397	0.00	115	1	100.0	5
01/12/19	12:50 a	25.2	25.3	25.2	96	24.5	0.9	E	0.27	1.8	E	25.2	28.1	28.1	27.5	1009.6	0.00	0.0	0	0.00	0	0.0	0.00	0.0	0.000	0.024	27.6	72	22.1	30.3	13.25	1.1396	0.00	115	1	100.0	5
01/12/19	12:55 a	25.2	25.2	25.2	96	24.5	0.9	E	0.27	1.8	E	25.2	27.9	27.9	27.4	1009.6	0.00	0.0	0	0.00	0	0.0	0.00	0.0	0.000	0.024	27.5	72	22.0	30.2	13.25	1.1399	0.00	114	1	100.0	5
01/12/19	1:00 a	25.1	25.2	25.1	96	24.4	0.9	E	0.27	1.3	E	25.1	27.8	27.8	27.2	1009.6	0.00	0.0	0	0.00	0	0.0	0.00	0.0	0.000	0.024	27.6	72	22.1	30.3	13.25	1.1395	0.00	114	1	100.0	5
01/12/19	1:05 a	25.1	25.1	25.1	96	24.4	0.9	E	0.27	1.8	E	25.1	27.8	27.8	27.2	1009.6	0.00	0.0	0	0.00	0	0.0	0.00	0.0	0.000	0.024	27.5	72	22.0	30.2	13.25	1.1398	0.00	116	1	100.0	5
01/12/19	1:10 a	25.1	25.1	25.1	96	24.4	0.4	E	0.13	1.3	E	25.1	27.7	27.7	27.1	1009.6	0.00	0.0	0	0.00	0	0.0	0.00	0.0	0.000	0.023	27.5	72	22.0	30.2	13.25	1.1399	0.00	116	1	100.0	5
01/12/19	1:15 a	25.1	25.1	25.0	96	24.4	0.0	E	0.00	0.9	E	25.1	27.7	27.7	27.1	1009.7	0.00	0.0	0	0.00	0	0.0	0.00	0.0	0.000	0.023	27.5	72	22.0	30.2	13.25	1.1400	0.00	116	1	100.0	5
01/12/19	1:20 a	25.1	25.1	25.0	96	24.4	0.0	E	0.00	0.9	E	25.1	27.7	27.7	27.1	1009.5	0.00	0.0	0	0.00	0	0.0	0.00	0.0	0.000	0.023	27.4	72	21.9	30.1	13.25	1.1401	0.00	116	1	100.0	5
01/12/19	1:25 a	25.0	25.1	25.0	96	24.3	0.0	E	0.00	0.9	E	25.0	27.6	27.6	27.0	1009.7	0.00	0.0	0	0.00	0	0.0	0.00	0.0	0.000	0.023	27.5	72	22.0	30.2	13.25	1.1399	0.00	114	1	100.0	5
01/12/19	1:30 a	24.9	25.0	24.9	97	24.4	0.0	---	0.00	0.0	---	24.9	27.6	27.6	27.0	1009.6	0.00	0.0	0	0.00	0	0.0	0.00	0.0	0.000	0.023	27.4	72	21.9	30.1	13.25	1.1402	0.00	111	1	97.4	5
01/12/19	1:35 a	24.9	25.0	24.9	97	24.4	0.4	E	0.13	0.9	E	24.9	27.6	27.6	27.0	1009.5	0.00	0.0	0	0.00	0	0.0	0.00	0.0	0.000	0.023	27.4	72	21.9	30.1	13.25	1.1401	0.00	114	1	100.0	5
01/12/19	1:40 a	24.9	24.9	24.9	97	24.4	0.4	E	0.13	1.3	ENE	24.9	27.6	27.6	27.0	1009.4	0.00	0.0	0	0.00	0	0.0	0.00	0.0	0.000	0.023	27.4	72	21.9	30.1	13.25	1.1400	0.00	115	1	100.0	5
01/12/19	1:45 a	25.0	25.0	24.9	97	24.5	0.4	ENE	0.13	0.9	ENE	25.0	27.7	27.7	27.2	1009.5	0.00	0.0	0	0.00	0	0.0	0.00	0.0	0.000	0.023	27.4	72	21.9	30.1	13.25	1.1400	0.00	115	1	100.0	5
01/12/19	1:50 a	25.0	25.0	24.9	97	24.5	0.4	ENE	0.13	1.3	ENE	25.0	27.7	27.7	27.2	1009.5	0.00	0.0	0	0.00	0	0.0	0.00	0.0	0.000	0.023	27.4	72	21.9	30.1	13.25	1.1400	0.00	117	1	100.0	5
01/12/19	1:55 a	25.0	25.0	24.9	97	24.5	0.4	ENE	0.13	0.9	ENE	25.0	27.7	27.7	27.2	1009.4	0.00	0.0	0	0.00	0	0.0	0.00	0.0	0.000	0.023	27.4	72	21.9	29.9	13.25	1.1402	0.00	117	1	100.0	5
01/12/19	2:00 a	24.9	25.0	24.9	97	24.4	0.0	ENE	0.00	0.4	ENE	24.9	27.6	27.6	27.0	1009.4	0.00	0.0	0	0.00	0	0.0	0.00	0.0	0.000	0.023	27.4	72	21.9	29.9	13.25	1.1402	0.00	112	1	98.2	5
01/12/19	2:05 a	24.9	24.9	24.9	97	24.4	0.0	ENE	0.00	0.9	ENE	24.9	27.6	27.6	27.0	1009.3	0.00	0.0	0	0.00	0	0.0	0.00	0.0	0.000	0.023	27.4	72	21.9	29.9	13.25	1.1401	0.00	110	1	96.5	5
01/12/19	2:10 a	24.9	25.0	24.9	97	24.4	0.4	ENE	0.13	0.9	ENE	24.9	27.6	27.6	27.0	1009.2	0.00	0.0	0	0.00	0	0.0	0.00	0.0	0.000	0.023	27.4	72	21.9	29.9	13.25	1.1400	0.00	116	1	100.0	5
01/12/19	2:15 a	24.9	24.9	24.9	97	24.4	0.4	ENE	0.13	0.9	ENE	24.9	27.5	27.5	26.9	1009.1	0.00	0.0	0	0.00	0	0.0	0.00	0.0	0.000	0.023	27.4	72	21.9	29.9	13.25	1.1399	0.00	115	1	100.0	5
01/12/19	2:20 a	24.9	25.0	24.9	97	24.4	0.9	ENE	0.27	1.8	ENE	24.9	27.6	27.6	27.0	1009.1	0.00	0.0	0	0.00	0	0.0	0.00	0.0	0.000	0.023	27.4	72	21.9	29.9	13.25	1.1399	0.00	115	1	100.0	5
01/12/19	2:25 a	24.9	25.0	24.9	97	24.4	0.4	E	0.13	1.3	E	24.9	27.5	27.5	26.9	1009.0	0.00	0.0	0	0.00	0	0.0	0.00	0.0	0.000	0.023	27.3	72	21.8	29.8	13.25	1.1401	0.00	116	1	100.0	5
01/12/19	2:30 a	24.9	24.9	24.8	97	24.4	0.4	E	0.13	0.9	E	24.9	27.5	27.5	26.9	1009.0	0.00	0.0	0	0.00	0	0.0	0.00	0.0	0.000	0.023	27.3	72	21.8	29.8	13.25	1.1401	0.00	115	1	100.0	5
01/12/19	2:35 a	24.9	24.9	24.8	97	24.4	0.4	E	0.13	0.9	E	24.9	27.5	27.5	26.9	1009.1	0.00	0.0	0	0.00	0	0.0	0.00	0.0	0.000	0.023	27.3	72	21.8	29.8	13.25	1.1402	0.00	115	1	100.0	5
01/12/19	2:40 a	24.9	24.9	24.9	97	24.4	0.9	E	0.27	1.3	E	24.9	27.6	27.6	27.0	1009.0	0.00	0.0	0	0.00	0	0.0	0.00	0.0	0.000	0.023	27.3	72	21.8	29.8	13.25	1.1401	0.00	113	1	99.1	5
01/12/19	2:45 a	24.9	25.0	24.9	97	24.4	0.9	E	0.27	1.3	E	24.9	27.6	27.6	27.0	1009.1	0.00	0.0	0	0.00	0	0.0	0.00	0.0	0.000	0.023	27.3	72	21.8	29.8	13.25	1.1402	0.00	117	1	100.0	5
01/12/19	2:50 a	24.9	25.0	24.9	97	24.4	0.4	E	0.13	1.3	E	24.9	27.6	27.6	27.0	1009.0	0.00	0.0	0	0.00	0	0.0	0.00	0.0	0.000	0.023	27.3	72	21.8	29.8	13.25	1.1401	0.00	116	1	100.0	5
01/12/19	2:55 a	25.0	25.0	24.9	97	24.5	0.0	E	0.00	0.9	E	25.0	27.7	27.7	27.2	1009.0	0.00	0.0	0	0.00	0	0.0	0.00	0.0	0.000	0.023	27.3	72	21.8	29.7	13.25	1.1405	0.00	116	1	100.0	5
01/12/19	3:00 a	24.9	25.0	24.9	97	24.4	0.4	E	0.13	0.9	E	24.9	27.6	27.6	27.0	1009.0	0.00	0.0	0	0.00	0	0.0	0.00	0.0	0.000	0.023	27.3	72	21.8	29.7	13.25	1.1404	0.00	115	1	100.0	5
01/12/19	3:05 a	25.0	25.0	24.9	97	24.5	0.9	E	0.27	1.3	E	25.0	27.7	27.7	27.2	1009.0	0.00	0.0	0	0.00	0	0.0	0.00	0.0	0.000	0.023	27.3	72	21.8	29.7	13.25	1.1404	0.00	116	1	100.0	5
01/12/19	3:10 a	24.9	25.0	24.9	97	24.4	0.4	E	0.13	0.9	E	24.9	27.6	27.6	27.0	1009.1	0.00	0.0	0	0.00	0	0.0	0.00	0.0	0.000	0.023	27.3	72	21.8	29.7	13.25	1.1405	0.00	112	1	98.2	5
01/12/19	3:15 a	24.8	24.9	24.8	97	24.3	0.0	E	0.00	0.4	E	24.8	27.4	27.4	26.8	1009.0	0.00	0.0	0	0.00	0	0.0	0.00	0.0	0.000	0.023	27.3	72	21.8	29.7	13.25	1.1405	0.00	111	1	97.4	5
01/12/19	3:20 a	24.8	24.9	24.8	97	24.3	0.0	---	0.00	0.0	---	24.8	27.4	27.4	26.8	1009.1	0.00	0.0	0	0.00	0	0.0	0.00	0.0	0.000	0.023	27.3	72	21.8	29.7	13.25	1.1406	0.00	115	1	100.0	5
01/12/19	3:25 a	24.9	24.9	24.8	97	24.4	0.0	---	0.00	0.0	---	24.9	27.5	27.5	26.9	1009.3	0.00	0.0	0	0.00	0	0.0	0.00	0.0	0.000	0.023	27.3	72	21.8	29.7	13.25	1.1407	0.00	114	1	100.0	5
01/12/19	3:30 a	24.8	24.9	24.8	97	24.3	0.4	E	0.13	0.9	E	24.8	27.4	27.4	26.8	1009.4	0.00	0.0	0	0.00	0	0.0	0.00	0.0	0.000	0.023	27.3	72	21.8	29.7	13.25	1.1409	0.00	111	1	97.4	5
01/12/19	3:35 a	24.8	24.9	24.8	97	24.3	0.0	---	0.00	0.0	---	24.8	27.4	27.4	26.8	1009.5	0.00	0.0	0	0.00	0	0.0	0.00	0.0	0.000	0.023	27.2	72	21.7	29.6	13.25	1.1412	0.00	114	1	100.0	5
01/12/19	3:40 a	24.8	24.8	24.8	97	24.3	0.0	---	0.00	0.0	---	24.8	27.3	27.3	26.7	1009.4	0.00	0.0	0	0.00	0	0.0	0.00	0.0	0.000	0.022	27.2	72	21.7	29.6	13.25	1.1412	0.00	115	1	100.0	5
01/12/19	3:45 a	24.8	24.8	24.7	97	24.3	0.4	E	0.13	0.9	E	24.8	27.3	27.3	26.7	1009.5	0.00	0.0	0	0.00	0	0.0	0.00	0.0	0.000	0.022	27.2	73	22.0	29.8	13.63	1.1408	0.00	112	1	98.2	5
01/12/19	3:50 a	24.9	24.9	24.8	97	24.4	0.4	E	0.13	0.9	E	24.9	27.5	27.5	26.9	1009.5	0.00	0.0	0	0.00	0	0.0	0.00	0.0	0.000	0.023	27.2	72	21.7	29.6	13.25	1.1412	0.00	114	1	100.0	5
01/12/19	3:55 a	24.9	24.9	24.8	97	24.4	0.0	E	0.00	0.9	E	24.9	27.5	27.5	26.9	1009.4	0.00	0.0	0	0.00	0	0.0	0.00	0.0	0.000	0.023	27.2	72	21.7	29.6	13.25	1.1412	0.00	116	1	100.0	5
01/12/19	4:00 a	24.8	24.9	24.8	97	24.3	0.4	E	0.13	1.3	E	24.8	27.4	27.4	26.8	1009.4	0.00	0.0	0	0.00	0	0.0	0.00	0.0	0.000	0.023	27.2	73	22.0	29.8	13.63	1.1407	0.00	117	1	100.0	5
01/12/19	4:05 a	24.8	24.9	24.8	97	24.3	0.4	E	0.13	0.9	E	24.8	27.4	27.4	26.8	1009.4	0.00	0.0	0	0.00	0	0.0	0.00	0.0	0.000	0.023	27.2	73	21.9	29.7	13.63	1.1410	0.00	115	1	100.0	5
01/12/19	4:10 a	24.8	24.9	24.8	97	24.3	0.4	E	0.13	0.9	E	24.8	27.4	27.4	26.8	1009.4	0.00	0.0	0	0.00	0	0.0	0.00	0.0	0.000	0.023	27.2	72	21.7	29.6	13.25	1.1415	0.00	115	1	100.0	5
01/12/19	4:15 a	24.8	24.9	24.8	97	24.3	0.4	E	0.13	1.3	E	24.8	27.4	27.4	26.8	1009.4	0.00	0.0	0	0.00	0	0.0	0.00	0.0	0.000	0.023	27.2	73	21.9	29.7	13.63	1.1410	0.00	114	1	100.0	5
01/12/19	4:20 a	24.8	24.9	24.8	97	24.3	0.4	NE	0.13	0.9	NE	24.8	27.4	27.4	26.8	1009.4	0.00	0.0	0	0.00	0	0.0	0.00	0.0	0.000	0.023	27.2	73	21.9	29.7	13.63	1.1410	0.00	110	1	96.5	5
01/12/19	4:25 a	24.8	24.8	24.8	97	24.3	0.4	NE	0.13	0.9	NE	24.8	27.4	27.4	26.8	1009.4	0.00	0.0	0	0.00	0	0.0	0.00	0.0	0.000	0.023	27.2	73	21.9	29.7	13.63	1.1411	0.00	116	1	100.0	5
01/12/19	4:30 a	24.8	24.8	24.8	97	24.3	0.4	NE	0.13	0.9	NE	24.8	27.4	27.4	26.8	1009.4	0.00	0.0	0	0.00	0	0.0	0.00	0.0	0.000	0.023	27.1	73	21.9	29.6	13.63	1.1414	0.00	117	1	100.0	5
01/12/19	4:35 a	24.8	24.8	24.8	97	24.3	0.0	NE	0.00	0.9	NE	24.8	27.3	27.3	26.7	1009.5	0.00	0.0	0	0.00	0	0.0	0.00	0.0	0.000	0.022	27.1	73	21.9	29.6	13.63	1.1414	0.00	115	1	100.0	5
01/12/19	4:40 a	24.8	24.8	24.7	97	24.3	0.4	NE	0.13	0.9	NE	24.8	27.3	27.3	26.7	1009.5	0.00	0.0	0	0.00	0	0.0	0.00	0.0	0.000	0.022	27.1	73	21.9	29.6	13.63	1.1415	0.00	113	1	99.1	5
01/12/19	4:45 a	24.7	24.7	24.7	97	24.2	0.0	NE	0.00	0.4	NE	24.7	27.2	27.2	26.6	1009.6	0.00	0.0	0	0.00	0	0.0	0.00	0.0	0.000	0.022	27.1	72	21.6	29.4	13.25	1.1421	0.00	115	1	100.0	5
01/12/19	4:50 a	24.7	24.7	24.7	97	24.2	0.4	NE	0.13	0.9	NE	24.7	27.1	27.1	26.4	1009.7	0.00	0.0	0	0.00	0	0.0	0.00	0.0	0.000	0.022	27.1	73	21.9	29.6	13.63	1.1417	0.00	113	1	99.1	5
01/12/19	4:55 a	24.6	24.7	24.6	97	24.1	0.4	ENE	0.13	0.9	NE	24.6	26.9	26.9	26.3	1009.7	0.00	0.0	0	0.00	0	0.0	0.00	0.0	0.000	0.022	27.1	73	21.9	29.6	13.63	1.1417	0.00	113	1	99.1	5
01/12/19	5:00 a	24.6	24.7	24.6	97	24.0	0.4	ENE	0.13	1.3	E	24.6	26.9	26.9	26.3	1009.8	0.00	0.0	0	0.00	0	0.0	0.00	0.0	0.000	0.022	27.1	73	21.9	29.6	13.63	1.1418	0.00	117	1	100.0	5
01/12/19	5:05 a	24.6	24.6	24.6	97	24.0	0.4	E	0.13	0.9	E	24.6	26.9	26.9	26.3	1009.6	0.00	0.0	1	0.01	5	0.0	0.00	0.0	0.000	0.022	27.1	73	21.9	29.6	13.63	1.1416	0.00	116	1	100.0	5
01/12/19	5:10 a	24.6	24.6	24.6	97	24.0	0.0	E	0.00	0.9	E	24.6	26.9	26.9	26.4	1009.6	0.00	0.0	6	0.04	7	0.0	0.00	0.0	0.000	0.022	27.1	73	21.9	29.6	13.63	1.1416	0.00	117	1	100.0	5
01/12/19	5:15 a	24.6	24.6	24.6	97	24.0	0.0	E	0.00	0.9	E	24.6	26.9	26.9	26.4	1009.6	0.00	0.0	10	0.07	11	0.0	0.00	0.0	0.000	0.022	27.1	73	21.8	29.4	13.64	1.1419	0.00	115	1	100.0	5
01/12/19	5:20 a	24.5	24.6	24.5	97	24.0	0.4	E	0.13	1.3	E	24.5	26.8	26.8	26.3	1009.7	0.00	0.0	12	0.09	14	0.0	0.00	0.0	0.000	0.021	27.1	73	21.8	29.4	13.64	1.1420	0.00	116	1	100.0	5
01/12/19	5:25 a	24.6	24.6	24.5	98	24.2	0.4	E	0.13	1.3	E	24.6	26.9	26.9	26.6	1009.8	0.00	0.0	15	0.11	18	0.0	0.00	0.0	0.000	0.022	27.1	73	21.8	29.4	13.64	1.1422	0.00	113	1	99.1	5
01/12/19	5:30 a	24.6	24.6	24.6	97	24.1	0.4	E	0.13	1.3	E	24.6	26.9	26.9	26.6	1009.8	0.00	0.0	19	0.14	21	0.0	0.00	0.0	0.000	0.022	27.1	73	21.8	29.4	13.64	1.1421	0.00	111	1	97.4	5
01/12/19	5:35 a	24.7	24.7	24.6	97	24.2	0.4	E	0.13	0.9	E	24.7	27.2	27.2	26.9	1009.8	0.00	0.0	28	0.20	33	0.0	0.00	0.0	0.000	0.022	27.1	73	21.8	29.4	13.64	1.1421	0.00	115	1	100.0	5
01/12/19	5:40 a	24.8	24.8	24.7	97	24.3	0.9	E	0.27	1.3	E	24.8	27.4	27.4	27.3	1009.9	0.00	0.0	38	0.27	39	0.0	0.00	0.0	0.000	0.023	27.1	73	21.8	29.4	13.64	1.1422	0.00	115	1	100.0	5
01/12/19	5:45 a	24.9	24.9	24.8	97	24.4	0.9	E	0.27	1.8	E	24.9	27.6	27.6	27.6	1009.8	0.00	0.0	39	0.28	39	0.0	0.00	0.0	0.000	0.023	27.1	73	21.8	29.4	13.64	1.1422	0.00	114	1	100.0	5
01/12/19	5:50 a	25.1	25.1	24.9	97	24.5	0.4	E	0.13	1.3	E	25.1	27.8	27.8	27.8	1010.0	0.00	0.0	40	0.29	40	0.0	0.00	0.0	0.000	0.023	27.1	73	21.8	29.4	13.64	1.1423	0.00	116	1	100.0	5
01/12/19	5:55 a	25.2	25.2	25.1	97	24.7	0.4	E	0.13	0.9	E	25.2	28.1	28.1	28.1	1010.0	0.00	0.0	42	0.30	44	0.0	0.00	0.0	0.000	0.024	27.0	73	21.7	29.3	13.64	1.1427	0.00	115	1	100.0	5
01/12/19	6:00 a	25.3	25.3	25.2	97	24.8	0.4	E	0.13	0.9	E	25.3	28.3	28.3	28.3	1010.1	0.00	0.0	46	0.33	49	0.0	0.00	0.0	0.000	0.024	27.1	73	21.8	29.4	13.64	1.1425	0.03	114	1	100.0	5
01/12/19	6:05 a	25.6	25.6	25.3	96	24.9	0.4	E	0.13	0.9	E	25.6	28.8	28.8	28.9	1010.1	0.00	0.0	54	0.39	58	0.0	0.00	0.0	0.000	0.025	27.1	73	21.8	29.4	13.64	1.1425	0.00	115	1	100.0	5
01/12/19	6:10 a	25.8	25.8	25.6	96	25.1	0.4	E	0.13	0.9	E	25.8	29.4	29.4	29.7	1010.2	0.00	0.0	62	0.44	65	0.2	0.01	0.5	0.000	0.026	27.1	73	21.8	29.4	13.64	1.1426	0.00	116	1	100.0	5
01/12/19	6:15 a	25.9	25.9	25.8	95	25.0	0.4	E	0.13	0.9	E	25.9	29.4	29.4	29.9	1010.2	0.00	0.0	72	0.52	81	0.5	0.02	0.5	0.000	0.026	27.0	73	21.7	29.3	13.64	1.1430	0.00	116	1	100.0	5
01/12/19	6:20 a	26.0	26.0	25.9	95	25.1	0.0	E	0.00	0.4	E	26.0	29.7	29.7	30.9	1010.3	0.00	0.0	132	0.95	172	0.5	0.02	0.5	0.000	0.027	27.1	73	21.8	29.4	13.64	1.1427	0.00	115	1	100.0	5
01/12/19	6:25 a	26.3	26.3	26.0	95	25.5	0.4	E	0.13	0.9	E	26.3	30.5	30.5	31.8	1010.5	0.00	0.0	134	0.96	163	0.3	0.01	0.5	0.000	0.028	27.1	73	21.8	29.4	13.64	1.1429	0.00	115	1	100.0	5
01/12/19	6:30 a	26.6	26.6	26.3	94	25.6	0.4	E	0.13	1.3	E	26.6	31.1	31.1	32.4	1010.5	0.00	0.0	142	1.02	146	0.7	0.03	0.8	0.000	0.029	27.1	73	21.8	29.4	13.64	1.1430	0.00	113	1	99.1	5
01/12/19	6:35 a	27.1	27.1	26.6	92	25.7	0.4	E	0.13	0.9	E	27.1	32.1	32.1	33.2	1010.5	0.00	0.0	127	0.91	141	0.9	0.03	1.0	0.000	0.030	27.1	73	21.8	29.4	13.64	1.1430	0.00	114	1	100.0	5
01/12/19	6:40 a	27.4	27.4	27.1	92	26.0	0.4	E	0.13	0.9	E	27.4	33.0	33.0	34.2	1010.6	0.00	0.0	125	0.90	137	1.0	0.04	1.0	0.000	0.032	27.1	73	21.9	29.6	13.63	1.1427	0.00	115	1	100.0	5
01/12/19	6:45 a	27.6	27.6	27.4	91	26.0	0.4	E	0.13	0.9	E	27.6	33.2	33.2	33.9	1010.7	0.00	0.0	90	0.65	104	1.2	0.04	1.3	0.000	0.032	27.1	73	21.9	29.6	13.63	1.1429	0.00	114	1	100.0	5
01/12/19	6:50 a	28.0	28.0	27.7	90	26.2	0.4	E	0.13	0.9	E	28.0	34.2	34.2	35.1	1010.7	0.00	0.0	101	0.72	121	1.3	0.05	1.4	0.000	0.034	27.1	73	21.9	29.6	13.63	1.1429	0.00	115	1	100.0	5
01/12/19	6:55 a	28.6	28.6	28.0	89	26.6	0.4	NE	0.13	1.3	NE	28.6	35.6	35.6	36.9	1010.7	0.00	0.0	137	0.98	156	1.5	0.05	1.5	0.000	0.035	27.2	73	21.9	29.7	13.63	1.1426	0.00	117	1	100.0	5
01/12/19	7:00 a	28.7	28.7	28.6	88	26.5	1.3	NNE	0.40	2.2	NNE	28.7	35.9	35.9	38.1	1010.7	0.00	0.0	192	1.38	239	1.6	0.06	1.7	0.000	0.036	27.2	73	21.9	29.7	13.63	1.1426	0.08	115	1	100.0	5
01/12/19	7:05 a	28.8	28.8	28.7	87	26.5	1.3	N	0.40	3.6	N	28.8	36.1	36.1	39.1	1010.9	0.00	0.0	258	1.85	297	1.7	0.06	1.8	0.000	0.036	27.2	73	22.0	29.8	13.63	1.1425	0.00	113	1	99.1	5
01/12/19	7:10 a	29.1	29.1	28.8	87	26.7	0.4	N	0.13	2.2	N	29.1	36.9	36.9	40.5	1010.8	0.00	0.0	297	2.13	325	1.9	0.07	2.0	0.000	0.037	27.2	74	22.2	29.9	13.93	1.1420	0.00	111	1	97.4	5
01/12/19	7:15 a	29.2	29.2	29.1	86	26.6	1.3	N	0.40	2.2	NE	29.2	36.8	36.8	45.4	1010.8	0.00	0.0	359	2.57	373	2.1	0.07	2.1	0.000	0.038	27.2	74	22.2	29.9	13.93	1.1420	0.00	114	1	100.0	5
01/12/19	7:20 a	29.5	29.5	29.2	86	26.9	0.4	NNE	0.13	1.3	NNE	29.5	37.9	37.9	48.6	1010.8	0.00	0.0	453	3.25	468	2.2	0.08	2.3	0.000	0.039	27.3	74	22.3	30.1	13.93	1.1414	0.00	111	1	97.4	5
01/12/19	7:25 a	29.9	29.9	29.5	85	27.1	0.9	NNW	0.27	2.7	W	29.9	38.9	38.9	46.5	1010.8	0.00	0.0	342	2.45	418	2.4	0.09	2.6	0.000	0.040	27.3	74	22.3	30.1	13.93	1.1414	0.00	114	1	100.0	5
01/12/19	7:30 a	29.9	30.0	29.9	84	26.9	1.3	NW	0.40	2.7	NNW	29.9	38.6	38.6	43.6	1010.8	0.00	0.0	243	1.74	264	2.5	0.09	2.6	0.000	0.040	27.4	74	22.3	30.2	13.92	1.1411	0.00	114	1	100.0	5
01/12/19	7:35 a	30.1	30.2	29.9	84	27.1	0.9	N	0.27	2.2	N	30.1	39.3	39.3	44.3	1011.0	0.00	0.0	247	1.77	272	2.4	0.09	2.6	0.000	0.041	27.4	74	22.4	30.3	13.92	1.1410	0.00	115	1	100.0	5
01/12/19	7:40 a	30.1	30.3	30.1	83	26.9	1.3	NNW	0.40	2.2	NNW	30.1	39.0	39.0	43.5	1010.9	0.00	0.0	231	1.66	250	2.3	0.08	2.7	0.000	0.041	27.5	74	22.4	30.4	13.92	1.1406	0.00	112	1	98.2	5
01/12/19	7:45 a	29.6	30.1	29.6	85	26.8	1.3	NW	0.40	2.7	W	29.6	37.8	37.8	41.8	1011.0	0.00	0.0	195	1.40	221	1.6	0.06	1.7	0.000	0.039	27.5	74	22.4	30.4	13.92	1.1406	0.00	111	1	97.4	5
01/12/19	7:50 a	29.2	29.5	29.2	85	26.4	1.3	NNW	0.40	2.2	N	29.2	36.8	36.8	40.2	1011.0	0.00	0.0	166	1.19	181	1.8	0.06	2.3	0.000	0.038	27.5	74	22.4	30.4	13.92	1.1407	0.00	114	1	100.0	5
01/12/19	7:55 a	29.0	29.2	29.0	86	26.4	1.3	NW	0.40	2.2	NNW	29.0	36.3	36.3	39.6	1011.0	0.00	0.0	159	1.14	167	1.8	0.06	1.9	0.000	0.037	27.6	74	22.5	30.6	13.92	1.1403	0.00	112	1	98.2	5
01/12/19	8:00 a	29.1	29.1	29.0	86	26.5	0.9	NW	0.27	2.2	NW	29.1	36.5	36.5	40.8	1011.0	0.00	0.0	218	1.56	246	2.2	0.08	2.4	0.000	0.037	27.6	74	22.6	30.7	13.92	1.1400	0.18	113	1	99.1	5
01/12/19	8:05 a	29.2	29.2	29.1	86	26.6	1.3	NNW	0.40	3.6	NNW	29.2	37.0	37.0	41.1	1010.9	0.00	0.0	212	1.52	236	2.1	0.07	2.2	0.000	0.038	27.6	74	22.6	30.7	13.92	1.1399	0.00	115	1	100.0	5
01/12/19	8:10 a	29.1	29.3	29.1	86	26.5	1.8	NW	0.54	4.0	WNW	29.1	36.7	36.7	40.4	1011.0	0.00	0.0	194	1.39	206	2.1	0.07	2.2	0.000	0.037	27.6	74	22.6	30.7	13.92	1.1400	0.00	113	1	99.1	5
01/12/19	8:15 a	29.1	29.1	29.1	87	26.7	1.3	NW	0.40	3.6	NW	29.1	36.7	36.7	40.3	1011.0	0.00	0.0	189	1.35	207	2.1	0.07	2.2	0.000	0.037	27.7	74	22.6	30.7	13.91	1.1397	0.00	114	1	100.0	5
01/12/19	8:20 a	29.1	29.1	29.0	88	26.9	1.3	NW	0.40	3.1	NW	29.1	37.0	37.0	40.3	1011.0	0.00	0.0	178	1.28	192	2.0	0.07	2.4	0.000	0.037	27.7	74	22.7	30.8	13.91	1.1394	0.00	114	1	100.0	5
01/12/19	8:25 a	29.1	29.1	29.1	88	26.9	1.3	NNW	0.40	2.7	WNW	29.1	37.0	37.0	40.4	1011.1	0.00	0.0	191	1.37	197	2.4	0.09	2.5	0.000	0.037	27.7	74	22.7	30.8	13.91	1.1395	0.00	116	1	100.0	5
01/12/19	8:30 a	29.1	29.1	29.1	88	26.9	1.3	NW	0.40	4.0	NNW	29.1	37.0	37.0	39.9	1011.1	0.00	0.0	165	1.18	188	2.1	0.07	2.2	0.000	0.037	27.7	74	22.7	30.8	13.91	1.1395	0.00	115	1	100.0	5
01/12/19	8:35 a	29.1	29.1	29.1	88	26.9	0.9	NNW	0.27	1.8	N	29.1	37.0	37.0	39.7	1011.0	0.00	0.0	159	1.14	176	2.6	0.09	2.9	0.000	0.037	27.8	74	22.7	30.9	13.91	1.1391	0.00	115	1	100.0	5
01/12/19	8:40 a	29.1	29.1	29.0	87	26.7	1.3	NNW	0.40	3.1	NW	29.1	36.9	36.9	40.3	1011.0	0.00	0.0	198	1.42	227	3.2	0.11	3.6	0.000	0.037	27.8	75	22.9	31.1	14.31	1.1387	0.00	115	1	100.0	5
01/12/19	8:45 a	30.4	30.4	29.2	84	27.4	1.3	NNW	0.40	2.2	NNW	30.4	40.2	40.2	51.7	1010.9	0.00	0.0	814	5.83	824	5.7	0.20	6.0	0.000	0.042	27.8	75	23.0	31.2	14.31	1.1382	0.00	113	1	99.1	5
01/12/19	8:50 a	30.6	30.7	30.4	83	27.4	2.2	NNW	0.67	4.0	NNW	30.6	40.6	40.6	51.8	1010.9	0.00	0.0	821	5.88	830	5.4	0.19	6.1	0.000	0.043	27.8	74	22.8	31.1	13.91	1.1387	0.00	114	1	100.0	5
01/12/19	8:55 a	30.4	30.6	30.3	83	27.2	1.3	NW	0.40	3.6	NNE	30.4	39.9	39.9	44.9	1011.0	0.00	0.0	324	2.32	334	4.5	0.16	6.2	0.000	0.042	27.9	75	23.0	31.3	14.31	1.1380	0.00	114	1	100.0	5
01/12/19	9:00 a	30.6	30.6	30.4	83	27.3	1.8	NNW	0.54	3.6	N	30.6	40.4	40.4	48.4	1010.9	0.00	0.0	636	4.56	886	4.6	0.16	6.2	0.000	0.042	27.9	75	23.1	31.5	14.30	1.1376	0.23	115	1	100.0	5
01/12/19	9:05 a	30.2	30.6	30.2	83	27.0	1.8	NW	0.54	4.5	NW	30.2	39.2	39.2	43.4	1010.9	0.00	0.0	277	1.99	380	3.5	0.13	3.8	0.000	0.041	28.0	75	23.2	31.6	14.30	1.1373	0.00	118	1	100.0	5
01/12/19	9:10 a	29.6	30.1	29.6	85	26.8	1.8	NW	0.54	4.5	NNW	29.6	38.0	38.0	41.1	1010.8	0.00	0.0	205	1.47	221	3.4	0.12	3.7	0.000	0.039	28.0	75	23.2	31.6	14.30	1.1372	0.00	117	1	100.0	5
01/12/19	9:15 a	30.0	30.0	29.6	85	27.2	1.8	NW	0.54	4.5	NW	30.0	39.2	39.2	43.1	1010.8	0.00	0.0	258	1.85	258	5.6	0.20	6.7	0.000	0.041	28.1	75	23.2	31.7	14.30	1.1369	0.00	115	1	100.0	5
01/12/19	9:20 a	29.9	30.2	29.9	85	27.1	1.3	NW	0.40	3.1	NNE	29.9	39.1	39.1	43.5	1010.8	0.00	0.0	308	2.21	519	3.8	0.14	5.0	0.000	0.040	28.1	75	23.3	31.8	14.30	1.1365	0.00	115	1	100.0	5
01/12/19	9:25 a	30.1	30.1	29.8	84	27.1	1.8	NNW	0.54	4.0	N	30.1	39.1	39.1	44.2	1010.8	0.00	0.0	361	2.59	492	4.4	0.16	5.3	0.000	0.041	28.1	75	23.3	31.8	14.30	1.1365	0.00	112	1	98.2	5
01/12/19	9:30 a	30.7	30.7	30.1	82	27.3	1.8	N	0.54	4.5	NNW	30.7	40.7	40.7	47.3	1010.7	0.00	0.0	628	4.50	932	7.0	0.25	7.9	0.000	0.043	28.2	75	23.3	31.9	14.30	1.1361	0.00	115	1	100.0	5
01/12/19	9:35 a	31.3	31.3	30.7	80	27.4	2.2	NW	0.67	4.9	NNW	31.3	41.8	41.8	50.7	1010.7	0.00	0.0	844	6.05	877	8.0	0.29	8.0	0.000	0.045	28.2	75	23.4	32.1	14.29	1.1358	0.00	117	1	100.0	5
01/12/19	9:40 a	31.4	31.4	31.3	80	27.6	2.2	N	0.67	4.9	NW	31.4	42.3	42.3	50.5	1010.6	0.00	0.0	800	5.73	803	7.9	0.28	7.9	0.000	0.046	28.2	75	23.4	32.1	14.29	1.1357	0.00	115	1	100.0	5
01/12/19	9:45 a	31.7	31.7	31.4	80	27.8	2.2	NNW	0.67	4.5	N	31.7	43.1	43.1	51.4	1010.5	0.00	0.0	824	5.91	844	8.1	0.29	8.2	0.000	0.046	28.3	75	23.4	32.2	14.29	1.1352	0.00	117	1	100.0	5
01/12/19	9:50 a	31.9	31.9	31.7	77	27.4	2.2	NNW	0.67	4.5	N	31.9	42.7	42.7	51.4	1010.4	0.00	0.0	876	6.28	888	8.3	0.30	8.3	0.000	0.047	28.3	75	23.5	32.3	14.29	1.1348	0.00	116	1	100.0	5
01/12/19	9:55 a	32.1	32.1	31.9	77	27.6	1.8	NNW	0.54	4.0	NNW	32.1	43.4	43.4	52.4	1010.3	0.00	0.0	929	6.66	960	8.3	0.30	8.3	0.000	0.048	28.4	75	23.5	32.4	14.29	1.1344	0.00	114	1	100.0	5
01/12/19	10:00 a	31.7	32.1	31.7	79	27.6	2.2	NW	0.67	4.5	NNW	31.7	42.9	42.9	49.3	1010.3	0.00	0.0	544	3.90	979	5.7	0.20	8.4	0.000	0.046	28.4	75	23.6	32.6	14.29	1.1340	0.43	114	1	100.0	5
01/12/19	10:05 a	31.2	31.7	31.2	80	27.4	2.2	N	0.67	4.5	N	31.2	41.6	41.6	45.7	1010.3	0.00	0.0	308	2.21	353	6.4	0.23	8.8	0.000	0.045	28.5	75	23.6	32.7	14.28	1.1338	0.00	116	1	100.0	5
01/12/19	10:10 a	31.6	31.6	31.2	78	27.3	2.7	NNW	0.80	5.4	WNW	31.6	42.2	42.2	50.0	1010.3	0.00	0.0	865	6.20	884	8.9	0.32	9.0	0.000	0.046	28.6	75	23.7	32.8	14.28	1.1334	0.00	118	1	100.0	5
01/12/19	10:15 a	31.7	31.7	31.6	78	27.4	2.7	NW	0.80	5.8	NW	31.7	42.3	42.3	50.0	1010.3	0.00	0.0	863	6.19	877	9.0	0.32	9.0	0.000	0.046	28.6	75	23.7	32.9	14.28	1.1330	0.00	117	1	100.0	5
01/12/19	10:20 a	31.9	31.9	31.7	78	27.6	2.7	NW	0.80	5.8	NW	31.9	43.1	43.1	51.1	1010.3	0.00	0.0	908	6.51	911	7.5	0.27	8.8	0.000	0.047	28.6	75	23.7	32.9	14.28	1.1330	0.00	116	1	100.0	5
01/12/19	10:25 a	31.5	31.9	31.5	76	26.8	2.7	NW	0.80	4.5	NNW	31.5	41.1	41.1	45.6	1010.2	0.00	0.0	357	2.56	390	6.2	0.22	8.7	0.000	0.046	28.7	75	23.8	33.1	14.28	1.1326	0.00	117	1	100.0	5
01/12/19	10:30 a	31.8	31.8	31.4	76	27.0	2.2	NW	0.67	4.9	N	31.8	41.9	41.9	49.6	1010.2	0.00	0.0	905	6.49	905	8.0	0.29	9.3	0.000	0.047	28.7	75	23.8	33.2	14.28	1.1323	0.00	112	1	98.2	5
01/12/19	10:35 a	32.2	32.2	31.8	76	27.5	3.1	NNW	0.94	5.8	N	32.2	43.4	43.4	51.0	1010.0	0.00	0.0	926	6.64	991	9.4	0.34	9.5	0.000	0.048	28.8	75	23.9	33.3	14.27	1.1317	0.00	113	1	99.1	5
01/12/19	10:40 a	32.4	32.4	32.2	77	27.8	3.6	N	1.07	6.3	NNE	32.4	44.4	44.4	52.2	1010.0	0.00	0.0	997	7.15	1002	9.7	0.35	9.7	0.000	0.049	28.8	75	23.9	33.3	14.27	1.1318	0.00	116	1	100.0	5
01/12/19	10:45 a	32.4	32.4	32.3	76	27.6	3.1	NNW	0.94	4.9	NNE	32.4	44.0	44.0	52.1	1009.9	0.00	0.0	1013	7.26	1030	9.7	0.35	9.9	0.000	0.049	28.8	74	23.7	33.3	13.87	1.1318	0.00	116	1	100.0	5
01/12/19	10:50 a	32.5	32.5	32.4	77	27.9	3.1	N	0.94	5.8	N	32.5	44.8	44.8	52.9	1009.8	0.00	0.0	1028	7.37	1030	9.5	0.34	9.9	0.000	0.049	28.9	75	24.1	33.7	14.27	1.1305	0.00	116	1	100.0	5
01/12/19	10:55 a	32.1	32.4	32.1	78	27.7	3.1	NW	0.94	5.8	N	32.1	43.7	43.7	50.1	1009.8	0.00	0.0	851	6.10	1067	8.6	0.31	9.5	0.000	0.048	29.0	74	23.9	33.7	13.87	1.1307	0.00	115	1	100.0	5
01/12/19	11:00 a	31.6	32.0	31.6	79	27.5	3.1	NW	0.94	6.3	NNW	31.6	42.4	42.4	45.9	1009.7	0.00	0.0	294	2.11	297	5.6	0.20	6.3	0.000	0.046	29.1	74	23.9	33.8	13.86	1.1303	0.56	115	1	100.0	5
01/12/19	11:05 a	31.4	31.5	31.4	77	26.9	2.7	NW	0.80	5.8	N	31.4	41.3	41.3	45.4	1009.7	0.00	0.0	341	2.44	371	6.3	0.23	8.0	0.000	0.046	29.1	72	23.5	33.6	13.25	1.1309	0.00	113	1	99.1	5
01/12/19	11:10 a	31.6	31.6	31.4	77	27.0	2.2	NW	0.67	5.8	NW	31.6	41.6	41.6	46.3	1009.6	0.00	0.0	398	2.85	483	6.8	0.24	8.6	0.000	0.046	29.1	66	22.1	32.4	11.86	1.1336	0.00	112	1	98.2	5
01/12/19	11:15 a	32.0	32.0	31.4	78	27.7	2.7	NW	0.80	4.9	NNE	32.0	43.5	43.5	50.6	1009.5	0.00	0.0	755	5.41	953	8.9	0.32	9.6	0.000	0.047	29.1	61	20.8	31.3	10.95	1.1361	0.00	117	1	100.0	5
01/12/19	11:20 a	31.8	32.3	31.8	77	27.3	2.7	NW	0.80	5.4	WNW	31.8	42.6	42.6	49.0	1009.3	0.00	0.0	598	4.29	942	6.8	0.24	9.5	0.000	0.047	28.9	56	19.2	30.3	10.05	1.1391	0.00	114	1	100.0	5
01/12/19	11:25 a	31.4	31.8	31.4	78	27.1	3.1	NW	0.94	6.7	NW	31.4	41.6	41.6	45.8	1009.2	0.00	0.0	358	2.57	429	7.0	0.25	9.3	0.000	0.046	28.7	53	18.1	29.6	9.58	1.1415	0.00	116	1	100.0	5
01/12/19	11:30 a	32.1	32.1	31.4	77	27.6	2.7	NNW	0.80	5.8	NW	32.1	43.4	43.4	50.4	1008.9	0.00	0.0	949	6.80	998	9.4	0.34	9.5	0.000	0.048	28.4	50	17.0	28.9	9.09	1.1436	0.00	117	1	100.0	5
01/12/19	11:35 a	32.3	32.3	32.1	76	27.5	2.7	NW	0.80	5.4	NW	32.3	43.6	43.6	50.4	1008.9	0.00	0.0	863	6.19	884	9.1	0.33	9.3	0.000	0.048	28.3	49	16.5	28.6	8.89	1.1449	0.00	116	1	100.0	5
01/12/19	11:40 a	32.4	32.4	32.3	76	27.6	3.6	NNW	1.07	6.7	N	32.4	44.0	44.0	50.6	1008.9	0.00	0.0	850	6.09	858	9.0	0.32	9.0	0.000	0.049	28.1	47	15.7	28.1	8.60	1.1469	0.00	112	1	98.2	5
01/12/19	11:45 a	32.4	32.4	32.3	76	27.6	3.6	NW	1.07	5.8	NNW	32.4	44.0	44.0	50.0	1008.7	0.00	0.0	896	6.42	904	8.5	0.30	9.2	0.000	0.049	27.8	45	14.8	27.6	8.31	1.1490	0.00	113	1	99.1	5
01/12/19	11:50 a	32.2	32.4	32.2	75	27.2	3.6	NW	1.07	7.6	WNW	32.2	42.8	42.8	49.5	1008.9	0.00	0.0	780	5.59	930	7.8	0.28	9.1	0.000	0.048	27.7	44	14.3	27.4	8.15	1.1501	0.00	113	1	99.1	5
01/12/19	11:55 a	32.1	32.1	31.9	77	27.6	3.1	NNW	0.94	6.3	WNW	32.1	43.4	43.4	49.8	1008.8	0.00	0.0	916	6.57	916	7.9	0.28	9.0	0.000	0.048	27.4	43	13.8	27.1	8.02	1.1515	0.00	113	1	99.1	5
01/12/19	12:00 p	32.3	32.4	32.1	75	27.3	3.6	NW	1.07	6.3	WNW	32.3	43.2	43.2	49.5	1008.7	0.00	0.0	887	6.36	900	8.6	0.31	8.6	0.000	0.048	27.2	42	13.2	26.7	7.85	1.1529	0.51	116	1	100.0	5
01/12/19	12:05 p	32.3	32.5	32.3	75	27.3	3.6	NNW	1.07	6.3	N	32.3	43.4	43.4	49.8	1008.5	0.00	0.0	965	6.92	998	8.5	0.30	8.9	0.000	0.049	27.1	44	13.8	26.7	8.15	1.1527	0.00	117	1	100.0	5
01/12/19	12:10 p	32.4	32.4	32.2	76	27.6	3.6	NW	1.07	7.2	NNW	32.4	44.0	44.0	50.3	1008.5	0.00	0.0	891	6.39	923	8.2	0.29	8.8	0.000	0.049	27.0	50	15.7	27.2	9.14	1.1505	0.00	114	1	100.0	5
01/12/19	12:15 p	32.6	32.6	32.4	75	27.5	2.7	NNW	0.80	5.8	NNW	32.6	44.1	44.1	51.3	1008.5	0.00	0.0	828	5.93	858	7.7	0.28	8.3	0.000	0.049	26.9	48	15.0	26.9	8.84	1.1516	0.00	111	1	97.4	5
01/12/19	12:20 p	32.7	32.7	32.3	76	27.9	2.7	N	0.80	4.9	NW	32.7	44.9	44.9	52.1	1008.4	0.00	0.0	836	5.99	861	8.0	0.29	8.0	0.000	0.050	26.9	46	14.3	26.7	8.45	1.1523	0.00	113	1	99.1	5
01/12/19	12:25 p	32.3	32.8	32.3	75	27.3	3.1	NNW	0.94	7.2	WNW	32.3	43.4	43.4	50.0	1008.3	0.00	0.0	666	4.77	773	7.5	0.27	7.8	0.000	0.049	26.8	44	13.6	26.4	8.15	1.1535	0.00	115	1	100.0	5
01/12/19	12:30 p	32.3	32.4	32.3	76	27.5	3.1	NNW	0.94	5.8	NNW	32.3	43.6	43.6	50.6	1008.2	0.00	0.0	769	5.51	777	7.5	0.27	7.6	0.000	0.048	26.7	43	13.1	26.2	8.05	1.1544	0.00	114	1	100.0	5
01/12/19	12:35 p	32.3	32.3	32.2	75	27.3	3.6	NW	1.07	7.2	NNW	32.3	43.2	43.2	49.9	1008.2	0.00	0.0	773	5.54	777	7.4	0.26	7.5	0.000	0.048	26.6	43	13.0	26.1	8.05	1.1549	0.00	116	1	100.0	5
01/12/19	12:40 p	32.6	32.6	32.3	75	27.6	2.7	NNW	0.80	5.8	W	32.6	44.3	44.3	51.5	1008.1	0.00	0.0	792	5.68	807	7.4	0.26	7.4	0.000	0.050	26.5	45	13.6	26.2	8.36	1.1545	0.00	114	1	100.0	5
01/12/19	12:45 p	32.5	32.6	32.5	76	27.7	3.6	NNW	1.07	8.5	NW	32.5	44.4	44.4	51.1	1008.0	0.00	0.0	769	5.51	784	7.0	0.25	7.3	0.000	0.049	26.6	48	14.6	26.5	8.85	1.1529	0.00	117	1	100.0	5
01/12/19	12:50 p	32.4	32.6	32.4	76	27.6	3.6	N	1.07	6.7	WNW	32.4	44.0	44.0	50.7	1007.8	0.00	0.0	743	5.33	752	6.8	0.24	6.9	0.000	0.049	26.5	46	13.9	26.2	8.46	1.1538	0.00	115	1	100.0	5
01/12/19	12:55 p	32.3	32.4	32.2	76	27.5	3.6	NNW	1.07	7.2	N	32.3	43.6	43.6	50.2	1007.7	0.00	0.0	729	5.23	735	6.6	0.24	6.7	0.000	0.048	26.4	46	13.9	26.2	8.46	1.1539	0.00	112	1	98.2	5
01/12/19	1:00 p	32.2	32.3	32.2	76	27.5	3.6	NW	1.07	6.7	NNE	32.2	43.4	43.4	50.1	1007.6	0.00	0.0	712	5.10	719	6.3	0.23	6.4	0.000	0.048	26.3	44	13.1	25.9	8.16	1.1552	0.56	115	1	100.0	5
01/12/19	1:05 p	32.1	32.2	31.9	77	27.5	4.0	NW	1.21	7.6	N	32.1	43.3	43.3	49.6	1007.7	0.00	0.0	700	5.02	705	6.1	0.22	6.2	0.000	0.048	26.2	42	12.3	25.7	7.87	1.1566	0.00	116	1	100.0	5
01/12/19	1:10 p	31.7	32.1	31.7	77	27.2	4.5	NNW	1.34	8.0	NW	31.6	42.2	42.1	48.1	1007.6	0.00	0.0	694	4.97	707	5.9	0.21	6.0	0.000	0.046	26.1	43	12.6	25.7	8.05	1.1567	0.00	116	1	100.0	5
01/12/19	1:15 p	31.7	31.8	31.7	77	27.2	4.0	NNW	1.21	8.0	NW	31.7	42.2	42.1	48.3	1007.6	0.00	0.0	678	4.86	684	5.8	0.21	5.8	0.000	0.046	26.1	46	13.5	25.8	8.47	1.1557	0.00	116	1	100.0	5
01/12/19	1:20 p	31.7	31.7	31.6	78	27.4	4.0	NNW	1.21	8.0	NW	31.7	42.6	42.5	48.7	1007.5	0.00	0.0	665	4.77	668	5.5	0.20	5.6	0.000	0.046	26.1	49	14.5	26.0	8.97	1.1544	0.00	116	1	100.0	5
01/12/19	1:25 p	32.1	32.1	31.8	76	27.3	3.1	NW	0.94	5.4	NNE	32.1	42.9	42.9	49.6	1007.6	0.00	0.0	666	4.77	671	5.3	0.19	5.4	0.000	0.048	26.1	47	13.9	25.9	8.67	1.1550	0.00	115	1	100.0	5
01/12/19	1:30 p	31.8	32.1	31.8	77	27.3	3.6	NNW	1.07	8.5	NW	31.8	42.6	42.6	48.9	1007.7	0.00	0.0	657	4.71	671	5.1	0.18	5.2	0.000	0.047	26.1	45	13.2	25.8	8.37	1.1559	0.00	116	1	100.0	5
01/12/19	1:35 p	32.0	32.0	31.8	77	27.5	3.6	NNW	1.07	6.7	NNW	32.0	43.1	43.1	49.4	1007.5	0.00	0.0	642	4.60	645	4.8	0.17	4.9	0.000	0.047	26.1	43	12.5	25.6	8.05	1.1568	0.00	114	1	100.0	5
01/12/19	1:40 p	32.0	32.0	31.9	76	27.2	3.1	NNW	0.94	5.8	N	32.0	42.7	42.7	49.2	1007.4	0.00	0.0	630	4.52	635	4.6	0.16	4.7	0.000	0.047	25.9	43	12.4	25.4	8.05	1.1572	0.00	116	1	100.0	5
01/12/19	1:45 p	31.7	32.1	31.7	77	27.2	3.6	NNW	1.07	7.6	NW	31.7	42.2	42.2	48.3	1007.4	0.00	0.0	608	4.36	617	4.4	0.16	4.5	0.000	0.046	25.9	43	12.4	25.4	8.05	1.1575	0.00	115	1	100.0	5
01/12/19	1:50 p	31.3	31.7	31.3	78	27.0	4.0	NNE	1.21	7.2	NW	31.2	41.3	41.2	46.7	1007.4	0.00	0.0	552	3.96	575	4.0	0.14	4.3	0.000	0.045	25.9	48	14.0	25.7	8.88	1.1555	0.00	117	1	100.0	5
01/12/19	1:55 p	31.5	31.5	31.3	78	27.2	3.6	NNW	1.07	6.7	NW	31.5	41.8	41.8	47.6	1007.5	0.00	0.0	552	3.96	554	3.9	0.14	4.0	0.000	0.046	25.8	48	13.9	25.6	8.88	1.1562	0.00	116	1	100.0	5
01/12/19	2:00 p	31.4	31.4	31.4	79	27.4	3.6	NNW	1.07	7.2	NW	31.4	42.0	42.0	47.8	1007.5	0.00	0.0	548	3.93	555	3.7	0.13	3.8	0.000	0.046	25.7	46	13.2	25.4	8.49	1.1576	0.48	117	1	100.0	5
01/12/19	2:05 p	31.2	31.6	31.2	78	26.9	3.6	NW	1.07	6.7	NNW	31.2	40.9	40.8	44.1	1007.6	0.00	0.0	278	1.99	320	3.0	0.11	3.3	0.000	0.045	25.4	44	12.3	25.0	8.19	1.1594	0.00	115	1	100.0	5
01/12/19	2:10 p	31.2	31.2	31.1	78	26.9	4.0	NNW	1.21	8.5	NW	31.1	40.9	40.7	46.7	1007.6	0.00	0.0	601	4.31	619	3.3	0.12	3.4	0.000	0.045	25.3	43	11.8	24.8	8.05	1.1607	0.00	115	1	100.0	5
01/12/19	2:15 p	31.6	31.7	31.2	78	27.3	2.7	NNW	0.80	5.4	WNW	31.6	42.2	42.2	48.9	1007.6	0.00	0.0	631	4.52	642	3.2	0.11	3.3	0.000	0.046	25.1	43	11.6	24.7	8.05	1.1615	0.00	114	1	100.0	5
01/12/19	2:20 p	31.4	31.7	31.4	77	26.9	2.7	NNW	0.80	5.8	NNW	31.4	41.1	41.1	46.8	1007.6	0.00	0.0	483	3.46	575	2.8	0.10	2.9	0.000	0.045	25.1	48	13.3	24.9	8.91	1.1596	0.00	117	1	100.0	5
01/12/19	2:25 p	31.1	31.4	31.1	79	27.0	3.6	N	1.07	7.2	NW	31.0	40.7	40.7	43.4	1007.5	0.00	0.0	227	1.63	299	2.4	0.09	2.8	0.000	0.044	25.1	48	13.3	24.9	8.91	1.1598	0.00	117	1	100.0	5
01/12/19	2:30 p	30.6	31.0	30.6	80	26.7	3.6	NNW	1.07	6.7	N	30.5	39.4	39.4	41.7	1007.6	0.00	0.0	189	1.35	207	2.1	0.07	2.3	0.000	0.042	25.0	46	12.6	24.7	8.51	1.1609	0.00	115	1	100.0	5
01/12/19	2:35 p	30.8	30.8	30.6	78	26.5	3.6	NNW	1.07	6.7	NNW	30.7	39.6	39.5	44.4	1007.5	0.00	0.0	427	3.06	492	2.3	0.08	2.4	0.000	0.043	24.9	44	11.8	24.6	8.21	1.1618	0.00	118	1	100.0	5
01/12/19	2:40 p	30.9	30.9	30.8	78	26.6	3.1	N	0.94	6.3	N	30.9	39.9	39.9	45.3	1007.6	0.00	0.0	445	3.19	455	2.1	0.07	2.1	0.000	0.044	24.8	44	11.7	24.4	8.22	1.1625	0.00	116	1	100.0	5
01/12/19	2:45 p	31.1	31.1	30.9	79	27.0	2.7	NNW	0.80	6.7	NNE	31.1	40.7	40.7	46.2	1007.4	0.00	0.0	434	3.11	452	1.9	0.07	2.0	0.000	0.044	24.7	44	11.6	24.3	8.22	1.1628	0.00	113	1	99.1	5
01/12/19	2:50 p	30.8	31.1	30.8	79	26.7	4.5	N	1.34	8.0	NNE	30.5	39.8	39.6	44.1	1007.5	0.00	0.0	407	2.92	417	1.8	0.06	1.8	0.000	0.043	24.7	49	13.3	24.6	9.02	1.1610	0.00	113	1	99.1	5
01/12/19	2:55 p	30.7	30.8	30.7	78	26.4	3.1	NW	0.94	6.7	NW	30.7	39.2	39.2	42.1	1007.4	0.00	0.0	219	1.57	366	1.4	0.05	1.6	0.000	0.043	24.8	48	13.0	24.6	8.92	1.1611	0.00	116	1	100.0	5
01/12/19	3:00 p	30.4	30.7	30.3	79	26.3	3.1	NNW	0.94	7.6	N	30.4	38.6	38.6	40.7	1007.4	0.00	0.0	163	1.17	322	1.3	0.05	1.4	0.000	0.042	24.7	46	12.3	24.4	8.52	1.1620	0.30	117	1	100.0	5
01/12/19	3:05 p	30.5	30.5	30.3	80	26.7	3.1	NNW	0.94	7.6	N	30.5	39.3	39.3	43.2	1007.4	0.00	0.0	295	2.11	320	1.3	0.05	1.3	0.000	0.042	24.6	44	11.5	24.2	8.22	1.1633	0.00	117	1	100.0	5
01/12/19	3:10 p	30.4	30.5	30.4	80	26.6	3.6	NNW	1.07	8.0	NNE	30.4	39.1	39.1	42.8	1007.5	0.00	0.0	284	2.04	292	1.1	0.04	1.2	0.000	0.042	24.5	44	11.4	24.1	8.23	1.1639	0.00	116	1	100.0	5
01/12/19	3:15 p	30.4	30.5	30.3	80	26.5	4.0	NNE	1.21	7.2	N	30.2	38.9	38.7	42.2	1007.5	0.00	0.0	267	1.91	274	1.1	0.04	1.1	0.000	0.042	24.4	46	12.1	24.2	8.53	1.1635	0.00	116	1	100.0	5
01/12/19	3:20 p	30.3	30.4	30.3	80	26.4	4.0	NNW	1.21	8.5	N	30.1	38.6	38.3	41.6	1007.5	0.00	0.0	249	1.78	257	1.0	0.04	1.0	0.000	0.041	24.4	50	13.3	24.4	9.23	1.1620	0.00	114	1	100.0	5
01/12/19	3:25 p	30.0	30.3	30.0	82	26.6	4.0	NNW	1.21	8.0	NNE	29.7	38.3	38.1	40.8	1007.5	0.00	0.0	207	1.48	236	0.8	0.03	0.9	0.000	0.041	24.5	48	12.8	24.3	8.93	1.1625	0.00	112	1	98.2	5
01/12/19	3:30 p	30.1	30.1	29.9	81	26.4	3.6	N	1.07	7.6	NNE	29.9	38.2	38.1	41.0	1007.5	0.00	0.0	206	1.48	209	0.7	0.03	0.8	0.000	0.041	24.4	45	11.7	24.1	8.43	1.1638	0.00	117	1	100.0	5
01/12/19	3:35 p	30.0	30.1	30.0	81	26.4	3.6	NNW	1.07	6.3	NNW	29.9	38.0	37.9	40.7	1007.4	0.00	0.0	198	1.42	206	0.7	0.03	0.7	0.000	0.041	24.3	44	11.3	23.9	8.23	1.1646	0.00	117	1	100.0	5
01/12/19	3:40 p	29.9	30.0	29.9	81	26.3	4.0	N	1.21	7.2	N	29.7	37.9	37.6	40.1	1007.4	0.00	0.0	172	1.23	186	0.6	0.02	0.6	0.000	0.040	24.2	43	10.8	23.8	8.05	1.1656	0.00	116	1	100.0	5
01/12/19	3:45 p	29.7	29.9	29.7	82	26.3	3.6	N	1.07	6.3	NNE	29.6	37.3	37.2	38.4	1007.4	0.00	0.0	87	0.62	107	0.3	0.01	0.5	0.000	0.039	24.2	47	12.1	23.9	8.74	1.1644	0.00	117	1	100.0	5
01/12/19	3:50 p	29.6	29.7	29.6	83	26.4	4.0	N	1.21	8.5	N	29.2	37.3	36.9	38.8	1007.4	0.00	0.0	127	0.91	132	0.0	0.00	0.0	0.000	0.039	24.2	49	12.8	24.1	9.04	1.1635	0.00	116	1	100.0	5
01/12/19	3:55 p	29.6	29.6	29.5	84	26.6	3.1	N	0.94	6.7	NNE	29.6	37.6	37.6	39.4	1007.4	0.00	0.0	115	0.82	121	0.0	0.00	0.0	0.000	0.039	24.2	47	12.2	24.0	8.74	1.1642	0.00	114	1	100.0	5
01/12/19	4:00 p	29.4	29.6	29.4	84	26.5	2.2	N	0.67	5.4	N	29.4	37.2	37.2	38.4	1007.6	0.00	0.0	84	0.60	91	0.0	0.00	0.0	0.000	0.039	24.1	45	11.4	23.8	8.44	1.1656	0.18	113	1	99.1	5
01/12/19	4:05 p	29.4	29.5	29.4	84	26.5	2.7	NNW	0.80	6.3	NW	29.4	37.2	37.2	38.3	1007.6	0.00	0.0	78	0.56	83	0.0	0.00	0.0	0.000	0.039	24.0	43	10.6	23.6	8.05	1.1669	0.00	117	1	100.0	5
01/12/19	4:10 p	29.4	29.5	29.4	83	26.3	2.7	NNW	0.80	5.8	NNE	29.4	36.9	36.9	37.8	1007.6	0.00	0.0	61	0.44	72	0.0	0.00	0.0	0.000	0.039	23.9	45	11.2	23.6	8.45	1.1667	0.00	117	1	100.0	5
01/12/19	4:15 p	29.3	29.4	29.3	84	26.3	2.2	NW	0.67	5.8	NNW	29.3	36.8	36.8	37.3	1007.6	0.00	0.0	41	0.29	47	0.0	0.00	0.0	0.000	0.038	23.9	49	12.6	23.8	9.05	1.1650	0.00	116	1	100.0	5
01/12/19	4:20 p	29.3	29.3	29.2	84	26.3	2.2	NW	0.67	5.8	WNW	29.3	36.7	36.7	37.2	1007.6	0.00	0.0	39	0.28	40	0.0	0.00	0.0	0.000	0.038	24.0	48	12.3	23.8	8.95	1.1651	0.00	117	1	100.0	5
01/12/19	4:25 p	29.2	29.3	29.2	84	26.2	3.1	N	0.94	6.3	NNW	29.2	36.4	36.4	36.7	1007.7	0.00	0.0	32	0.23	35	0.0	0.00	0.0	0.000	0.038	23.9	46	11.6	23.6	8.55	1.1664	0.00	113	1	99.1	5
01/12/19	4:30 p	29.1	29.2	29.0	84	26.1	2.2	NNW	0.67	4.5	NNE	29.1	36.1	36.1	36.2	1007.7	0.00	0.0	23	0.16	26	0.0	0.00	0.0	0.000	0.037	23.8	44	10.8	23.4	8.25	1.1674	0.00	113	1	99.1	5
01/12/19	4:35 p	29.0	29.1	29.0	84	26.0	3.6	N	1.07	7.2	NW	28.8	35.9	35.7	35.8	1007.8	0.00	0.0	19	0.14	21	0.0	0.00	0.0	0.000	0.037	23.7	44	10.7	23.3	8.26	1.1680	0.00	115	1	100.0	5
01/12/19	4:40 p	28.9	29.1	28.9	85	26.2	2.7	NNW	0.80	5.8	NNE	28.9	35.9	35.9	35.9	1007.8	0.00	0.0	14	0.10	16	0.0	0.00	0.0	0.000	0.037	23.7	48	12.0	23.5	8.94	1.1670	0.00	116	1	100.0	5
01/12/19	4:45 p	28.9	28.9	28.9	85	26.1	2.2	NNW	0.67	5.4	NE	28.9	35.8	35.8	35.6	1007.9	0.00	0.0	7	0.05	9	0.0	0.00	0.0	0.000	0.037	23.7	49	12.4	23.6	9.05	1.1664	0.00	117	1	100.0	5
01/12/19	4:50 p	28.9	28.9	28.8	86	26.3	2.2	NNW	0.67	4.5	N	28.9	36.0	36.0	35.7	1007.8	0.00	0.0	2	0.01	5	0.0	0.00	0.0	0.000	0.037	23.7	46	11.4	23.4	8.56	1.1674	0.00	117	1	100.0	5
01/12/19	4:55 p	28.8	28.9	28.8	86	26.2	2.2	NNE	0.67	4.5	NNW	28.8	35.7	35.7	35.3	1007.8	0.00	0.0	0	0.00	0	0.0	0.00	0.0	0.000	0.036	23.6	44	10.6	23.2	8.26	1.1687	0.00	117	1	100.0	5
01/12/19	5:00 p	28.7	28.8	28.7	86	26.1	2.7	NNE	0.80	6.7	N	28.7	35.5	35.5	35.1	1008.0	0.00	0.0	0	0.00	0	0.0	0.00	0.0	0.000	0.036	23.5	43	10.2	23.0	8.08	1.1697	0.05	115	1	100.0	5
01/12/19	5:05 p	28.7	28.8	28.7	86	26.1	2.2	NNE	0.67	5.4	N	28.7	35.3	35.3	34.9	1008.1	0.00	0.0	0	0.00	0	0.0	0.00	0.0	0.000	0.036	23.4	47	11.5	23.2	8.75	1.1688	0.00	110	1	96.5	5
01/12/19	5:10 p	28.6	28.7	28.6	87	26.2	2.2	NNE	0.67	5.4	N	28.6	35.4	35.4	35.0	1008.3	0.00	0.0	0	0.00	0	0.0	0.00	0.0	0.000	0.036	23.6	49	12.2	23.4	9.05	1.1677	0.00	114	1	100.0	5
01/12/19	5:15 p	28.6	28.7	28.6	87	26.2	2.2	NNE	0.67	4.5	NNW	28.6	35.2	35.2	34.8	1008.3	0.00	0.0	0	0.00	0	0.0	0.00	0.0	0.000	0.035	23.6	46	11.3	23.2	8.56	1.1688	0.00	114	1	100.0	5
01/12/19	5:20 p	28.5	28.6	28.5	87	26.1	1.8	NE	0.54	3.6	NW	28.5	35.1	35.1	34.7	1008.3	0.00	0.0	0	0.00	0	0.0	0.00	0.0	0.000	0.035	23.4	44	10.5	23.0	8.27	1.1700	0.00	113	1	99.1	5
01/12/19	5:25 p	28.5	28.6	28.5	87	26.1	1.8	NE	0.54	4.5	N	28.5	35.1	35.1	34.7	1008.4	0.00	0.0	0	0.00	0	0.0	0.00	0.0	0.000	0.035	23.3	43	10.0	22.8	8.09	1.1710	0.00	115	1	100.0	5
01/12/19	5:30 p	28.4	28.5	28.4	87	26.1	2.2	NNE	0.67	5.4	NNE	28.4	34.9	34.9	34.4	1008.4	0.00	0.0	0	0.00	0	0.0	0.00	0.0	0.000	0.035	23.3	47	11.4	23.1	8.75	1.1697	0.00	115	1	100.0	5
01/12/19	5:35 p	28.4	28.4	28.4	87	26.0	2.2	NNE	0.67	5.4	NNE	28.4	34.7	34.7	34.2	1008.5	0.00	0.0	0	0.00	0	0.0	0.00	0.0	0.000	0.035	23.4	49	12.1	23.2	9.05	1.1689	0.00	114	1	100.0	5
01/12/19	5:40 p	28.4	28.4	28.3	87	26.0	1.3	NNE	0.40	3.6	NNE	28.4	34.7	34.7	34.2	1008.6	0.00	0.0	0	0.00	0	0.0	0.00	0.0	0.000	0.035	23.4	46	11.1	23.1	8.57	1.1699	0.00	114	1	100.0	5
01/12/19	5:45 p	28.3	28.4	28.3	87	26.0	1.8	NE	0.54	3.6	NNE	28.3	34.6	34.6	34.1	1008.6	0.00	0.0	0	0.00	0	0.0	0.00	0.0	0.000	0.035	23.3	44	10.4	22.9	8.27	1.1709	0.00	114	1	100.0	5
01/12/19	5:50 p	28.3	28.4	28.3	87	26.0	1.3	NE	0.40	3.1	NE	28.3	34.6	34.6	34.1	1008.6	0.00	0.0	0	0.00	0	0.0	0.00	0.0	0.000	0.035	23.2	43	9.9	22.7	8.10	1.1718	0.00	118	1	100.0	5
01/12/19	5:55 p	28.2	28.3	28.2	88	26.0	1.3	NE	0.40	3.1	NNE	28.2	34.4	34.4	33.9	1008.7	0.00	0.0	0	0.00	0	0.0	0.00	0.0	0.000	0.034	23.2	46	10.9	22.8	8.58	1.1712	0.00	115	1	100.0	5
01/12/19	6:00 p	28.2	28.3	28.2	88	26.0	1.3	NE	0.40	2.7	NNE	28.2	34.4	34.4	33.9	1008.8	0.00	0.0	0	0.00	0	0.0	0.00	0.0	0.000	0.034	23.2	49	11.9	23.0	9.05	1.1701	0.03	117	1	100.0	5
01/12/19	6:05 p	28.2	28.2	28.2	88	26.0	1.3	NE	0.40	3.1	NNE	28.2	34.4	34.4	33.9	1009.1	0.00	0.0	0	0.00	0	0.0	0.00	0.0	0.000	0.034	23.3	47	11.3	23.0	8.75	1.1708	0.00	116	1	100.0	5
01/12/19	6:10 p	28.1	28.2	28.1	88	25.9	0.9	NE	0.27	2.2	NNE	28.1	34.1	34.1	33.6	1009.1	0.00	0.0	0	0.00	0	0.0	0.00	0.0	0.000	0.034	23.2	44	10.2	22.7	8.28	1.1723	0.00	115	1	100.0	5
01/12/19	6:15 p	28.1	28.2	28.1	89	26.1	0.9	NE	0.27	1.8	NE	28.1	34.1	34.1	33.6	1009.3	0.00	0.0	0	0.00	0	0.0	0.00	0.0	0.000	0.034	23.1	43	9.8	22.5	8.11	1.1734	0.00	114	1	100.0	5
01/12/19	6:20 p	28.0	28.1	28.0	89	26.0	1.3	NE	0.40	2.7	NE	28.0	34.0	34.0	33.5	1009.2	0.00	0.0	0	0.00	0	0.0	0.00	0.0	0.000	0.034	23.0	46	10.8	22.6	8.58	1.1726	0.00	115	1	100.0	5
01/12/19	6:25 p	27.9	28.0	27.9	89	26.0	0.9	NNE	0.27	2.2	NNE	27.9	33.8	33.8	33.3	1009.2	0.00	0.0	0	0.00	0	0.0	0.00	0.0	0.000	0.033	23.1	49	11.8	22.9	9.05	1.1711	0.00	116	1	100.0	5
01/12/19	6:30 p	27.9	27.9	27.8	89	25.9	0.9	NE	0.27	2.2	NE	27.9	33.7	33.7	33.2	1009.4	0.00	0.0	0	0.00	0	0.0	0.00	0.0	0.000	0.033	23.1	47	11.2	22.8	8.75	1.1720	0.00	116	1	100.0	5
01/12/19	6:35 p	27.8	27.9	27.8	89	25.9	1.3	NE	0.40	2.2	ENE	27.8	33.5	33.5	33.0	1009.5	0.00	0.0	0	0.00	0	0.0	0.00	0.0	0.000	0.033	23.1	45	10.5	22.6	8.45	1.1729	0.00	116	1	100.0	5
01/12/19	6:40 p	27.8	27.9	27.8	89	25.9	1.3	NNE	0.40	2.2	NE	27.8	33.5	33.5	33.0	1009.5	0.00	0.0	0	0.00	0	0.0	0.00	0.0	0.000	0.033	23.0	43	9.7	22.4	8.11	1.1739	0.00	115	1	100.0	5
01/12/19	6:45 p	27.8	27.9	27.8	89	25.9	1.3	NE	0.40	2.7	NNE	27.8	33.5	33.5	33.0	1009.6	0.00	0.0	0	0.00	0	0.0	0.00	0.0	0.000	0.033	22.9	45	10.3	22.4	8.45	1.1739	0.00	109	1	95.6	5
01/12/19	6:50 p	27.8	27.8	27.8	89	25.9	1.3	NE	0.40	2.2	NE	27.8	33.5	33.5	33.0	1009.5	0.00	0.0	0	0.00	0	0.0	0.00	0.0	0.000	0.033	22.9	49	11.7	22.7	9.05	1.1722	0.00	112	1	98.2	5
01/12/19	6:55 p	27.8	27.8	27.8	89	25.8	1.3	NNE	0.40	2.7	NNE	27.8	33.3	33.3	32.8	1009.6	0.00	0.0	0	0.00	0	0.0	0.00	0.0	0.000	0.033	23.0	47	11.1	22.7	8.75	1.1727	0.00	117	1	100.0	5
01/12/19	7:00 p	27.8	27.8	27.8	89	25.9	0.9	NE	0.27	1.8	NNE	27.8	33.5	33.5	33.0	1009.5	0.00	0.0	0	0.00	0	0.0	0.00	0.0	0.000	0.033	22.9	45	10.4	22.5	8.45	1.1736	0.03	116	1	100.0	5
01/12/19	7:05 p	27.7	27.8	27.7	90	25.9	1.3	NE	0.40	4.0	NNE	27.7	33.3	33.3	32.8	1009.5	0.00	0.0	0	0.00	0	0.0	0.00	0.0	0.000	0.033	22.8	43	9.6	22.3	8.13	1.1747	0.00	116	1	100.0	5
01/12/19	7:10 p	27.7	27.8	27.7	90	25.9	0.9	NE	0.27	1.8	N	27.7	33.2	33.2	32.7	1009.7	0.00	0.0	0	0.00	0	0.0	0.00	0.0	0.000	0.032	22.8	45	10.2	22.3	8.45	1.1745	0.00	117	1	100.0	5
01/12/19	7:15 p	27.7	27.7	27.7	90	25.9	0.9	NE	0.27	2.2	NE	27.7	33.3	33.3	32.8	1009.8	0.00	0.0	0	0.00	0	0.0	0.00	0.0	0.000	0.033	22.8	49	11.6	22.5	9.05	1.1731	0.00	113	1	99.1	5
01/12/19	7:20 p	27.7	27.7	27.7	90	25.9	0.9	NE	0.27	2.2	NE	27.7	33.2	33.2	32.7	1010.0	0.00	0.0	0	0.00	0	0.0	0.00	0.0	0.000	0.032	22.9	50	11.9	22.7	9.25	1.1727	0.00	113	1	99.1	5
01/12/19	7:25 p	27.7	27.7	27.7	90	25.9	1.3	ENE	0.40	3.1	ENE	27.7	33.3	33.3	32.8	1010.1	0.00	0.0	0	0.00	0	0.0	0.00	0.0	0.000	0.033	23.0	51	12.3	22.8	9.38	1.1720	0.00	109	1	95.6	5
01/12/19	7:30 p	27.7	27.8	27.7	89	25.7	0.9	NE	0.27	1.8	NE	27.7	33.2	33.2	32.7	1010.2	0.00	0.0	0	0.00	0	0.0	0.00	0.0	0.000	0.033	23.2	52	12.8	23.2	9.57	1.1706	0.00	112	1	98.2	5
01/12/19	7:35 p	27.7	27.7	27.7	90	25.9	1.3	NE	0.40	2.2	NE	27.7	33.2	33.2	32.7	1010.3	0.00	0.0	0	0.00	0	0.0	0.00	0.0	0.000	0.032	23.4	52	13.0	23.4	9.57	1.1697	0.00	114	1	100.0	5
01/12/19	7:40 p	27.7	27.7	27.7	89	25.7	1.8	NE	0.54	3.1	NE	27.7	33.2	33.2	32.7	1010.6	0.00	0.0	0	0.00	0	0.0	0.00	0.0	0.000	0.033	23.6	53	13.5	23.6	9.67	1.1688	0.00	116	1	100.0	5
01/12/19	7:45 p	27.8	27.8	27.7	89	25.8	1.8	NE	0.54	4.0	NE	27.8	33.3	33.3	32.8	1010.3	0.00	0.0	0	0.00	0	0.0	0.00	0.0	0.000	0.033	23.8	53	13.7	23.9	9.65	1.1674	0.00	111	1	97.4	5
01/12/19	7:50 p	27.7	27.8	27.7	89	25.7	0.9	NE	0.27	2.7	NE	27.7	33.2	33.2	32.7	1010.5	0.00	0.0	0	0.00	0	0.0	0.00	0.0	0.000	0.033	24.0	54	14.1	24.1	9.85	1.1664	0.00	111	1	97.4	5
01/12/19	7:55 p	27.7	27.7	27.7	89	25.7	0.4	NE	0.13	2.2	N	27.7	33.2	33.2	32.7	1010.6	0.00	0.0	0	0.00	0	0.0	0.00	0.0	0.000	0.033	24.2	54	14.3	24.3	9.84	1.1655	0.00	109	1	95.6	5
01/12/19	8:00 p	27.6	27.7	27.6	90	25.8	0.4	NE	0.13	1.3	NE	27.6	33.1	33.1	32.6	1010.7	0.00	0.0	0	0.00	0	0.0	0.00	0.0	0.000	0.032	24.4	54	14.5	24.4	9.83	1.1647	0.03	114	1	100.0	5
01/12/19	8:05 p	27.6	27.7	27.6	90	25.8	0.4	NE	0.13	0.9	NE	27.6	33.1	33.1	32.6	1010.8	0.00	0.0	0	0.00	0	0.0	0.00	0.0	0.000	0.032	24.6	54	14.6	24.6	9.83	1.1640	0.00	115	1	100.0	5
01/12/19	8:10 p	27.6	27.6	27.6	90	25.8	0.4	NE	0.13	0.9	NE	27.6	32.9	32.9	32.4	1011.0	0.00	0.0	0	0.00	0	0.0	0.00	0.0	0.000	0.032	24.7	55	15.0	24.8	9.99	1.1632	0.00	115	1	100.0	5
01/12/19	8:15 p	27.5	27.6	27.5	90	25.7	0.9	NE	0.27	1.3	NE	27.5	32.7	32.7	32.2	1010.8	0.00	0.0	0	0.00	0	0.0	0.00	0.0	0.000	0.032	24.8	55	15.2	24.9	9.98	1.1622	0.00	115	1	100.0	5
01/12/19	8:20 p	27.5	27.6	27.5	90	25.7	0.4	NE	0.13	1.3	NE	27.5	32.7	32.7	32.2	1010.9	0.00	0.0	0	0.00	0	0.0	0.00	0.0	0.000	0.032	25.0	55	15.3	25.1	9.97	1.1614	0.00	115	1	100.0	5
01/12/19	8:25 p	27.5	27.6	27.5	90	25.7	0.9	NNE	0.27	1.3	NNE	27.5	32.7	32.7	32.2	1010.9	0.00	0.0	0	0.00	0	0.0	0.00	0.0	0.000	0.032	25.1	55	15.4	25.2	9.96	1.1609	0.00	112	1	98.2	5
01/12/19	8:30 p	27.5	27.5	27.5	90	25.7	0.4	NNE	0.13	1.3	NNE	27.5	32.7	32.7	32.2	1011.0	0.00	0.0	0	0.00	0	0.0	0.00	0.0	0.000	0.032	25.2	55	15.5	25.3	9.95	1.1604	0.00	111	1	97.4	5
01/12/19	8:35 p	27.5	27.5	27.4	90	25.7	0.4	NNE	0.13	0.9	NNE	27.5	32.7	32.7	32.2	1011.0	0.00	0.0	0	0.00	0	0.0	0.00	0.0	0.000	0.032	25.3	56	15.9	25.4	10.15	1.1598	0.00	115	1	100.0	5
01/12/19	8:40 p	27.4	27.5	27.4	90	25.7	0.4	NNE	0.13	0.9	NNE	27.4	32.6	32.6	32.1	1011.0	0.00	0.0	0	0.00	0	0.0	0.00	0.0	0.000	0.032	25.4	56	16.0	25.7	10.14	1.1589	0.00	114	1	100.0	5
01/12/19	8:45 p	27.3	27.4	27.3	91	25.7	0.4	NNE	0.13	0.9	NNE	27.3	32.4	32.4	31.9	1011.0	0.00	0.0	0	0.00	0	0.0	0.00	0.0	0.000	0.031	25.5	56	16.1	25.7	10.13	1.1586	0.00	116	1	100.0	5
01/12/19	8:50 p	27.2	27.3	27.2	91	25.6	0.4	NNE	0.13	1.3	NNE	27.2	32.0	32.0	31.5	1011.0	0.00	0.0	0	0.00	0	0.0	0.00	0.0	0.000	0.031	25.6	56	16.2	25.8	10.13	1.1581	0.00	113	1	99.1	5
01/12/19	8:55 p	27.2	27.2	27.1	91	25.6	0.4	NNE	0.13	1.3	NNE	27.2	32.0	32.0	31.5	1011.1	0.00	0.0	0	0.00	0	0.0	0.00	0.0	0.000	0.031	25.7	57	16.5	25.9	10.22	1.1575	0.00	114	1	100.0	5
01/12/19	9:00 p	27.2	27.2	27.1	91	25.6	0.4	NE	0.13	1.3	NE	27.2	32.0	32.0	31.5	1011.2	0.00	0.0	0	0.00	0	0.0	0.00	0.0	0.000	0.031	25.8	57	16.6	26.1	10.21	1.1571	0.00	111	1	97.4	5
01/12/19	9:05 p	27.2	27.2	27.2	92	25.8	0.0	---	0.00	0.0	---	27.2	32.3	32.3	31.8	1011.2	0.00	0.0	0	0.00	0	0.0	0.00	0.0	0.000	0.031	25.8	57	16.7	26.2	10.21	1.1568	0.00	112	1	98.2	5
01/12/19	9:10 p	27.3	27.3	27.2	91	25.7	0.0	---	0.00	0.0	---	27.3	32.3	32.3	31.8	1011.3	0.00	0.0	0	0.00	0	0.0	0.00	0.0	0.000	0.031	25.9	58	17.0	26.3	10.41	1.1562	0.00	112	1	98.2	5
01/12/19	9:15 p	27.3	27.3	27.2	91	25.7	0.0	---	0.00	0.0	---	27.3	32.3	32.3	31.8	1011.3	0.00	0.0	0	0.00	0	0.0	0.00	0.0	0.000	0.031	25.9	58	17.0	26.3	10.40	1.1560	0.00	113	1	99.1	5
01/12/19	9:20 p	27.2	27.3	27.2	91	25.6	0.0	---	0.00	0.0	---	27.2	32.2	32.2	31.7	1011.3	0.00	0.0	0	0.00	0	0.0	0.00	0.0	0.000	0.031	26.0	58	17.1	26.4	10.40	1.1557	0.00	114	1	100.0	5
01/12/19	9:25 p	27.1	27.2	27.1	92	25.7	0.0	---	0.00	0.0	---	27.1	32.1	32.1	31.6	1011.4	0.00	0.0	0	0.00	0	0.0	0.00	0.0	0.000	0.030	26.1	58	17.1	26.4	10.39	1.1555	0.00	112	1	98.2	5
01/12/19	9:30 p	27.2	27.2	27.1	92	25.8	0.0	---	0.00	0.0	---	27.2	32.2	32.2	31.7	1011.4	0.00	0.0	0	0.00	0	0.0	0.00	0.0	0.000	0.031	26.1	58	17.2	26.5	10.39	1.1552	0.00	114	1	100.0	5
01/12/19	9:35 p	27.1	27.2	27.1	92	25.7	0.0	---	0.00	0.0	---	27.1	32.1	32.1	31.6	1011.6	0.00	0.0	0	0.00	0	0.0	0.00	0.0	0.000	0.030	26.2	59	17.5	26.6	10.59	1.1547	0.00	111	1	97.4	5
01/12/19	9:40 p	27.1	27.2	27.1	92	25.7	0.4	ENE	0.13	1.3	ENE	27.1	32.1	32.1	31.6	1011.6	0.00	0.0	0	0.00	0	0.0	0.00	0.0	0.000	0.030	26.2	59	17.6	26.7	10.58	1.1544	0.00	112	1	98.2	5
01/12/19	9:45 p	27.1	27.1	27.1	92	25.7	0.9	E	0.27	1.3	ENE	27.1	32.1	32.1	31.6	1011.4	0.00	0.0	0	0.00	0	0.0	0.00	0.0	0.000	0.030	26.2	59	17.6	26.7	10.58	1.1542	0.00	114	1	100.0	5
01/12/19	9:50 p	27.1	27.1	27.1	92	25.6	0.4	E	0.13	1.3	E	27.1	31.9	31.9	31.4	1011.5	0.00	0.0	0	0.00	0	0.0	0.00	0.0	0.000	0.030	26.3	59	17.7	26.8	10.57	1.1537	0.00	113	1	99.1	5
01/12/19	9:55 p	27.1	27.1	27.1	92	25.6	0.4	E	0.13	0.9	E	27.1	31.9	31.9	31.4	1011.4	0.00	0.0	0	0.00	0	0.0	0.00	0.0	0.000	0.030	26.3	59	17.7	26.8	10.57	1.1536	0.00	115	1	100.0	5
01/12/19	10:00 p	27.0	27.1	26.9	92	25.6	0.9	NNE	0.27	1.8	NNE	27.0	31.8	31.8	31.3	1011.4	0.00	0.0	0	0.00	0	0.0	0.00	0.0	0.000	0.030	26.4	60	18.0	27.0	10.77	1.1529	0.00	115	1	100.0	5
01/12/19	10:05 p	26.9	26.9	26.9	93	25.7	0.4	NE	0.13	0.9	NE	26.9	31.8	31.8	31.3	1011.4	0.00	0.0	0	0.00	0	0.0	0.00	0.0	0.000	0.030	26.4	60	18.1	27.1	10.77	1.1527	0.00	112	1	98.2	5
01/12/19	10:10 p	26.9	26.9	26.9	93	25.7	0.4	NE	0.13	0.9	NE	26.9	31.8	31.8	31.3	1011.3	0.00	0.0	0	0.00	0	0.0	0.00	0.0	0.000	0.030	26.5	60	18.1	27.1	10.76	1.1522	0.00	114	1	100.0	5
01/12/19	10:15 p	26.9	26.9	26.9	93	25.7	0.0	NE	0.00	0.4	NE	26.9	31.7	31.7	31.2	1011.3	0.00	0.0	0	0.00	0	0.0	0.00	0.0	0.000	0.030	26.5	61	18.4	27.2	10.96	1.1518	0.00	113	1	99.1	5
01/12/19	10:20 p	26.9	26.9	26.9	93	25.7	0.0	NE	0.00	0.9	NE	26.9	31.8	31.8	31.3	1011.3	0.00	0.0	0	0.00	0	0.0	0.00	0.0	0.000	0.030	26.6	61	18.4	27.3	10.95	1.1516	0.00	113	1	99.1	5
01/12/19	10:25 p	27.0	27.0	26.9	92	25.6	0.0	NE	0.00	0.4	NE	27.0	31.8	31.8	31.3	1011.3	0.00	0.0	0	0.00	0	0.0	0.00	0.0	0.000	0.030	26.6	61	18.5	27.4	10.95	1.1513	0.00	115	1	100.0	5
01/12/19	10:30 p	27.0	27.0	26.9	93	25.8	0.4	NE	0.13	0.9	NE	27.0	31.9	31.9	31.4	1011.3	0.00	0.0	0	0.00	0	0.0	0.00	0.0	0.000	0.030	26.6	62	18.7	27.5	11.15	1.1508	0.00	116	1	100.0	5
01/12/19	10:35 p	27.0	27.0	27.0	92	25.6	0.4	NE	0.13	1.3	NE	27.0	31.8	31.8	31.3	1011.3	0.00	0.0	0	0.00	0	0.0	0.00	0.0	0.000	0.030	26.6	62	18.7	27.5	11.15	1.1508	0.00	114	1	100.0	5
01/12/19	10:40 p	27.0	27.1	26.9	92	25.6	0.4	NE	0.13	0.9	NE	27.0	31.8	31.8	31.3	1011.3	0.00	0.0	0	0.00	0	0.0	0.00	0.0	0.000	0.030	26.7	62	18.8	27.6	11.15	1.1505	0.00	111	1	97.4	5
01/12/19	10:45 p	27.1	27.1	27.0	92	25.6	0.4	NE	0.13	0.9	NE	27.1	31.9	31.9	31.4	1011.3	0.00	0.0	0	0.00	0	0.0	0.00	0.0	0.000	0.030	26.7	62	18.8	27.6	11.15	1.1505	0.00	112	1	98.2	5
01/12/19	10:50 p	27.2	27.2	27.1	92	25.8	0.9	NE	0.27	1.3	NE	27.2	32.3	32.3	31.8	1011.4	0.00	0.0	0	0.00	0	0.0	0.00	0.0	0.000	0.031	26.7	62	18.8	27.6	11.15	1.1506	0.00	113	1	99.1	5
01/12/19	10:55 p	27.2	27.2	27.2	92	25.8	0.4	NE	0.13	1.8	NE	27.2	32.3	32.3	31.8	1011.3	0.00	0.0	0	0.00	0	0.0	0.00	0.0	0.000	0.031	26.7	63	19.1	27.7	11.35	1.1498	0.00	116	1	100.0	5
01/12/19	11:00 p	27.2	27.2	27.2	92	25.8	0.9	NE	0.27	1.8	E	27.2	32.2	32.2	31.7	1011.3	0.00	0.0	0	0.00	0	0.0	0.00	0.0	0.000	0.031	26.7	63	19.1	27.7	11.35	1.1498	0.00	114	1	100.0	5
01/12/19	11:05 p	27.1	27.2	27.1	92	25.7	0.9	ENE	0.27	1.3	E	27.1	32.1	32.1	31.6	1011.3	0.00	0.0	0	0.00	0	0.0	0.00	0.0	0.000	0.030	26.8	63	19.1	27.8	11.35	1.1496	0.00	116	1	100.0	5
01/12/19	11:10 p	27.1	27.1	27.1	92	25.7	0.9	ENE	0.27	1.8	ENE	27.1	32.1	32.1	31.6	1011.2	0.00	0.0	0	0.00	0	0.0	0.00	0.0	0.000	0.030	26.8	63	19.2	27.9	11.34	1.1491	0.00	114	1	100.0	5
01/12/19	11:15 p	27.1	27.1	27.1	92	25.6	1.3	NNE	0.40	1.8	NE	27.1	31.9	31.9	31.4	1011.1	0.00	0.0	0	0.00	0	0.0	0.00	0.0	0.000	0.030	26.8	63	19.2	27.9	11.34	1.1490	0.00	111	1	97.4	5
01/12/19	11:20 p	27.0	27.1	26.9	92	25.6	1.3	NE	0.40	1.8	NE	27.0	31.8	31.8	31.3	1011.1	0.00	0.0	0	0.00	0	0.0	0.00	0.0	0.000	0.030	26.8	64	19.4	28.1	11.54	1.1486	0.00	113	1	99.1	5
01/12/19	11:25 p	26.9	27.0	26.9	92	25.5	1.3	NE	0.40	2.7	NE	26.9	31.6	31.6	31.1	1011.0	0.00	0.0	0	0.00	0	0.0	0.00	0.0	0.000	0.030	26.9	64	19.5	28.1	11.54	1.1481	0.00	114	1	100.0	5
01/12/19	11:30 p	26.9	26.9	26.9	92	25.5	1.8	NE	0.54	2.2	NE	26.9	31.6	31.6	31.1	1010.9	0.00	0.0	0	0.00	0	0.0	0.00	0.0	0.000	0.030	26.9	65	19.8	28.2	11.74	1.1477	0.00	112	1	98.2	5
01/12/19	11:35 p	26.9	26.9	26.9	92	25.5	1.3	NNE	0.40	2.2	NNE	26.9	31.6	31.6	31.1	1010.7	0.00	0.0	0	0.00	0	0.0	0.00	0.0	0.000	0.030	26.9	64	19.6	28.2	11.54	1.1476	0.00	112	1	98.2	5
01/12/19	11:40 p	26.9	26.9	26.9	92	25.5	0.9	NNE	0.27	1.8	NE	26.9	31.6	31.6	31.1	1010.7	0.00	0.0	0	0.00	0	0.0	0.00	0.0	0.000	0.030	26.9	65	19.8	28.3	11.74	1.1472	0.00	115	1	100.0	5
01/12/19	11:45 p	27.0	27.0	26.9	92	25.6	0.9	NE	0.27	2.2	NNE	27.0	31.8	31.8	31.3	1010.7	0.00	0.0	0	0.00	0	0.0	0.00	0.0	0.000	0.030	26.9	66	20.1	28.4	11.94	1.1467	0.00	115	1	100.0	5
01/12/19	11:50 p	27.0	27.0	26.9	91	25.4	0.9	NE	0.27	1.8	NE	27.0	31.6	31.6	31.0	1010.7	0.00	0.0	0	0.00	0	0.0	0.00	0.0	0.000	0.030	26.9	66	20.1	28.4	11.94	1.1467	0.00	109	1	95.6	5
01/12/19	11:55 p	26.9	27.0	26.9	92	25.5	0.4	NE	0.13	0.9	NE	26.9	31.6	31.6	31.1	1010.7	0.00	0.0	0	0.00	0	0.0	0.00	0.0	0.000	0.030	27.0	66	20.1	28.5	11.94	1.1464	0.00	112	1	98.2	5
