		Temp	Hi	Low	Out	Dew	Wind	Wind	Wind	Hi	Hi	Wind	Heat	THW	THSW			Rain	Solar	Solar	Hi Solar	UV 	UV 	Hi 	Heat	Cool	In 	In	In 	In 	In 	In Air		Wind	Wind	ISS 	Arc.
Date	Time	Out	Temp	Temp	Hum	Pt.	Speed	Dir	Run	Speed	Dir	Chill	Index	Index	Index	Bar  	Rain	Rate	Rad.	Energy	Rad. 	Index	Dose	UV 	D-D 	D-D 	Temp	Hum	Dew	Heat	EMC	Density	ET 	Samp	Tx 	Recept	Int.
27/11/19	12:00 a	27.3	27.3	27.2	96	26.6	0.9	NE	0.27	1.8	NE	27.3	33.3	33.3	32.8	1007.6	0.00	0.0	0	0.00	0	0.0	0.00	0.0	0.000	0.031	27.7	73	22.4	30.7	13.61	1.1359	0.00	115	1	100.0	5
27/11/19	12:05 a	27.2	27.3	27.2	96	26.5	1.3	NE	0.40	1.8	NE	27.2	33.1	33.1	32.6	1007.5	0.00	0.0	0	0.00	0	0.0	0.00	0.0	0.000	0.031	27.7	73	22.4	30.7	13.61	1.1357	0.00	116	1	100.0	5
27/11/19	12:10 a	27.2	27.3	27.2	96	26.5	0.9	NE	0.27	1.8	NE	27.2	33.1	33.1	32.6	1007.5	0.00	0.0	0	0.00	0	0.0	0.00	0.0	0.000	0.031	27.7	73	22.4	30.7	13.61	1.1357	0.00	117	1	100.0	5
27/11/19	12:15 a	27.3	27.3	27.2	96	26.6	0.9	NE	0.27	1.8	NE	27.3	33.3	33.3	32.8	1007.5	0.00	0.0	0	0.00	0	0.0	0.00	0.0	0.000	0.031	27.7	73	22.4	30.7	13.61	1.1358	0.00	114	1	100.0	5
27/11/19	12:20 a	27.3	27.3	27.2	96	26.6	0.9	NE	0.27	1.3	NE	27.3	33.4	33.4	32.9	1007.6	0.00	0.0	0	0.00	0	0.0	0.00	0.0	0.000	0.031	27.7	73	22.4	30.7	13.61	1.1359	0.00	113	1	99.1	5
27/11/19	12:25 a	27.3	27.3	27.3	96	26.6	0.4	NE	0.13	1.3	NE	27.3	33.4	33.4	32.9	1007.6	0.00	0.0	0	0.00	0	0.0	0.00	0.0	0.000	0.031	27.8	73	22.5	30.8	13.61	1.1355	0.00	116	1	100.0	5
27/11/19	12:30 a	27.4	27.4	27.3	96	26.7	0.9	ENE	0.27	1.8	ENE	27.4	33.6	33.6	33.2	1007.6	0.00	0.0	0	0.00	0	0.0	0.00	0.0	0.000	0.031	27.8	74	22.7	30.9	13.91	1.1351	0.00	117	1	100.0	5
27/11/19	12:35 a	27.4	27.4	27.4	96	26.7	0.9	ENE	0.27	1.8	ESE	27.4	33.8	33.8	33.3	1007.5	0.00	0.0	0	0.00	0	0.0	0.00	0.0	0.000	0.032	27.7	74	22.7	30.8	13.91	1.1353	0.00	117	1	100.0	5
27/11/19	12:40 a	27.4	27.4	27.3	96	26.7	0.4	NE	0.13	1.3	NE	27.4	33.6	33.6	33.2	1007.4	0.00	0.0	0	0.00	0	0.0	0.00	0.0	0.000	0.031	27.8	74	22.7	30.9	13.91	1.1348	0.00	117	1	100.0	5
27/11/19	12:45 a	27.4	27.4	27.3	96	26.7	0.4	NE	0.13	0.9	NE	27.4	33.6	33.6	33.2	1007.3	0.00	0.0	0	0.00	0	0.0	0.00	0.0	0.000	0.031	27.8	74	22.7	30.9	13.91	1.1348	0.00	118	1	100.0	5
27/11/19	12:50 a	27.4	27.4	27.4	96	26.7	0.4	NE	0.13	0.9	NE	27.4	33.8	33.8	33.3	1007.2	0.00	0.0	0	0.00	0	0.0	0.00	0.0	0.000	0.032	27.8	74	22.7	30.9	13.91	1.1347	0.00	114	1	100.0	5
27/11/19	12:55 a	27.4	27.4	27.4	96	26.7	0.4	NE	0.13	0.9	NE	27.4	33.8	33.8	33.3	1007.0	0.00	0.0	0	0.00	0	0.0	0.00	0.0	0.000	0.032	27.8	75	22.9	31.1	14.31	1.1341	0.00	112	1	98.2	5
27/11/19	1:00 a	27.4	27.4	27.4	96	26.7	0.9	ENE	0.27	2.2	ENE	27.4	33.6	33.6	33.2	1007.0	0.00	0.0	0	0.00	0	0.0	0.00	0.0	0.000	0.031	27.7	75	22.9	31.0	14.31	1.1343	0.00	115	1	100.0	5
27/11/19	1:05 a	27.3	27.4	27.3	96	26.6	0.4	NE	0.13	1.3	ENE	27.3	33.4	33.4	32.9	1006.9	0.00	0.0	0	0.00	0	0.0	0.00	0.0	0.000	0.031	27.8	75	22.9	31.1	14.31	1.1339	0.00	116	1	100.0	5
27/11/19	1:10 a	27.2	27.3	27.2	96	26.5	0.9	ENE	0.27	1.3	ENE	27.2	33.1	33.1	32.6	1006.9	0.00	0.0	0	0.00	0	0.0	0.00	0.0	0.000	0.031	27.8	76	23.2	31.3	14.61	1.1335	0.00	117	1	100.0	5
27/11/19	1:15 a	27.2	27.3	27.2	96	26.5	0.4	ENE	0.13	1.3	ENE	27.2	32.9	32.9	32.4	1006.8	0.00	0.0	0	0.00	0	0.0	0.00	0.0	0.000	0.031	27.8	76	23.2	31.3	14.61	1.1334	0.00	115	1	100.0	5
27/11/19	1:20 a	27.1	27.2	27.1	96	26.4	0.9	ENE	0.27	1.8	ENE	27.1	32.8	32.8	32.3	1006.8	0.00	0.0	0	0.00	0	0.0	0.00	0.0	0.000	0.030	27.8	76	23.2	31.3	14.61	1.1334	0.00	117	1	100.0	5
27/11/19	1:25 a	27.1	27.2	27.1	96	26.4	0.9	ENE	0.27	1.8	ENE	27.1	32.8	32.8	32.3	1006.7	0.00	0.0	0	0.00	0	0.0	0.00	0.0	0.000	0.030	27.7	76	23.1	31.2	14.61	1.1336	0.00	112	1	98.2	5
27/11/19	1:30 a	27.1	27.1	27.1	96	26.4	0.9	ENE	0.27	1.8	ENE	27.1	32.8	32.8	32.3	1006.7	0.00	0.0	0	0.00	0	0.0	0.00	0.0	0.000	0.030	27.8	76	23.2	31.3	14.61	1.1332	0.00	110	1	96.5	5
27/11/19	1:35 a	27.1	27.2	27.1	96	26.4	0.9	NE	0.27	1.8	NE	27.1	32.8	32.8	32.3	1006.8	0.00	0.0	0	0.00	0	0.0	0.00	0.0	0.000	0.030	27.8	76	23.2	31.3	14.61	1.1333	0.00	116	1	100.0	5
27/11/19	1:40 a	27.1	27.2	27.1	96	26.4	0.9	NE	0.27	1.3	E	27.1	32.8	32.8	32.3	1006.6	0.00	0.0	0	0.00	0	0.0	0.00	0.0	0.000	0.030	27.8	77	23.4	31.4	14.91	1.1327	0.00	117	1	100.0	5
27/11/19	1:45 a	27.1	27.1	27.1	96	26.4	0.9	ENE	0.27	1.8	ENE	27.1	32.7	32.7	32.2	1006.6	0.00	0.0	0	0.00	0	0.0	0.00	0.0	0.000	0.030	27.8	77	23.4	31.4	14.91	1.1327	0.00	117	1	100.0	5
27/11/19	1:50 a	27.1	27.1	27.0	96	26.4	0.4	ENE	0.13	1.3	ENE	27.1	32.7	32.7	32.2	1006.5	0.00	0.0	0	0.00	0	0.0	0.00	0.0	0.000	0.030	27.7	77	23.3	31.3	14.91	1.1329	0.00	115	1	100.0	5
27/11/19	1:55 a	27.0	27.1	27.0	96	26.3	0.4	ENE	0.13	1.3	ENE	27.0	32.5	32.5	32.0	1006.5	0.00	0.0	0	0.00	0	0.0	0.00	0.0	0.000	0.030	27.8	77	23.4	31.4	14.91	1.1325	0.00	115	1	100.0	5
27/11/19	2:00 a	27.0	27.1	27.0	96	26.3	0.4	ENE	0.13	0.9	ENE	27.0	32.5	32.5	32.0	1006.5	0.00	0.0	0	0.00	0	0.0	0.00	0.0	0.000	0.030	27.8	77	23.4	31.4	14.91	1.1326	0.00	111	1	97.4	5
27/11/19	2:05 a	27.0	27.0	26.9	96	26.3	0.4	ENE	0.13	1.3	ENE	27.0	32.5	32.5	32.0	1006.5	0.00	0.0	0	0.00	0	0.0	0.00	0.0	0.000	0.030	27.7	77	23.3	31.3	14.91	1.1328	0.00	113	1	99.1	5
27/11/19	2:10 a	26.9	27.0	26.9	96	26.3	0.4	ENE	0.13	1.3	ENE	26.9	32.3	32.3	31.8	1006.5	0.00	0.0	0	0.00	0	0.0	0.00	0.0	0.000	0.030	27.8	77	23.4	31.4	14.91	1.1326	0.00	116	1	100.0	5
27/11/19	2:15 a	26.9	27.0	26.9	96	26.3	0.4	ENE	0.13	0.9	ENE	26.9	32.3	32.3	31.8	1006.4	0.00	0.0	0	0.00	0	0.0	0.00	0.0	0.000	0.030	27.7	77	23.3	31.3	14.91	1.1327	0.00	113	1	99.1	5
27/11/19	2:20 a	26.8	26.9	26.8	96	26.1	0.4	ENE	0.13	0.9	ENE	26.8	32.0	32.0	31.5	1006.6	0.00	0.0	0	0.00	0	0.0	0.00	0.0	0.000	0.030	27.8	77	23.4	31.4	14.91	1.1326	0.00	116	1	100.0	5
27/11/19	2:25 a	26.8	26.8	26.8	97	26.3	0.4	E	0.13	0.9	ENE	26.8	32.2	32.2	31.7	1006.6	0.00	0.0	0	0.00	0	0.0	0.00	0.0	0.000	0.030	27.7	77	23.3	31.3	14.91	1.1330	0.00	115	1	100.0	5
27/11/19	2:30 a	26.8	26.9	26.8	97	26.3	0.0	E	0.00	0.9	E	26.8	32.2	32.2	31.7	1006.5	0.00	0.0	0	0.00	0	0.0	0.00	0.0	0.000	0.030	27.7	77	23.3	31.3	14.91	1.1329	0.00	113	1	99.1	5
27/11/19	2:35 a	26.8	26.8	26.8	97	26.3	0.0	E	0.00	0.4	E	26.8	32.1	32.1	31.6	1006.5	0.00	0.0	0	0.00	0	0.0	0.00	0.0	0.000	0.029	27.8	77	23.4	31.4	14.91	1.1326	0.00	113	1	99.1	5
27/11/19	2:40 a	26.7	26.8	26.7	97	26.2	0.0	E	0.00	0.4	E	26.7	31.9	31.9	31.4	1006.7	0.00	0.0	0	0.00	0	0.0	0.00	0.0	0.000	0.029	27.7	77	23.3	31.3	14.91	1.1331	0.00	115	1	100.0	5
27/11/19	2:45 a	26.7	26.8	26.7	97	26.2	0.0	E	0.00	0.4	E	26.7	31.9	31.9	31.4	1006.7	0.00	0.0	0	0.00	0	0.0	0.00	0.0	0.000	0.029	27.8	76	23.2	31.3	14.61	1.1332	0.00	116	1	100.0	5
27/11/19	2:50 a	26.7	26.8	26.7	97	26.2	0.0	---	0.00	0.0	---	26.7	31.9	31.9	31.4	1006.7	0.00	0.0	0	0.00	0	0.0	0.00	0.0	0.000	0.029	27.8	76	23.2	31.3	14.61	1.1332	0.00	116	1	100.0	5
27/11/19	2:55 a	26.7	26.7	26.7	97	26.2	0.0	E	0.00	0.4	E	26.7	31.9	31.9	31.4	1006.6	0.00	0.0	0	0.00	0	0.0	0.00	0.0	0.000	0.029	27.8	76	23.2	31.3	14.61	1.1332	0.00	116	1	100.0	5
27/11/19	3:00 a	26.7	26.7	26.6	97	26.2	0.0	---	0.00	0.0	---	26.7	31.7	31.7	31.2	1006.6	0.00	0.0	0	0.00	0	0.0	0.00	0.0	0.000	0.029	27.7	76	23.1	31.2	14.61	1.1335	0.00	115	1	100.0	5
27/11/19	3:05 a	26.6	26.6	26.6	97	26.0	0.0	---	0.00	0.0	---	26.6	31.4	31.4	30.9	1006.6	0.00	0.0	0	0.00	0	0.0	0.00	0.0	0.000	0.029	27.7	76	23.1	31.2	14.61	1.1334	0.00	112	1	98.2	5
27/11/19	3:10 a	26.5	26.6	26.5	97	26.0	0.4	E	0.13	0.9	E	26.5	31.3	31.3	30.8	1006.7	0.00	0.0	0	0.00	0	0.0	0.00	0.0	0.000	0.028	27.7	76	23.1	31.2	14.61	1.1336	0.00	112	1	98.2	5
27/11/19	3:15 a	26.6	26.6	26.5	97	26.1	0.4	E	0.13	1.3	E	26.6	31.6	31.6	31.1	1006.6	0.00	0.0	0	0.00	0	0.0	0.00	0.0	0.000	0.029	27.7	76	23.1	31.2	14.61	1.1334	0.00	114	1	100.0	5
27/11/19	3:20 a	26.6	26.6	26.6	97	26.1	0.0	E	0.00	0.4	E	26.6	31.6	31.6	31.1	1006.7	0.00	0.0	0	0.00	0	0.0	0.00	0.0	0.000	0.029	27.7	76	23.1	31.2	14.61	1.1336	0.00	117	1	100.0	5
27/11/19	3:25 a	26.6	26.6	26.5	97	26.0	0.4	ENE	0.13	0.9	E	26.6	31.4	31.4	30.9	1006.9	0.00	0.0	0	0.00	0	0.0	0.00	0.0	0.000	0.029	27.7	76	23.1	31.2	14.61	1.1338	0.00	116	1	100.0	5
27/11/19	3:30 a	26.5	26.6	26.5	97	26.0	0.0	ENE	0.00	0.9	ENE	26.5	31.3	31.3	30.8	1006.9	0.00	0.0	0	0.00	0	0.0	0.00	0.0	0.000	0.028	27.7	76	23.1	31.2	14.61	1.1338	0.00	115	1	100.0	5
27/11/19	3:35 a	26.6	26.6	26.5	97	26.0	0.0	---	0.00	0.0	---	26.6	31.4	31.4	30.9	1006.9	0.00	0.0	0	0.00	0	0.0	0.00	0.0	0.000	0.029	27.7	76	23.1	31.2	14.61	1.1338	0.00	113	1	99.1	5
27/11/19	3:40 a	26.6	26.6	26.6	97	26.0	0.0	ENE	0.00	0.4	ENE	26.6	31.4	31.4	30.9	1007.1	0.00	0.0	0	0.00	0	0.0	0.00	0.0	0.000	0.029	27.7	76	23.1	31.2	14.61	1.1340	0.00	110	1	96.5	5
27/11/19	3:45 a	26.6	26.6	26.6	97	26.0	0.0	---	0.00	0.0	---	26.6	31.4	31.4	30.9	1007.2	0.00	0.0	0	0.00	0	0.0	0.00	0.0	0.000	0.029	27.7	76	23.1	31.2	14.61	1.1341	0.00	114	1	100.0	5
27/11/19	3:50 a	26.6	26.6	26.6	97	26.1	0.0	---	0.00	0.0	---	26.6	31.6	31.6	31.1	1007.1	0.00	0.0	0	0.00	0	0.0	0.00	0.0	0.000	0.029	27.7	76	23.1	31.2	14.61	1.1341	0.00	114	1	100.0	5
27/11/19	3:55 a	26.6	26.6	26.6	97	26.1	0.0	---	0.00	0.0	---	26.6	31.6	31.6	31.1	1007.2	0.00	0.0	0	0.00	0	0.0	0.00	0.0	0.000	0.029	27.7	76	23.1	31.2	14.61	1.1341	0.00	114	1	100.0	5
27/11/19	4:00 a	26.6	26.6	26.6	97	26.1	0.0	---	0.00	0.0	---	26.6	31.6	31.6	31.1	1007.3	0.00	0.0	0	0.00	0	0.0	0.00	0.0	0.000	0.029	27.7	76	23.1	31.1	14.61	1.1345	0.00	116	1	100.0	5
27/11/19	4:05 a	26.6	26.6	26.6	97	26.1	0.0	---	0.00	0.0	---	26.6	31.6	31.6	31.1	1007.2	0.00	0.0	0	0.00	0	0.0	0.00	0.0	0.000	0.029	27.7	76	23.1	31.1	14.61	1.1344	0.00	116	1	100.0	5
27/11/19	4:10 a	26.6	26.6	26.6	97	26.1	0.0	---	0.00	0.0	---	26.6	31.6	31.6	31.1	1007.2	0.00	0.0	0	0.00	0	0.0	0.00	0.0	0.000	0.029	27.7	76	23.1	31.1	14.61	1.1344	0.00	115	1	100.0	5
27/11/19	4:15 a	26.6	26.6	26.6	97	26.0	0.0	---	0.00	0.0	---	26.6	31.4	31.4	30.9	1007.4	0.00	0.0	0	0.00	0	0.0	0.00	0.0	0.000	0.029	27.7	76	23.1	31.1	14.61	1.1346	0.00	114	1	100.0	5
27/11/19	4:20 a	26.4	26.6	26.4	97	25.9	0.0	---	0.00	0.0	---	26.4	31.1	31.1	30.6	1007.5	0.00	0.0	0	0.00	0	0.0	0.00	0.0	0.000	0.028	27.7	76	23.1	31.1	14.61	1.1348	0.00	117	1	100.0	5
27/11/19	4:25 a	26.5	26.5	26.4	97	26.0	0.0	ENE	0.00	0.9	ENE	26.5	31.3	31.3	30.8	1007.5	0.00	0.0	0	0.00	0	0.0	0.00	0.0	0.000	0.028	27.7	76	23.1	31.2	14.61	1.1345	0.00	116	1	100.0	5
27/11/19	4:30 a	26.6	26.6	26.5	97	26.0	0.0	---	0.00	0.0	---	26.6	31.4	31.4	30.9	1007.7	0.00	0.0	0	0.00	0	0.0	0.00	0.0	0.000	0.029	27.7	76	23.1	31.1	14.61	1.1350	0.00	116	1	100.0	5
27/11/19	4:35 a	26.6	26.6	26.6	97	26.1	0.0	---	0.00	0.0	---	26.6	31.6	31.6	31.1	1007.8	0.00	0.0	0	0.00	0	0.0	0.00	0.0	0.000	0.029	27.7	76	23.1	31.1	14.61	1.1351	0.00	115	1	100.0	5
27/11/19	4:40 a	26.7	26.7	26.6	97	26.2	0.0	ENE	0.00	0.4	ENE	26.7	31.7	31.7	31.2	1007.9	0.00	0.0	0	0.00	0	0.0	0.00	0.0	0.000	0.029	27.7	76	23.1	31.1	14.61	1.1352	0.00	114	1	100.0	5
27/11/19	4:45 a	26.7	26.7	26.6	97	26.2	0.0	ENE	0.00	0.4	ENE	26.7	31.7	31.7	31.2	1007.9	0.00	0.0	0	0.00	0	0.0	0.00	0.0	0.000	0.029	27.7	76	23.1	31.1	14.61	1.1352	0.00	112	1	98.2	5
27/11/19	4:50 a	26.6	26.7	26.6	97	26.1	0.0	ENE	0.00	0.4	ENE	26.6	31.6	31.6	31.1	1007.9	0.00	0.0	0	0.00	0	0.0	0.00	0.0	0.000	0.029	27.7	76	23.1	31.1	14.61	1.1353	0.00	114	1	100.0	5
27/11/19	4:55 a	26.6	26.7	26.6	97	26.1	0.0	ENE	0.00	0.4	ENE	26.6	31.6	31.6	31.1	1008.0	0.00	0.0	0	0.00	0	0.0	0.00	0.0	0.000	0.029	27.6	74	22.6	30.7	13.92	1.1366	0.00	114	1	100.0	5
27/11/19	5:00 a	26.7	26.7	26.6	97	26.2	0.4	ENE	0.13	0.9	ENE	26.7	31.7	31.7	31.2	1008.0	0.00	0.0	0	0.00	0	0.0	0.00	0.0	0.000	0.029	27.6	68	21.1	29.7	12.32	1.1394	0.00	117	1	100.0	5
27/11/19	5:05 a	26.7	26.7	26.7	97	26.2	0.0	ENE	0.00	0.4	ENE	26.7	31.9	31.9	31.4	1008.1	0.00	0.0	1	0.01	5	0.0	0.00	0.0	0.000	0.029	27.4	62	19.5	28.7	11.12	1.1429	0.00	118	1	100.0	5
27/11/19	5:10 a	26.7	26.7	26.7	97	26.2	0.0	ENE	0.00	0.9	ENE	26.7	31.7	31.7	31.3	1008.0	0.00	0.0	6	0.04	7	0.0	0.00	0.0	0.000	0.029	27.1	58	18.1	27.8	10.35	1.1460	0.00	115	1	100.0	5
27/11/19	5:15 a	26.6	26.7	26.6	97	26.1	0.4	ENE	0.13	0.9	ENE	26.6	31.6	31.6	31.2	1008.0	0.00	0.0	9	0.06	11	0.0	0.00	0.0	0.000	0.029	26.8	53	16.4	27.2	9.64	1.1495	0.00	113	1	99.1	5
27/11/19	5:20 a	26.6	26.6	26.6	97	26.1	0.0	ENE	0.00	0.4	ENE	26.6	31.6	31.6	31.3	1008.1	0.00	0.0	18	0.13	26	0.0	0.00	0.0	0.000	0.029	26.5	50	15.2	26.6	9.16	1.1525	0.00	114	1	100.0	5
27/11/19	5:25 a	26.6	26.6	26.5	97	26.0	0.0	---	0.00	0.0	---	26.6	31.4	31.4	31.3	1008.0	0.00	0.0	29	0.21	32	0.0	0.00	0.0	0.000	0.029	26.2	49	14.7	26.2	8.97	1.1541	0.00	112	1	98.2	5
27/11/19	5:30 a	26.6	26.6	26.5	97	26.0	0.0	---	0.00	0.0	---	26.6	31.4	31.4	31.4	1008.1	0.00	0.0	32	0.23	37	0.0	0.00	0.0	0.000	0.029	26.0	53	15.7	26.2	9.65	1.1539	0.00	113	1	99.1	5
27/11/19	5:35 a	26.6	26.6	26.6	97	26.1	0.0	ENE	0.00	0.4	ENE	26.6	31.6	31.6	31.6	1008.3	0.00	0.0	41	0.29	47	0.0	0.00	0.0	0.000	0.029	25.9	50	14.7	25.9	9.18	1.1559	0.00	113	1	99.1	5
27/11/19	5:40 a	26.7	26.8	26.6	97	26.2	0.4	ENE	0.13	0.9	ENE	26.7	31.9	31.9	32.1	1008.5	0.00	0.0	52	0.37	56	0.0	0.00	0.0	0.000	0.029	25.7	51	14.8	25.7	9.35	1.1568	0.00	114	1	100.0	5
27/11/19	5:45 a	26.8	26.8	26.7	97	26.3	0.4	ENE	0.13	0.9	ENE	26.8	32.2	32.2	32.6	1008.6	0.00	0.0	64	0.46	67	0.0	0.00	0.0	0.000	0.030	25.6	52	15.0	25.7	9.49	1.1568	0.00	114	1	100.0	5
27/11/19	5:50 a	26.9	26.9	26.8	96	26.2	0.4	ENE	0.13	0.9	ENE	26.9	32.2	32.2	32.7	1008.6	0.00	0.0	74	0.53	77	0.0	0.00	0.0	0.000	0.030	25.5	50	14.3	25.5	9.19	1.1581	0.00	114	1	100.0	5
27/11/19	5:55 a	27.0	27.0	26.9	96	26.3	0.4	ENE	0.13	0.9	ENE	27.0	32.5	32.5	33.0	1008.8	0.00	0.0	75	0.54	77	0.0	0.00	0.0	0.000	0.030	25.4	54	15.4	25.5	9.80	1.1574	0.00	110	1	96.5	5
27/11/19	6:00 a	27.1	27.1	27.0	96	26.4	0.4	ENE	0.13	0.9	ENE	27.1	32.8	32.8	33.6	1008.9	0.00	0.0	90	0.65	93	0.0	0.00	0.0	0.000	0.030	25.3	50	14.1	25.2	9.20	1.1596	0.03	116	1	100.0	5
27/11/19	6:05 a	27.3	27.3	27.1	96	26.6	0.4	ENE	0.13	0.9	ENE	27.3	33.3	33.3	33.9	1009.1	0.00	0.0	85	0.61	86	0.0	0.00	0.0	0.000	0.031	25.2	53	14.9	25.2	9.65	1.1593	0.00	117	1	100.0	5
27/11/19	6:10 a	27.4	27.4	27.2	96	26.7	0.4	ENE	0.13	0.9	ENE	27.4	33.6	33.6	34.3	1009.2	0.00	0.0	89	0.64	91	0.0	0.00	0.0	0.000	0.031	25.2	52	14.6	25.2	9.50	1.1597	0.00	117	1	100.0	5
27/11/19	6:15 a	27.5	27.6	27.4	95	26.6	0.4	ENE	0.13	0.9	ENE	27.5	33.8	33.8	34.5	1009.1	0.00	0.0	90	0.65	91	0.0	0.00	0.0	0.000	0.032	25.1	52	14.5	25.1	9.51	1.1602	0.00	116	1	100.0	5
27/11/19	6:20 a	27.6	27.6	27.6	95	26.7	0.9	E	0.27	1.3	ENE	27.6	34.1	34.1	34.8	1009.2	0.00	0.0	93	0.67	97	0.3	0.01	0.5	0.000	0.032	25.0	53	14.8	25.1	9.65	1.1602	0.00	115	1	100.0	5
27/11/19	6:25 a	27.7	27.7	27.6	95	26.8	0.4	E	0.13	0.9	E	27.7	34.4	34.4	35.3	1009.2	0.00	0.0	102	0.73	105	0.5	0.02	0.5	0.000	0.033	24.9	51	14.1	24.9	9.35	1.1612	0.00	114	1	100.0	5
27/11/19	6:30 a	27.8	27.8	27.7	95	26.9	0.4	E	0.13	0.9	E	27.8	34.6	34.6	35.5	1009.2	0.00	0.0	105	0.75	105	0.6	0.02	0.6	0.000	0.033	24.9	54	14.9	24.9	9.81	1.1605	0.00	113	1	99.1	5
27/11/19	6:35 a	27.9	27.9	27.8	95	27.1	0.4	ENE	0.13	0.9	E	27.9	35.1	35.1	36.2	1009.4	0.00	0.0	114	0.82	128	0.7	0.03	0.7	0.000	0.033	24.8	51	14.0	24.8	9.35	1.1620	0.00	115	1	100.0	5
27/11/19	6:40 a	28.2	28.2	27.9	94	27.1	0.4	ENE	0.13	0.9	ENE	28.2	35.6	35.6	36.9	1009.5	0.00	0.0	137	0.98	141	0.8	0.03	0.8	0.000	0.034	24.8	54	14.9	24.9	9.82	1.1610	0.00	116	1	100.0	5
27/11/19	6:45 a	28.3	28.3	28.1	94	27.3	0.4	ENE	0.13	1.3	ENE	28.3	36.1	36.1	37.7	1009.4	0.00	0.0	153	1.10	172	0.9	0.03	0.9	0.000	0.035	24.8	52	14.3	24.8	9.52	1.1617	0.00	116	1	100.0	5
27/11/19	6:50 a	28.6	28.6	28.3	94	27.5	0.9	ENE	0.27	1.3	ENE	28.6	37.0	37.0	38.9	1009.5	0.00	0.0	177	1.27	179	1.1	0.04	1.2	0.000	0.036	24.7	52	14.2	24.7	9.52	1.1623	0.00	117	1	100.0	5
27/11/19	6:55 a	28.8	28.8	28.6	92	27.4	0.9	ENE	0.27	1.8	ENE	28.8	37.2	37.2	39.2	1009.4	0.00	0.0	183	1.31	195	1.3	0.05	1.3	0.000	0.036	24.7	53	14.5	24.8	9.65	1.1619	0.00	117	1	100.0	5
27/11/19	7:00 a	29.2	29.2	28.8	92	27.7	0.4	ENE	0.13	1.8	ENE	29.2	38.4	38.4	40.8	1009.4	0.00	0.0	211	1.51	225	1.5	0.05	1.6	0.000	0.038	24.7	51	13.9	24.7	9.35	1.1628	0.08	114	1	100.0	5
27/11/19	7:05 a	29.6	29.6	29.2	90	27.8	0.4	NE	0.13	1.3	NNE	29.6	39.4	39.4	42.3	1009.4	0.00	0.0	248	1.78	269	1.7	0.06	1.8	0.000	0.039	24.7	55	15.0	24.8	9.99	1.1614	0.00	115	1	100.0	5
27/11/19	7:10 a	29.7	29.7	29.6	89	27.7	0.4	NE	0.13	1.3	NE	29.7	39.4	39.4	42.8	1009.5	0.00	0.0	279	2.00	290	1.8	0.06	1.9	0.000	0.040	24.6	52	14.1	24.6	9.52	1.1628	0.00	116	1	100.0	5
27/11/19	7:15 a	29.5	29.7	29.5	89	27.5	0.4	NE	0.13	0.9	NE	29.5	38.7	38.7	43.9	1009.5	0.00	0.0	229	1.64	250	1.7	0.06	1.7	0.000	0.039	24.6	55	14.9	24.7	10.00	1.1621	0.00	118	1	100.0	5
27/11/19	7:20 a	29.9	29.9	29.5	88	27.7	0.4	NE	0.13	0.9	NE	29.9	39.9	39.9	45.3	1009.5	0.00	0.0	238	1.71	260	1.8	0.06	1.8	0.000	0.040	24.6	54	14.7	24.7	9.82	1.1621	0.00	116	1	100.0	5
27/11/19	7:25 a	29.9	29.9	29.8	88	27.7	0.4	NE	0.13	0.9	NE	29.9	39.9	39.9	45.1	1009.7	0.00	0.0	238	1.71	248	2.0	0.07	2.1	0.000	0.040	24.6	55	14.9	24.7	10.00	1.1623	0.00	116	1	100.0	5
27/11/19	7:30 a	30.0	30.0	29.9	87	27.6	0.4	NE	0.13	1.3	NE	30.0	39.8	39.8	44.7	1009.7	0.00	0.0	233	1.67	234	2.2	0.08	2.2	0.000	0.041	24.6	55	15.0	24.7	10.00	1.1620	0.00	116	1	100.0	5
27/11/19	7:35 a	30.1	30.1	29.9	86	27.5	0.4	NE	0.13	0.9	NE	30.1	39.9	39.9	44.6	1009.7	0.00	0.0	233	1.67	234	2.3	0.08	2.3	0.000	0.041	24.6	54	14.7	24.7	9.82	1.1624	0.00	113	1	99.1	5
27/11/19	7:40 a	30.2	30.3	30.1	86	27.6	0.0	NE	0.00	0.4	NE	30.2	40.1	40.1	44.7	1009.8	0.00	0.0	234	1.68	236	2.3	0.08	2.3	0.000	0.041	24.6	56	15.2	24.8	10.20	1.1618	0.00	114	1	100.0	5
27/11/19	7:45 a	30.1	30.3	30.1	86	27.5	0.0	NNW	0.00	1.3	NNW	30.1	39.9	39.9	44.4	1009.9	0.00	0.0	238	1.71	239	2.5	0.09	2.5	0.000	0.041	24.6	57	15.5	24.8	10.30	1.1615	0.00	117	1	100.0	5
27/11/19	7:50 a	30.1	30.1	30.1	87	27.7	0.0	NNW	0.00	0.4	NNW	30.1	40.2	40.2	45.0	1009.9	0.00	0.0	241	1.73	243	2.6	0.09	2.6	0.000	0.041	24.6	56	15.2	24.8	10.20	1.1619	0.00	117	1	100.0	5
27/11/19	7:55 a	30.3	30.3	30.1	87	27.9	0.9	NW	0.27	1.8	NW	30.3	40.8	40.8	45.7	1009.9	0.00	0.0	243	1.74	243	2.7	0.10	2.8	0.000	0.041	24.6	55	14.9	24.7	10.00	1.1625	0.00	117	1	100.0	5
27/11/19	8:00 a	30.7	30.7	30.3	87	28.3	0.9	NNE	0.27	1.8	N	30.7	42.2	42.2	47.0	1010.0	0.00	0.0	241	1.73	241	2.8	0.10	2.9	0.000	0.043	24.6	57	15.5	24.8	10.30	1.1616	0.15	116	1	100.0	5
27/11/19	8:05 a	30.7	30.8	30.6	86	28.1	0.9	NNE	0.27	1.8	NNW	30.7	42.1	42.1	46.8	1009.8	0.00	0.0	242	1.73	243	3.0	0.11	3.0	0.000	0.043	24.6	54	14.7	24.7	9.82	1.1625	0.00	113	1	99.1	5
27/11/19	8:10 a	31.0	31.0	30.8	87	28.6	0.9	NNW	0.27	1.8	NNW	31.0	43.4	43.4	48.2	1009.7	0.00	0.0	249	1.78	255	3.1	0.11	3.1	0.000	0.044	24.6	57	15.5	24.7	10.30	1.1615	0.00	113	1	99.1	5
27/11/19	8:15 a	30.8	31.0	30.8	86	28.2	1.3	NNW	0.40	2.7	NNW	30.8	42.4	42.4	47.2	1009.7	0.00	0.0	252	1.81	253	3.2	0.11	3.4	0.000	0.043	24.6	56	15.2	24.8	10.20	1.1617	0.00	113	1	99.1	5
27/11/19	8:20 a	30.9	30.9	30.8	86	28.3	0.9	NNW	0.27	3.6	NNW	30.9	42.7	42.7	47.9	1009.8	0.00	0.0	292	2.09	343	3.8	0.14	3.9	0.000	0.044	24.6	53	14.4	24.7	9.65	1.1628	0.00	117	1	100.0	5
27/11/19	8:25 a	31.2	31.2	30.8	85	28.4	1.3	N	0.40	2.2	NW	31.2	43.5	43.5	50.1	1009.9	0.00	0.0	430	3.08	485	4.2	0.15	4.4	0.000	0.045	24.6	56	15.2	24.8	10.20	1.1619	0.00	110	1	96.5	5
27/11/19	8:30 a	31.6	31.7	31.2	83	28.4	1.3	NNE	0.40	3.1	NNE	31.6	44.2	44.2	52.3	1009.8	0.00	0.0	543	3.89	619	4.7	0.17	5.0	0.000	0.046	24.7	54	14.7	24.7	9.82	1.1622	0.00	116	1	100.0	5
27/11/19	8:35 a	31.8	31.8	31.6	83	28.6	0.9	NNW	0.27	2.7	N	31.8	45.0	45.0	54.1	1009.7	0.00	0.0	617	4.42	659	5.2	0.19	5.4	0.000	0.047	24.6	54	14.6	24.6	9.83	1.1626	0.00	116	1	100.0	5
27/11/19	8:40 a	32.0	32.2	31.8	81	28.3	0.9	NNW	0.27	1.8	N	32.0	44.7	44.7	53.8	1009.7	0.00	0.0	637	4.57	694	5.4	0.19	5.6	0.000	0.047	24.6	56	15.2	24.8	10.20	1.1616	0.00	111	1	97.4	5
27/11/19	8:45 a	32.0	32.1	31.8	81	28.3	0.9	WNW	0.27	1.8	NNE	32.0	44.7	44.7	54.6	1009.6	0.00	0.0	708	5.07	731	5.7	0.20	6.2	0.000	0.047	24.7	53	14.4	24.7	9.65	1.1623	0.00	109	1	95.6	5
27/11/19	8:50 a	31.9	32.1	31.8	81	28.2	1.3	NW	0.40	2.7	NNW	31.9	44.3	44.3	52.6	1009.6	0.00	0.0	622	4.46	854	5.1	0.18	6.2	0.000	0.047	24.7	53	14.4	24.7	9.65	1.1624	0.00	114	1	100.0	5
27/11/19	8:55 a	32.0	32.2	31.9	82	28.5	1.3	WNW	0.40	3.6	NNW	32.0	45.2	45.2	51.8	1009.5	0.00	0.0	521	3.73	784	4.6	0.16	5.3	0.000	0.047	24.7	55	15.0	24.8	9.99	1.1615	0.00	117	1	100.0	5
27/11/19	9:00 a	31.6	32.0	31.6	84	28.6	1.8	WNW	0.54	4.0	WNW	31.6	44.6	44.6	49.2	1009.5	0.00	0.0	295	2.11	315	3.6	0.13	3.9	0.000	0.046	24.7	52	14.2	24.7	9.52	1.1626	0.30	113	1	99.1	5
27/11/19	9:05 a	31.1	31.6	31.1	85	28.3	1.8	WNW	0.54	4.0	WNW	31.1	43.1	43.1	47.0	1009.5	0.00	0.0	256	1.83	325	3.7	0.13	4.0	0.000	0.044	24.7	53	14.4	24.7	9.65	1.1622	0.00	114	1	100.0	5
27/11/19	9:10 a	30.9	31.1	30.9	85	28.1	1.3	WNW	0.40	3.1	WNW	30.9	42.4	42.4	46.0	1009.4	0.00	0.0	233	1.67	237	3.2	0.11	3.3	0.000	0.044	24.7	55	15.0	24.8	9.99	1.1614	0.00	114	1	100.0	5
27/11/19	9:15 a	30.8	30.9	30.8	86	28.2	1.8	NW	0.54	3.6	NW	30.8	42.4	42.4	46.1	1009.4	0.00	0.0	238	1.71	264	3.2	0.11	3.4	0.000	0.043	24.8	53	14.6	24.9	9.65	1.1613	0.00	115	1	100.0	5
27/11/19	9:20 a	30.9	30.9	30.8	86	28.3	0.9	NW	0.27	2.7	WNW	30.9	42.8	42.8	46.7	1009.5	0.00	0.0	259	1.86	315	3.9	0.14	4.5	0.000	0.044	24.9	55	15.3	25.1	9.97	1.1600	0.00	115	1	100.0	5
27/11/19	9:25 a	31.6	31.6	30.9	84	28.6	0.9	NW	0.27	1.8	NNW	31.6	44.6	44.6	50.1	1009.5	0.00	0.0	398	2.85	413	5.3	0.19	7.0	0.000	0.046	25.1	54	15.1	25.2	9.81	1.1598	0.00	113	1	99.1	5
27/11/19	9:30 a	31.7	31.7	31.5	84	28.7	1.3	WNW	0.40	3.6	WSW	31.7	44.9	44.9	51.8	1009.2	0.00	0.0	612	4.39	958	5.6	0.20	6.9	0.000	0.046	25.1	53	14.9	25.2	9.65	1.1596	0.00	115	1	100.0	5
27/11/19	9:35 a	32.2	32.2	31.7	84	29.2	1.8	WNW	0.54	3.6	NW	32.2	46.9	46.9	57.3	1009.1	0.00	0.0	976	7.00	988	7.4	0.26	7.6	0.000	0.048	25.2	52	14.6	25.2	9.50	1.1596	0.00	115	1	100.0	5
27/11/19	9:40 a	32.0	32.3	32.0	83	28.7	1.8	NW	0.54	4.0	NW	32.0	45.6	45.6	51.6	1009.0	0.00	0.0	462	3.31	462	5.6	0.20	6.4	0.000	0.047	25.2	52	14.6	25.2	9.50	1.1596	0.00	114	1	100.0	5
27/11/19	9:45 a	31.5	32.0	31.5	85	28.7	1.8	WNW	0.54	4.0	WNW	31.5	44.6	44.6	49.2	1008.9	0.00	0.0	338	2.42	345	5.2	0.19	7.2	0.000	0.046	25.3	54	15.3	25.4	9.80	1.1580	0.00	115	1	100.0	5
27/11/19	9:50 a	31.8	31.8	31.4	86	29.1	1.8	WNW	0.54	4.0	W	31.8	46.1	46.1	52.7	1008.9	0.00	0.0	561	4.02	958	6.6	0.24	8.7	0.000	0.047	25.2	53	15.0	25.3	9.65	1.1587	0.00	113	1	99.1	5
27/11/19	9:55 a	32.3	32.3	31.8	82	28.9	2.7	WNW	0.80	4.5	WNW	32.3	46.4	46.4	55.3	1008.7	0.00	0.0	917	6.57	932	8.5	0.30	8.9	0.000	0.049	25.2	52	14.7	25.3	9.50	1.1589	0.00	114	1	100.0	5
27/11/19	10:00 a	32.8	32.8	32.3	81	29.1	1.8	WNW	0.54	3.6	WNW	32.8	47.7	47.7	54.9	1008.6	0.00	0.0	775	5.55	953	7.7	0.28	8.9	0.000	0.050	25.2	51	14.3	25.2	9.35	1.1595	0.38	112	1	98.2	5
27/11/19	10:05 a	32.3	32.7	32.2	83	29.1	1.3	NW	0.40	3.1	NW	32.3	46.9	46.9	52.1	1008.6	0.00	0.0	409	2.93	673	6.2	0.22	7.5	0.000	0.049	25.2	51	14.3	25.2	9.35	1.1594	0.00	115	1	100.0	5
27/11/19	10:10 a	32.2	32.3	32.1	83	29.0	1.8	NW	0.54	3.6	NW	32.2	46.4	46.4	50.7	1008.6	0.00	0.0	329	2.36	332	7.3	0.26	9.2	0.000	0.048	25.1	50	14.0	25.1	9.21	1.1600	0.00	113	1	99.1	5
27/11/19	10:15 a	32.7	32.7	32.2	80	28.8	2.2	NW	0.67	4.0	WNW	32.7	46.9	46.9	55.8	1008.5	0.00	0.0	990	7.10	990	8.5	0.30	9.5	0.000	0.050	25.1	54	15.1	25.2	9.81	1.1584	0.00	116	1	100.0	5
27/11/19	10:20 a	32.6	32.7	32.6	80	28.7	2.2	NW	0.67	4.9	NW	32.6	46.6	46.6	53.3	1008.5	0.00	0.0	614	4.40	791	8.0	0.29	8.7	0.000	0.050	25.2	53	14.9	25.2	9.65	1.1586	0.00	116	1	100.0	5
27/11/19	10:25 a	32.5	32.7	32.5	80	28.6	2.2	NNW	0.67	4.9	NW	32.5	46.2	46.2	52.0	1008.5	0.00	0.0	494	3.54	517	7.6	0.27	8.4	0.000	0.049	25.2	50	14.1	25.2	9.20	1.1593	0.00	116	1	100.0	5
27/11/19	10:30 a	32.2	32.5	32.2	80	28.3	1.8	NW	0.54	3.1	WNW	32.2	45.1	45.1	49.3	1008.6	0.00	0.0	337	2.42	341	6.1	0.22	6.9	0.000	0.048	25.2	52	14.7	25.3	9.50	1.1587	0.00	115	1	100.0	5
27/11/19	10:35 a	32.6	32.6	32.2	81	28.9	1.3	NW	0.40	2.7	NW	32.6	46.8	46.8	53.9	1008.4	0.00	0.0	736	5.28	925	8.5	0.30	9.5	0.000	0.049	25.3	52	14.7	25.3	9.50	1.1582	0.00	113	1	99.1	5
27/11/19	10:40 a	33.0	33.1	32.6	80	29.1	2.2	NNW	0.67	4.5	NNW	33.0	48.1	48.1	55.6	1008.2	0.00	0.0	918	6.58	953	8.8	0.31	9.7	0.000	0.051	25.3	49	13.8	25.2	9.00	1.1591	0.00	114	1	100.0	5
27/11/19	10:45 a	32.9	33.1	32.9	79	28.8	1.8	NW	0.54	4.0	NW	32.9	47.3	47.3	54.4	1008.3	0.00	0.0	771	5.53	881	8.3	0.30	8.9	0.000	0.051	25.3	51	14.4	25.3	9.35	1.1585	0.00	115	1	100.0	5
27/11/19	10:50 a	32.8	33.2	32.8	80	28.9	2.2	NW	0.67	4.5	NW	32.8	47.4	47.4	54.6	1008.1	0.00	0.0	723	5.18	786	8.5	0.30	9.0	0.000	0.050	25.3	52	14.8	25.4	9.50	1.1576	0.00	113	1	99.1	5
27/11/19	10:55 a	32.9	33.0	32.8	80	29.0	1.8	NW	0.54	4.0	WNW	32.9	47.6	47.6	54.8	1008.2	0.00	0.0	770	5.52	789	8.3	0.30	8.7	0.000	0.051	25.3	50	14.1	25.2	9.20	1.1588	0.00	117	1	100.0	5
27/11/19	11:00 a	32.4	32.8	32.4	82	29.0	2.2	W	0.67	4.9	W	32.4	46.9	46.9	53.8	1008.0	0.00	0.0	659	4.72	659	7.6	0.27	8.6	0.000	0.049	25.3	50	14.2	25.3	9.20	1.1583	0.48	115	1	100.0	5
27/11/19	11:05 a	33.1	33.1	32.4	79	28.9	1.8	NW	0.54	4.5	W	33.1	47.8	47.8	54.4	1007.8	0.00	0.0	861	6.17	882	8.9	0.32	9.0	0.000	0.051	25.3	49	13.8	25.2	9.00	1.1587	0.00	116	1	100.0	5
27/11/19	11:10 a	33.0	33.2	33.0	77	28.4	1.8	NW	0.54	4.0	WNW	33.0	46.6	46.6	53.1	1007.7	0.00	0.0	860	6.16	860	8.4	0.30	9.0	0.000	0.051	25.3	49	13.8	25.2	9.00	1.1585	0.00	112	1	98.2	5
27/11/19	11:15 a	32.8	32.9	32.8	79	28.7	1.8	NW	0.54	3.1	NNE	32.8	46.7	46.7	53.9	1007.7	0.00	0.0	753	5.40	756	8.1	0.29	8.4	0.000	0.050	25.3	48	13.5	25.1	8.90	1.1589	0.00	111	1	97.4	5
27/11/19	11:20 a	32.9	32.9	32.7	78	28.6	2.2	NNE	0.67	4.5	NE	32.9	46.9	46.9	51.9	1007.6	0.00	0.0	420	3.01	420	7.5	0.27	8.2	0.000	0.051	25.3	48	13.5	25.1	8.90	1.1588	0.00	117	1	100.0	5
27/11/19	11:25 a	32.9	33.1	32.9	79	28.8	1.8	WNW	0.54	3.6	W	32.9	47.1	47.1	54.3	1007.6	0.00	0.0	775	5.55	793	8.3	0.30	8.5	0.000	0.051	25.3	50	14.1	25.2	9.20	1.1580	0.00	114	1	100.0	5
27/11/19	11:30 a	33.3	33.3	32.8	79	29.2	1.8	NNW	0.54	4.0	NW	33.3	48.8	48.8	56.1	1007.7	0.00	0.0	766	5.49	800	8.4	0.30	8.5	0.000	0.052	25.3	50	14.2	25.3	9.20	1.1579	0.00	116	1	100.0	5
27/11/19	11:35 a	33.3	33.3	33.2	77	28.7	1.8	N	0.54	3.6	N	33.3	47.6	47.6	54.7	1007.7	0.00	0.0	708	5.07	737	8.0	0.29	8.1	0.000	0.052	25.4	48	13.6	25.2	8.90	1.1584	0.00	115	1	100.0	5
27/11/19	11:40 a	33.1	33.3	33.1	77	28.5	1.3	NW	0.40	3.1	WNW	33.1	47.0	47.0	53.9	1007.6	0.00	0.0	689	4.94	724	7.7	0.28	7.9	0.000	0.051	25.4	47	13.3	25.2	8.70	1.1586	0.00	117	1	100.0	5
27/11/19	11:45 a	33.0	33.2	33.0	78	28.6	1.8	NW	0.54	3.6	W	33.0	47.1	47.1	53.6	1007.5	0.00	0.0	609	4.37	636	7.2	0.26	7.4	0.000	0.051	25.4	46	12.9	25.1	8.50	1.1589	0.00	116	1	100.0	5
27/11/19	11:50 a	33.1	33.2	33.0	77	28.5	1.3	NNW	0.40	2.7	NNW	33.1	47.0	47.0	53.6	1007.6	0.00	0.0	612	4.39	708	7.0	0.25	7.3	0.000	0.051	25.4	49	13.9	25.3	8.99	1.1576	0.00	113	1	99.1	5
27/11/19	11:55 a	33.2	33.2	33.1	76	28.4	2.2	NNW	0.67	4.5	NNW	33.2	46.7	46.7	53.8	1007.6	0.00	0.0	704	5.05	747	7.5	0.27	7.7	0.000	0.052	25.5	47	13.4	25.3	8.69	1.1580	0.00	115	1	100.0	5
27/11/19	12:00 p	33.3	33.3	33.2	76	28.5	1.8	NNW	0.54	3.6	NW	33.3	47.3	47.3	53.2	1007.5	0.00	0.0	514	3.68	570	6.5	0.23	6.8	0.000	0.052	25.4	47	13.3	25.2	8.69	1.1583	0.48	115	1	100.0	5
27/11/19	12:05 p	33.1	33.3	33.1	77	28.5	2.2	N	0.67	4.0	N	33.1	47.0	47.0	53.9	1007.4	0.00	0.0	670	4.80	708	7.3	0.26	7.5	0.000	0.051	25.4	46	13.0	25.2	8.49	1.1585	0.00	117	1	100.0	5
27/11/19	12:10 p	33.2	33.2	33.1	77	28.6	2.2	N	0.67	4.0	N	33.2	47.2	47.2	54.4	1007.5	0.00	0.0	738	5.29	766	7.7	0.28	7.8	0.000	0.052	25.4	48	13.6	25.2	8.90	1.1581	0.00	116	1	100.0	5
27/11/19	12:15 p	33.0	33.2	33.0	75	28.0	1.3	NW	0.40	2.2	NW	33.0	45.7	45.7	52.3	1007.1	0.00	0.0	637	4.57	687	7.0	0.25	7.4	0.000	0.051	25.4	52	14.8	25.4	9.50	1.1562	0.00	117	1	100.0	5
27/11/19	12:20 p	33.0	33.1	32.9	77	28.4	1.8	NW	0.54	3.6	NNE	33.0	46.6	46.6	52.7	1006.9	0.00	0.0	542	3.88	548	6.4	0.23	6.5	0.000	0.051	25.4	54	15.5	25.6	9.79	1.1549	0.00	114	1	100.0	5
27/11/19	12:25 p	33.2	33.3	33.0	77	28.6	1.3	NNW	0.40	3.6	NNE	33.2	47.4	47.4	53.7	1006.7	0.00	0.0	573	4.11	610	6.4	0.23	6.5	0.000	0.052	25.4	54	15.5	25.6	9.79	1.1547	0.00	113	1	99.1	5
27/11/19	12:30 p	33.5	33.5	33.2	75	28.5	1.8	NNW	0.54	3.1	NNE	33.5	47.4	47.4	53.5	1006.7	0.00	0.0	541	3.88	554	6.1	0.22	6.3	0.000	0.053	25.5	57	16.4	25.7	10.23	1.1533	0.00	113	1	99.1	5
27/11/19	12:35 p	33.4	33.5	33.3	75	28.4	1.3	NW	0.40	4.0	WNW	33.4	47.2	47.2	53.3	1006.6	0.00	0.0	544	3.90	555	6.0	0.21	6.1	0.000	0.052	25.6	55	15.8	25.7	9.93	1.1536	0.00	114	1	100.0	5
27/11/19	12:40 p	32.9	33.4	32.9	76	28.1	1.8	WNW	0.54	4.5	WNW	32.9	45.9	45.9	52.2	1006.5	0.00	0.0	570	4.09	577	6.0	0.21	6.1	0.000	0.051	25.6	58	16.7	25.9	10.43	1.1521	0.00	115	1	100.0	5
27/11/19	12:45 p	33.3	33.3	32.9	75	28.3	1.8	NNW	0.54	4.0	N	33.3	46.8	46.8	53.3	1006.5	0.00	0.0	601	4.31	635	6.0	0.21	6.1	0.000	0.052	25.7	54	15.7	25.8	9.79	1.1533	0.00	116	1	100.0	5
27/11/19	12:50 p	33.6	33.6	33.3	75	28.5	1.3	NNW	0.40	2.7	NW	33.6	47.7	47.7	54.6	1006.5	0.00	0.0	669	4.80	689	6.1	0.22	6.3	0.000	0.053	25.7	59	17.1	26.1	10.62	1.1513	0.00	115	1	100.0	5
27/11/19	12:55 p	33.4	33.5	33.4	75	28.3	1.3	NW	0.40	2.7	W	33.4	47.1	47.1	53.5	1006.3	0.00	0.0	600	4.30	638	5.7	0.20	5.9	0.000	0.052	25.8	55	16.1	26.0	9.91	1.1521	0.00	116	1	100.0	5
27/11/19	1:00 p	33.3	33.3	33.1	74	28.0	1.3	NW	0.40	2.2	NW	33.3	46.2	46.2	53.3	1006.3	0.00	0.0	763	5.47	793	6.4	0.23	6.5	0.000	0.052	25.8	59	17.2	26.2	10.61	1.1506	0.46	113	1	99.1	5
27/11/19	1:05 p	33.6	33.6	33.3	75	28.5	1.8	NW	0.54	3.6	WNW	33.6	47.7	47.7	54.8	1006.2	0.00	0.0	733	5.25	772	6.2	0.22	6.4	0.000	0.053	25.9	56	16.4	26.2	10.11	1.1510	0.00	113	1	99.1	5
27/11/19	1:10 p	33.5	33.6	33.4	73	28.0	1.8	W	0.54	3.6	NNW	33.5	46.5	46.5	53.5	1006.2	0.00	0.0	699	5.01	729	5.8	0.21	6.0	0.000	0.053	25.9	57	16.7	26.2	10.21	1.1507	0.00	113	1	99.1	5
27/11/19	1:15 p	33.2	33.5	33.2	74	27.9	1.3	WNW	0.40	2.7	WNW	33.2	45.8	45.8	52.6	1006.3	0.00	0.0	660	4.73	675	5.1	0.18	5.7	0.000	0.052	25.9	58	17.0	26.3	10.40	1.1501	0.00	117	1	100.0	5
27/11/19	1:20 p	32.9	33.2	32.9	75	27.9	1.3	NW	0.40	3.1	WNW	32.9	45.5	45.5	49.9	1006.4	0.00	0.0	368	2.64	733	4.1	0.15	5.0	0.000	0.051	26.0	56	16.5	26.3	10.10	1.1507	0.00	115	1	100.0	5
27/11/19	1:25 p	33.1	33.1	32.9	75	28.0	1.8	WNW	0.54	3.6	WNW	33.1	45.9	45.9	50.8	1006.5	0.00	0.0	414	2.97	452	3.8	0.14	4.7	0.000	0.051	26.0	59	17.4	26.4	10.60	1.1496	0.00	111	1	97.4	5
27/11/19	1:30 p	32.9	33.1	32.9	75	27.9	1.8	NW	0.54	3.6	WNW	32.9	45.3	45.3	49.2	1006.3	0.00	0.0	316	2.26	339	3.4	0.12	3.5	0.000	0.051	26.1	55	16.3	26.3	9.89	1.1506	0.00	117	1	100.0	5
27/11/19	1:35 p	32.9	32.9	32.8	75	27.9	1.3	NNW	0.40	3.1	WNW	32.9	45.3	45.3	50.7	1006.2	0.00	0.0	465	3.33	642	4.0	0.14	4.2	0.000	0.051	26.1	58	17.1	26.4	10.39	1.1494	0.00	117	1	100.0	5
27/11/19	1:40 p	33.3	33.3	32.9	76	28.5	1.3	NNW	0.40	3.1	WNW	33.3	47.3	47.3	54.3	1006.2	0.00	0.0	681	4.88	696	4.5	0.16	4.6	0.000	0.052	26.1	57	16.9	26.5	10.19	1.1495	0.00	116	1	100.0	5
27/11/19	1:45 p	33.3	33.6	33.3	74	28.1	1.3	NW	0.40	3.6	NNW	33.3	46.4	46.4	51.6	1006.4	0.00	0.0	441	3.16	629	3.2	0.11	4.1	0.000	0.052	26.2	54	16.1	26.4	9.77	1.1506	0.00	115	1	100.0	5
27/11/19	1:50 p	32.8	33.3	32.7	76	28.0	1.3	NW	0.40	3.1	WNW	32.8	45.3	45.3	49.1	1006.3	0.00	0.0	301	2.16	332	2.5	0.09	2.6	0.000	0.050	26.2	60	17.8	26.7	10.79	1.1481	0.00	113	1	99.1	5
27/11/19	1:55 p	32.8	32.8	32.7	79	28.7	1.3	NNW	0.40	2.7	NNW	32.8	46.7	46.7	51.1	1006.2	0.00	0.0	356	2.55	376	2.8	0.10	2.9	0.000	0.050	26.2	55	16.5	26.5	9.88	1.1497	0.00	116	1	100.0	5
27/11/19	2:00 p	32.1	32.7	32.1	82	28.6	1.3	NW	0.40	2.2	NW	32.1	45.6	45.6	50.1	1006.1	0.00	0.0	360	2.58	441	3.0	0.11	3.1	0.000	0.048	26.2	58	17.3	26.6	10.39	1.1487	0.36	114	1	100.0	5
27/11/19	2:05 p	31.9	32.1	31.9	83	28.7	0.9	NNW	0.27	1.8	NNW	31.9	45.4	45.4	49.9	1006.0	0.00	0.0	369	2.64	406	2.8	0.10	3.0	0.000	0.047	26.3	59	17.6	26.8	10.58	1.1476	0.00	112	1	98.2	5
27/11/19	2:10 p	31.9	31.9	31.8	81	28.2	0.9	NW	0.27	2.2	NNE	31.9	44.3	44.3	48.1	1006.1	0.00	0.0	291	2.09	352	2.4	0.09	2.6	0.000	0.047	26.3	57	17.1	26.8	10.17	1.1483	0.00	115	1	100.0	5
27/11/19	2:15 p	31.9	31.9	31.8	80	28.0	1.3	N	0.40	1.8	NW	31.9	43.9	43.9	48.6	1006.3	0.00	0.0	377	2.70	473	2.2	0.08	2.4	0.000	0.047	26.3	58	17.4	26.8	10.37	1.1480	0.00	116	1	100.0	5
27/11/19	2:20 p	32.3	32.3	31.9	79	28.2	1.3	N	0.40	2.2	NW	32.3	44.9	44.9	50.6	1006.3	0.00	0.0	481	3.45	524	2.6	0.09	2.6	0.000	0.048	26.3	55	16.6	26.7	9.87	1.1492	0.00	113	1	99.1	5
27/11/19	2:25 p	32.4	32.4	32.2	79	28.3	0.9	NNW	0.27	2.2	WNW	32.4	45.3	45.3	51.1	1006.3	0.00	0.0	479	3.43	520	2.5	0.09	2.6	0.000	0.049	26.4	60	18.0	27.0	10.77	1.1470	0.00	106	1	93.0	5
27/11/19	2:30 p	32.6	32.6	32.4	76	27.8	0.9	NNW	0.27	2.2	NNW	32.6	44.8	44.8	50.2	1006.1	0.00	0.0	439	3.15	471	2.1	0.07	2.3	0.000	0.050	26.4	55	16.7	26.8	9.87	1.1485	0.00	111	1	97.4	5
27/11/19	2:35 p	32.8	32.8	32.6	77	28.2	1.8	NNE	0.54	3.1	NNE	32.8	45.8	45.8	51.4	1006.4	0.00	0.0	456	3.27	464	1.8	0.06	1.9	0.000	0.050	26.4	62	18.5	27.2	11.16	1.1463	0.00	106	1	93.0	5
27/11/19	2:40 p	32.7	32.9	32.7	78	28.4	1.3	N	0.40	3.6	NNE	32.7	46.1	46.1	50.4	1006.5	0.00	0.0	328	2.35	434	1.4	0.05	1.6	0.000	0.050	26.5	56	17.0	26.9	10.06	1.1482	0.00	109	1	95.6	5
27/11/19	2:45 p	32.3	32.7	32.3	79	28.2	1.3	NNE	0.40	2.7	NNE	32.3	45.1	45.1	47.1	1006.5	0.00	0.0	154	1.10	158	1.0	0.04	1.1	0.000	0.049	26.4	56	16.9	26.8	10.07	1.1488	0.00	114	1	100.0	5
27/11/19	2:50 p	32.1	32.4	32.1	80	28.2	1.8	NNE	0.54	3.6	NNE	32.1	44.5	44.5	46.3	1006.3	0.00	0.0	137	0.98	142	0.9	0.03	0.9	0.000	0.048	26.4	58	17.5	26.9	10.37	1.1475	0.00	115	1	100.0	5
27/11/19	2:55 p	31.5	32.0	31.5	82	28.1	2.2	NNE	0.67	4.0	N	31.5	43.3	43.3	44.8	1006.3	0.00	0.0	119	0.85	128	0.7	0.03	0.8	0.000	0.046	26.4	56	17.0	26.8	10.07	1.1483	0.00	117	1	100.0	5
27/11/19	3:00 p	30.9	31.5	30.9	81	27.3	2.7	NNE	0.80	4.9	NNE	30.9	41.1	41.1	42.3	1006.4	0.00	0.0	99	0.71	100	0.6	0.02	0.6	0.000	0.044	26.4	57	17.2	26.9	10.17	1.1480	0.23	114	1	100.0	5
27/11/19	3:05 p	30.5	30.9	30.5	81	26.9	2.2	NNE	0.67	4.5	NNE	30.5	39.6	39.6	40.8	1006.5	0.00	0.0	95	0.68	97	0.6	0.02	0.6	0.000	0.042	26.4	55	16.6	26.7	9.87	1.1492	0.00	115	1	100.0	5
27/11/19	3:10 p	30.2	30.6	30.2	80	26.4	2.7	NNE	0.80	4.9	NNW	30.2	38.4	38.4	39.6	1006.3	0.00	0.0	95	0.68	97	0.6	0.02	0.6	0.000	0.041	26.3	54	16.3	26.6	9.76	1.1497	0.00	116	1	100.0	5
27/11/19	3:15 p	30.1	30.2	30.1	80	26.3	1.3	NNE	0.40	3.1	NNE	30.1	38.1	38.1	39.2	1006.2	0.00	0.0	96	0.69	97	0.6	0.02	0.6	0.000	0.041	26.2	52	15.6	26.3	9.47	1.1509	0.00	116	1	100.0	5
27/11/19	3:20 p	30.1	30.2	30.1	80	26.3	0.9	NNE	0.27	1.8	NNE	30.1	38.1	38.1	39.1	1006.3	0.00	0.0	84	0.60	91	0.5	0.02	0.5	0.000	0.041	26.2	54	16.1	26.4	9.77	1.1505	0.00	116	1	100.0	5
27/11/19	3:25 p	30.1	30.1	30.1	81	26.4	0.9	NNE	0.27	1.8	NE	30.1	38.2	38.2	39.1	1006.1	0.00	0.0	72	0.52	77	0.2	0.01	0.5	0.000	0.041	26.2	52	15.5	26.3	9.47	1.1511	0.00	117	1	100.0	5
27/11/19	3:30 p	29.9	30.1	29.9	79	25.8	1.8	NNE	0.54	3.6	ENE	29.9	37.2	37.2	37.7	1006.4	0.00	0.0	57	0.41	65	0.0	0.00	0.0	0.000	0.040	26.1	54	16.1	26.3	9.77	1.1509	0.00	116	1	100.0	5
27/11/19	3:35 p	29.5	29.9	29.5	80	25.7	0.9	NNE	0.27	2.2	N	29.5	36.3	36.3	36.7	1006.5	0.00	0.0	41	0.29	46	0.0	0.00	0.0	0.000	0.039	26.1	51	15.2	26.2	9.35	1.1522	0.00	114	1	100.0	5
27/11/19	3:40 p	29.3	29.5	29.3	81	25.7	0.9	N	0.27	1.8	N	29.3	36.1	36.1	36.2	1006.6	0.00	0.0	30	0.22	35	0.0	0.00	0.0	0.000	0.038	26.1	53	15.7	26.2	9.65	1.1518	0.00	113	1	99.1	5
27/11/19	3:45 p	29.5	29.5	29.3	80	25.7	0.4	NNE	0.13	1.3	NNE	29.5	36.3	36.3	36.4	1006.4	0.00	0.0	25	0.18	25	0.0	0.00	0.0	0.000	0.039	26.1	51	15.1	26.1	9.35	1.1524	0.00	114	1	100.0	5
27/11/19	3:50 p	29.8	29.8	29.5	79	25.7	0.0	NNE	0.00	0.4	NNE	29.8	36.8	36.8	36.9	1006.5	0.00	0.0	25	0.18	26	0.0	0.00	0.0	0.000	0.040	26.0	52	15.4	26.1	9.47	1.1523	0.00	114	1	100.0	5
27/11/19	3:55 p	29.8	29.8	29.7	80	26.0	0.4	S	0.13	1.3	NNE	29.8	37.1	37.1	37.2	1006.4	0.00	0.0	26	0.19	26	0.0	0.00	0.0	0.000	0.040	26.0	51	15.1	26.1	9.35	1.1527	0.00	112	1	98.2	5
27/11/19	4:00 p	29.4	29.8	29.4	82	26.0	0.4	SSW	0.13	1.3	WSW	29.4	36.7	36.7	36.8	1006.6	0.00	0.0	26	0.19	26	0.0	0.00	0.0	0.000	0.039	25.9	53	15.6	26.1	9.65	1.1524	0.05	114	1	100.0	5
27/11/19	4:05 p	29.2	29.4	29.2	82	25.8	0.4	SSW	0.13	1.3	SSW	29.2	36.1	36.1	36.1	1006.6	0.00	0.0	24	0.17	25	0.0	0.00	0.0	0.000	0.038	25.9	51	15.0	26.0	9.35	1.1532	0.00	110	1	96.5	5
27/11/19	4:10 p	29.3	29.3	29.2	82	25.9	0.0	SSW	0.00	0.9	SSW	29.3	36.3	36.3	36.3	1006.6	0.00	0.0	17	0.12	19	0.0	0.00	0.0	0.000	0.038	25.9	53	15.6	26.1	9.65	1.1524	0.00	109	1	95.6	5
27/11/19	4:15 p	29.4	29.4	29.3	82	26.0	0.0	E	0.00	1.3	E	29.4	36.5	36.5	36.3	1006.7	0.00	0.0	9	0.06	11	0.0	0.00	0.0	0.000	0.038	25.9	51	15.0	25.9	9.35	1.1536	0.00	114	1	100.0	5
27/11/19	4:20 p	29.1	29.4	29.1	85	26.3	0.9	E	0.27	1.8	E	29.1	36.4	36.4	36.2	1006.8	0.00	0.0	8	0.06	9	0.0	0.00	0.0	0.000	0.037	25.8	54	15.8	26.0	9.78	1.1528	0.00	116	1	100.0	5
27/11/19	4:25 p	29.0	29.1	28.9	86	26.4	0.4	E	0.13	0.9	E	29.0	36.3	36.3	36.1	1007.0	0.00	0.0	5	0.04	5	0.0	0.00	0.0	0.000	0.037	25.8	53	15.5	25.9	9.65	1.1535	0.00	115	1	100.0	5
27/11/19	4:30 p	28.9	29.0	28.9	86	26.3	0.4	E	0.13	0.9	E	28.9	36.0	36.0	35.7	1007.0	0.00	0.0	5	0.04	5	0.0	0.00	0.0	0.000	0.037	25.8	53	15.5	25.9	9.65	1.1534	0.00	114	1	100.0	5
27/11/19	4:35 p	28.7	28.9	28.7	85	25.9	0.9	E	0.27	1.3	E	28.7	35.1	35.1	34.7	1007.1	0.00	0.0	1	0.01	5	0.0	0.00	0.0	0.000	0.036	25.8	53	15.5	25.9	9.65	1.1535	0.00	110	1	96.5	5
27/11/19	4:40 p	28.4	28.7	28.4	86	25.8	0.4	E	0.13	1.3	E	28.4	34.5	34.5	34.1	1007.1	0.00	0.0	0	0.00	0	0.0	0.00	0.0	0.000	0.035	25.8	54	15.8	25.9	9.78	1.1534	0.00	111	1	97.4	5
27/11/19	4:45 p	28.5	28.5	28.4	86	25.9	0.4	S	0.13	1.3	SE	28.5	34.8	34.8	34.4	1007.1	0.00	0.0	0	0.00	0	0.0	0.00	0.0	0.000	0.035	25.8	52	15.2	25.9	9.48	1.1542	0.00	108	1	94.7	5
27/11/19	4:50 p	28.4	28.5	28.4	87	26.0	0.4	SSE	0.13	0.9	SSE	28.4	34.7	34.7	34.3	1007.0	0.00	0.0	0	0.00	0	0.0	0.00	0.0	0.000	0.035	25.7	56	16.3	25.9	10.12	1.1528	0.00	108	1	94.7	5
27/11/19	4:55 p	28.3	28.4	28.3	87	25.9	0.4	SSE	0.13	1.8	SSE	28.3	34.4	34.4	34.0	1007.0	0.00	0.0	0	0.00	0	0.0	0.00	0.0	0.000	0.035	25.7	52	15.1	25.8	9.48	1.1543	0.00	114	1	100.0	5
27/11/19	5:00 p	28.2	28.3	28.2	87	25.9	0.4	SSE	0.13	0.9	SSE	28.2	34.2	34.2	33.8	1007.4	0.00	0.0	0	0.00	0	0.0	0.00	0.0	0.000	0.034	25.7	55	15.9	25.8	9.92	1.1540	0.00	113	1	99.1	5
27/11/19	5:05 p	28.3	28.3	28.2	88	26.1	0.0	SSE	0.00	0.4	SSE	28.3	34.6	34.6	34.2	1007.6	0.00	0.0	0	0.00	0	0.0	0.00	0.0	0.000	0.035	25.7	51	14.8	25.7	9.35	1.1557	0.00	114	1	100.0	5
27/11/19	5:10 p	28.3	28.3	28.2	86	25.8	0.0	SSE	0.00	0.9	SSE	28.3	34.3	34.3	33.9	1007.8	0.00	0.0	0	0.00	0	0.0	0.00	0.0	0.000	0.035	25.5	54	15.5	25.6	9.79	1.1556	0.00	114	1	100.0	5
27/11/19	5:15 p	28.4	28.4	28.3	86	25.8	0.0	SSE	0.00	0.4	SSE	28.4	34.5	34.5	34.1	1007.8	0.00	0.0	0	0.00	0	0.0	0.00	0.0	0.000	0.035	25.4	51	14.5	25.4	9.35	1.1573	0.00	114	1	100.0	5
27/11/19	5:20 p	28.3	28.4	28.2	87	25.9	0.4	SSE	0.13	0.9	SSE	28.3	34.4	34.4	34.0	1008.0	0.00	0.0	0	0.00	0	0.0	0.00	0.0	0.000	0.035	25.3	56	15.9	25.4	10.15	1.1562	0.00	113	1	99.1	5
27/11/19	5:25 p	28.3	28.3	28.2	87	26.0	0.4	SSE	0.13	0.9	SSE	28.3	34.6	34.6	34.2	1007.9	0.00	0.0	0	0.00	0	0.0	0.00	0.0	0.000	0.035	25.2	52	14.6	25.2	9.50	1.1582	0.00	115	1	100.0	5
27/11/19	5:30 p	28.3	28.4	28.3	86	25.8	0.4	ENE	0.13	0.9	ENE	28.3	34.3	34.3	33.8	1008.0	0.00	0.0	0	0.00	0	0.0	0.00	0.0	0.000	0.035	25.1	52	14.6	25.1	9.51	1.1586	0.00	116	1	100.0	5
27/11/19	5:35 p	28.1	28.3	28.1	87	25.7	0.4	ENE	0.13	0.9	ENE	28.1	33.9	33.9	33.4	1008.0	0.00	0.0	0	0.00	0	0.0	0.00	0.0	0.000	0.034	25.2	53	14.9	25.2	9.65	1.1580	0.00	116	1	100.0	5
27/11/19	5:40 p	28.2	28.2	28.1	87	25.9	0.0	ENE	0.00	0.9	ENE	28.2	34.2	34.2	33.7	1008.0	0.00	0.0	0	0.00	0	0.0	0.00	0.0	0.000	0.034	25.3	54	15.3	25.4	9.80	1.1571	0.00	115	1	100.0	5
27/11/19	5:45 p	28.2	28.2	28.2	87	25.9	0.9	ENE	0.27	1.3	ENE	28.2	34.2	34.2	33.7	1008.2	0.00	0.0	0	0.00	0	0.0	0.00	0.0	0.000	0.034	25.4	55	15.7	25.6	9.94	1.1560	0.00	116	1	100.0	5
27/11/19	5:50 p	28.2	28.2	28.2	88	26.0	0.4	NE	0.13	1.3	NE	28.2	34.4	34.4	33.9	1008.2	0.00	0.0	0	0.00	0	0.0	0.00	0.0	0.000	0.034	25.6	58	16.7	25.9	10.43	1.1541	0.00	114	1	100.0	5
27/11/19	5:55 p	28.1	28.2	28.1	90	26.3	0.4	SSE	0.13	1.8	SW	28.1	34.4	34.4	33.9	1008.2	0.00	0.0	0	0.00	0	0.0	0.00	0.0	0.000	0.034	25.8	62	18.0	26.4	11.18	1.1513	0.00	115	1	100.0	5
27/11/19	6:00 p	28.2	28.2	28.1	91	26.6	0.9	W	0.27	1.3	WNW	28.2	35.0	35.0	34.5	1008.3	0.25	0.0	0	0.00	0	0.0	0.00	0.0	0.000	0.034	26.0	63	18.4	26.7	11.37	1.1502	0.03	115	1	100.0	5
27/11/19	6:05 p	28.2	28.2	28.2	93	27.0	0.4	W	0.13	0.9	W	28.2	35.5	35.5	35.1	1008.5	0.51	4.3	0	0.00	0	0.0	0.00	0.0	0.000	0.034	26.2	64	18.8	27.1	11.57	1.1491	0.00	117	1	100.0	5
27/11/19	6:10 p	28.1	28.2	28.1	93	26.9	0.4	SW	0.13	1.8	SSW	28.1	35.2	35.2	34.7	1008.6	0.00	2.8	0	0.00	0	0.0	0.00	0.0	0.000	0.034	26.3	64	19.0	27.3	11.56	1.1483	0.00	118	1	100.0	5
27/11/19	6:15 p	28.0	28.1	28.0	94	26.9	0.9	ESE	0.27	1.3	N	28.0	35.1	35.1	34.6	1008.9	0.76	31.0	0	0.00	0	0.0	0.00	0.0	0.000	0.034	26.4	64	19.1	27.4	11.56	1.1482	0.00	117	1	100.0	5
27/11/19	6:20 p	27.8	28.0	27.8	94	26.7	0.4	SSE	0.13	1.8	SSW	27.8	34.3	34.3	33.9	1009.1	1.02	39.9	0	0.00	0	0.0	0.00	0.0	0.000	0.033	26.6	65	19.4	27.7	11.75	1.1473	0.00	115	1	100.0	5
27/11/19	6:25 p	27.7	27.8	27.7	95	26.8	0.0	SSE	0.00	0.4	SSE	27.7	34.2	34.2	33.8	1009.1	1.78	60.2	0	0.00	0	0.0	0.00	0.0	0.000	0.032	26.6	65	19.5	27.8	11.75	1.1470	0.00	114	1	100.0	5
27/11/19	6:30 p	27.5	27.7	27.4	96	26.8	0.4	ENE	0.13	1.3	N	27.5	33.9	33.9	33.5	1009.1	1.02	24.6	0	0.00	0	0.0	0.00	0.0	0.000	0.032	26.7	65	19.6	27.9	11.75	1.1465	0.00	117	1	100.0	5
27/11/19	6:35 p	27.4	27.5	27.4	96	26.7	0.4	NNW	0.13	1.3	NNW	27.4	33.8	33.8	33.3	1009.3	0.00	2.5	0	0.00	0	0.0	0.00	0.0	0.000	0.032	26.8	65	19.7	28.2	11.74	1.1461	0.00	117	1	100.0	5
27/11/19	6:40 p	27.4	27.4	27.3	96	26.7	0.9	NNW	0.27	3.1	W	27.4	33.6	33.6	33.2	1009.4	3.05	91.9	0	0.00	0	0.0	0.00	0.0	0.000	0.031	26.9	66	20.0	28.3	11.94	1.1455	0.00	117	1	100.0	5
27/11/19	6:45 p	27.0	27.4	27.0	96	26.3	1.8	SSW	0.54	3.1	SSW	27.0	32.5	32.5	32.0	1009.2	4.57	90.4	0	0.00	0	0.0	0.00	0.0	0.000	0.030	26.9	66	20.1	28.4	11.94	1.1449	0.00	116	1	100.0	5
27/11/19	6:50 p	26.9	27.0	26.9	97	26.4	0.4	S	0.13	2.2	SSE	26.9	32.5	32.5	32.0	1009.2	0.76	21.6	0	0.00	0	0.0	0.00	0.0	0.000	0.030	27.0	66	20.1	28.5	11.94	1.1447	0.00	116	1	100.0	5
27/11/19	6:55 p	27.1	27.1	26.9	97	26.5	0.4	S	0.13	1.8	W	27.1	32.8	32.8	32.3	1009.2	0.25	7.6	0	0.00	0	0.0	0.00	0.0	0.000	0.030	27.1	68	20.6	28.8	12.34	1.1436	0.00	115	1	100.0	5
27/11/19	7:00 p	27.1	27.2	27.1	97	26.6	0.9	NW	0.27	1.8	NW	27.1	33.0	33.0	32.5	1009.4	0.00	1.8	0	0.00	0	0.0	0.00	0.0	0.000	0.030	27.1	69	20.9	29.1	12.52	1.1430	0.00	114	1	100.0	5
27/11/19	7:05 p	27.2	27.3	27.1	97	26.7	0.4	WNW	0.13	1.3	WNW	27.2	33.3	33.3	32.8	1009.6	0.00	1.3	0	0.00	0	0.0	0.00	0.0	0.000	0.031	27.2	70	21.2	29.3	12.80	1.1425	0.00	117	1	100.0	5
27/11/19	7:10 p	27.4	27.4	27.2	97	26.9	0.9	W	0.27	2.7	WNW	27.4	33.8	33.8	33.4	1009.7	0.00	0.0	0	0.00	0	0.0	0.00	0.0	0.000	0.031	27.2	70	21.3	29.4	12.79	1.1424	0.00	116	1	100.0	5
27/11/19	7:15 p	27.4	27.4	27.3	97	26.9	0.9	WNW	0.27	1.8	W	27.4	33.8	33.8	33.4	1009.8	0.00	0.0	0	0.00	0	0.0	0.00	0.0	0.000	0.031	27.2	71	21.5	29.5	13.01	1.1421	0.00	118	1	100.0	5
27/11/19	7:20 p	27.4	27.4	27.4	97	26.9	0.9	WNW	0.27	1.8	W	27.4	33.8	33.8	33.4	1009.9	0.00	0.0	0	0.00	0	0.0	0.00	0.0	0.000	0.031	27.3	71	21.6	29.6	13.01	1.1418	0.00	117	1	100.0	5
27/11/19	7:25 p	27.3	27.4	27.3	97	26.8	0.9	W	0.27	2.7	W	27.3	33.4	33.4	33.0	1010.0	0.00	0.0	0	0.00	0	0.0	0.00	0.0	0.000	0.031	27.3	71	21.6	29.7	13.00	1.1417	0.00	116	1	100.0	5
27/11/19	7:30 p	27.2	27.3	27.1	97	26.6	0.9	SW	0.27	1.8	WNW	27.2	33.2	33.2	32.7	1010.0	0.00	0.0	0	0.00	0	0.0	0.00	0.0	0.000	0.031	27.4	72	21.9	29.9	13.25	1.1410	0.00	114	1	100.0	5
27/11/19	7:35 p	27.2	27.2	27.2	97	26.6	0.4	WSW	0.13	1.3	WSW	27.2	33.2	33.2	32.7	1010.1	0.00	0.0	0	0.00	0	0.0	0.00	0.0	0.000	0.031	27.4	72	21.9	29.9	13.25	1.1410	0.00	114	1	100.0	5
27/11/19	7:40 p	27.1	27.2	27.1	97	26.5	0.4	SW	0.13	1.3	SSW	27.1	32.8	32.8	32.3	1010.2	0.00	0.0	0	0.00	0	0.0	0.00	0.0	0.000	0.030	27.4	72	21.9	30.1	13.25	1.1408	0.00	117	1	100.0	5
27/11/19	7:45 p	27.1	27.1	27.1	97	26.6	0.4	S	0.13	1.3	S	27.1	33.0	33.0	32.5	1010.2	0.00	0.0	0	0.00	0	0.0	0.00	0.0	0.000	0.030	27.5	72	22.0	30.2	13.25	1.1406	0.00	117	1	100.0	5
27/11/19	7:50 p	27.2	27.2	27.1	97	26.6	0.4	S	0.13	1.3	S	27.2	33.2	33.2	32.7	1010.4	0.00	0.0	0	0.00	0	0.0	0.00	0.0	0.000	0.031	27.5	72	22.0	30.2	13.25	1.1408	0.00	117	1	100.0	5
27/11/19	7:55 p	27.1	27.2	27.1	97	26.6	0.4	SE	0.13	0.9	SE	27.1	33.0	33.0	32.5	1010.7	0.00	0.0	0	0.00	0	0.0	0.00	0.0	0.000	0.030	27.5	72	22.0	30.2	13.25	1.1411	0.00	116	1	100.0	5
27/11/19	8:00 p	27.1	27.1	27.1	97	26.6	0.0	SE	0.00	0.9	SE	27.1	33.0	33.0	32.5	1010.5	0.00	0.0	0	0.00	0	0.0	0.00	0.0	0.000	0.030	27.6	73	22.3	30.4	13.62	1.1402	0.00	115	1	100.0	5
27/11/19	8:05 p	27.1	27.2	27.1	97	26.6	0.4	SE	0.13	1.3	SE	27.1	33.0	33.0	32.5	1010.5	0.00	0.0	0	0.00	0	0.0	0.00	0.0	0.000	0.030	27.6	73	22.3	30.4	13.62	1.1402	0.00	115	1	100.0	5
27/11/19	8:10 p	27.1	27.2	27.1	97	26.6	0.4	SE	0.13	1.8	SSE	27.1	33.0	33.0	32.5	1010.6	0.00	0.0	0	0.00	0	0.0	0.00	0.0	0.000	0.030	27.6	73	22.3	30.4	13.62	1.1403	0.00	116	1	100.0	5
27/11/19	8:15 p	27.1	27.2	27.1	97	26.5	0.4	S	0.13	0.9	SSE	27.1	32.8	32.8	32.3	1010.5	0.00	0.0	0	0.00	0	0.0	0.00	0.0	0.000	0.030	27.6	73	22.3	30.5	13.62	1.1398	0.00	117	1	100.0	5
27/11/19	8:20 p	26.9	27.1	26.9	97	26.4	0.4	S	0.13	0.9	S	26.9	32.5	32.5	32.0	1010.3	0.00	0.0	0	0.00	0	0.0	0.00	0.0	0.000	0.030	27.6	74	22.6	30.7	13.92	1.1392	0.00	118	1	100.0	5
27/11/19	8:25 p	26.9	27.0	26.9	97	26.4	0.0	S	0.00	0.9	S	26.9	32.5	32.5	32.0	1010.7	0.00	0.0	0	0.00	0	0.0	0.00	0.0	0.000	0.030	27.7	74	22.6	30.7	13.91	1.1393	0.00	117	1	100.0	5
27/11/19	8:30 p	26.9	26.9	26.9	97	26.4	0.4	S	0.13	0.9	S	26.9	32.3	32.3	31.8	1010.8	0.00	0.0	0	0.00	0	0.0	0.00	0.0	0.000	0.030	27.7	74	22.6	30.7	13.91	1.1395	0.00	117	1	100.0	5
27/11/19	8:35 p	26.9	26.9	26.9	98	26.5	0.4	S	0.13	0.9	S	26.9	32.5	32.5	32.0	1011.0	0.00	0.0	0	0.00	0	0.0	0.00	0.0	0.000	0.030	27.7	74	22.6	30.7	13.91	1.1397	0.00	115	1	100.0	5
27/11/19	8:40 p	26.9	26.9	26.8	98	26.5	0.4	S	0.13	0.9	S	26.9	32.5	32.5	32.0	1011.0	0.00	0.0	0	0.00	0	0.0	0.00	0.0	0.000	0.030	27.7	74	22.7	30.8	13.91	1.1394	0.00	114	1	100.0	5
27/11/19	8:45 p	26.9	26.9	26.8	98	26.5	0.4	W	0.13	0.9	W	26.9	32.5	32.5	32.0	1010.6	0.00	0.0	0	0.00	0	0.0	0.00	0.0	0.000	0.030	27.7	75	22.9	31.0	14.31	1.1385	0.00	117	1	100.0	5
27/11/19	8:50 p	27.0	27.0	26.9	98	26.7	0.4	W	0.13	1.3	ENE	27.0	32.8	32.8	32.3	1010.5	0.00	0.0	0	0.00	0	0.0	0.00	0.0	0.000	0.030	27.7	75	22.9	31.0	14.31	1.1384	0.00	117	1	100.0	5
27/11/19	8:55 p	27.0	27.0	26.9	98	26.7	0.9	NNE	0.27	1.8	N	27.0	32.8	32.8	32.3	1010.5	0.00	0.0	0	0.00	0	0.0	0.00	0.0	0.000	0.030	27.7	75	22.9	31.0	14.31	1.1383	0.00	115	1	100.0	5
27/11/19	9:00 p	26.9	27.0	26.9	98	26.6	1.3	NE	0.40	2.2	NE	26.9	32.7	32.7	32.2	1010.3	0.00	0.0	0	0.00	0	0.0	0.00	0.0	0.000	0.030	27.7	75	22.9	31.0	14.31	1.1382	0.00	116	1	100.0	5
27/11/19	9:05 p	27.1	27.1	26.9	98	26.7	0.0	NE	0.00	0.9	NE	27.1	33.0	33.0	32.6	1010.3	0.00	0.0	0	0.00	0	0.0	0.00	0.0	0.000	0.030	27.7	75	22.9	31.0	14.31	1.1382	0.00	116	1	100.0	5
27/11/19	9:10 p	27.0	27.1	27.0	98	26.7	0.4	NE	0.13	0.9	NE	27.0	32.8	32.8	32.3	1010.5	0.00	0.0	0	0.00	0	0.0	0.00	0.0	0.000	0.030	27.8	75	22.9	31.1	14.31	1.1381	0.00	114	1	100.0	5
27/11/19	9:15 p	27.0	27.0	27.0	98	26.7	0.4	NE	0.13	1.3	NE	27.0	32.8	32.8	32.3	1010.6	0.00	0.0	0	0.00	0	0.0	0.00	0.0	0.000	0.030	27.8	75	22.9	31.1	14.31	1.1382	0.00	116	1	100.0	5
27/11/19	9:20 p	27.1	27.1	26.9	98	26.7	0.9	NE	0.27	1.3	NE	27.1	33.0	33.0	32.6	1010.6	0.00	0.0	0	0.00	0	0.0	0.00	0.0	0.000	0.030	27.8	75	23.0	31.2	14.31	1.1379	0.00	117	1	100.0	5
27/11/19	9:25 p	27.1	27.1	27.0	98	26.7	0.0	NE	0.00	0.4	NE	27.1	33.0	33.0	32.6	1010.6	0.00	0.0	0	0.00	0	0.0	0.00	0.0	0.000	0.030	27.8	76	23.2	31.3	14.61	1.1377	0.00	117	1	100.0	5
27/11/19	9:30 p	27.1	27.1	27.1	98	26.7	0.0	NE	0.00	0.4	NE	27.1	33.0	33.0	32.6	1010.7	0.00	0.0	0	0.00	0	0.0	0.00	0.0	0.000	0.030	27.8	76	23.2	31.4	14.61	1.1375	0.00	117	1	100.0	5
27/11/19	9:35 p	27.0	27.1	27.0	98	26.7	0.4	NE	0.13	0.9	NE	27.0	32.8	32.8	32.3	1010.9	0.00	0.0	0	0.00	0	0.0	0.00	0.0	0.000	0.030	27.8	76	23.2	31.4	14.61	1.1378	0.00	117	1	100.0	5
27/11/19	9:40 p	27.1	27.1	27.0	98	26.7	0.4	NE	0.13	0.9	NE	27.1	33.0	33.0	32.6	1010.9	0.00	0.0	0	0.00	0	0.0	0.00	0.0	0.000	0.030	27.8	76	23.2	31.4	14.61	1.1378	0.00	116	1	100.0	5
27/11/19	9:45 p	27.0	27.1	27.0	98	26.7	0.4	NE	0.13	0.9	NE	27.0	32.8	32.8	32.3	1011.1	0.00	0.0	0	0.00	0	0.0	0.00	0.0	0.000	0.030	27.8	76	23.2	31.4	14.61	1.1381	0.00	114	1	100.0	5
27/11/19	9:50 p	27.1	27.1	27.0	98	26.8	0.0	NE	0.00	0.9	NE	27.1	33.2	33.2	32.7	1011.1	0.00	0.0	0	0.00	0	0.0	0.00	0.0	0.000	0.030	27.8	76	23.2	31.4	14.61	1.1381	0.00	115	1	100.0	5
27/11/19	9:55 p	27.1	27.2	27.1	98	26.7	0.0	NE	0.00	0.4	NE	27.1	33.0	33.0	32.6	1011.2	0.00	0.0	0	0.00	0	0.0	0.00	0.0	0.000	0.030	27.9	76	23.3	31.5	14.61	1.1379	0.00	117	1	100.0	5
27/11/19	10:00 p	27.0	27.1	26.9	97	26.5	0.0	NE	0.00	0.4	NE	27.0	32.7	32.7	32.2	1011.1	0.00	0.0	0	0.00	0	0.0	0.00	0.0	0.000	0.030	27.8	76	23.2	31.4	14.61	1.1380	0.00	117	1	100.0	5
27/11/19	10:05 p	27.0	27.1	26.9	97	26.5	0.0	---	0.00	0.0	---	27.0	32.7	32.7	32.2	1011.1	0.00	0.0	0	0.00	0	0.0	0.00	0.0	0.000	0.030	27.9	76	23.3	31.5	14.61	1.1377	0.00	115	1	100.0	5
27/11/19	10:10 p	27.0	27.1	26.9	97	26.5	0.0	NE	0.00	0.4	NE	27.0	32.7	32.7	32.2	1011.1	0.00	0.0	0	0.00	0	0.0	0.00	0.0	0.000	0.030	27.8	76	23.2	31.4	14.61	1.1380	0.00	116	1	100.0	5
27/11/19	10:15 p	26.9	27.1	26.9	96	26.3	0.4	NE	0.13	0.9	NE	26.9	32.3	32.3	31.8	1011.0	0.00	0.0	0	0.00	0	0.0	0.00	0.0	0.000	0.030	27.9	76	23.3	31.7	14.60	1.1373	0.00	114	1	100.0	5
27/11/19	10:20 p	26.9	27.0	26.9	96	26.3	0.0	NE	0.00	0.4	NE	26.9	32.3	32.3	31.8	1011.1	0.00	0.0	0	0.00	0	0.0	0.00	0.0	0.000	0.030	27.9	76	23.3	31.5	14.61	1.1377	0.00	114	1	100.0	5
27/11/19	10:25 p	27.1	27.1	26.9	96	26.4	0.0	---	0.00	0.0	---	27.1	32.8	32.8	32.3	1011.0	0.00	0.0	0	0.00	0	0.0	0.00	0.0	0.000	0.030	27.9	76	23.3	31.7	14.60	1.1373	0.00	117	1	100.0	5
27/11/19	10:30 p	27.1	27.1	27.1	96	26.4	0.4	NE	0.13	0.9	NE	27.1	32.7	32.7	32.2	1010.9	0.00	0.0	0	0.00	0	0.0	0.00	0.0	0.000	0.030	27.9	76	23.3	31.5	14.61	1.1374	0.00	116	1	100.0	5
27/11/19	10:35 p	27.0	27.1	27.0	96	26.3	0.4	NE	0.13	0.9	NE	27.0	32.5	32.5	32.0	1010.8	0.00	0.0	0	0.00	0	0.0	0.00	0.0	0.000	0.030	27.9	76	23.3	31.7	14.60	1.1370	0.00	117	1	100.0	5
27/11/19	10:40 p	27.1	27.1	27.0	96	26.4	0.0	NE	0.00	0.9	NE	27.1	32.7	32.7	32.2	1010.8	0.00	0.0	0	0.00	0	0.0	0.00	0.0	0.000	0.030	27.9	76	23.3	31.7	14.60	1.1370	0.00	117	1	100.0	5
27/11/19	10:45 p	27.0	27.1	27.0	96	26.3	0.4	NE	0.13	1.3	NE	27.0	32.5	32.5	32.0	1010.6	0.00	0.0	0	0.00	0	0.0	0.00	0.0	0.000	0.030	27.9	76	23.3	31.7	14.60	1.1368	0.00	116	1	100.0	5
27/11/19	10:50 p	26.9	27.0	26.9	96	26.3	0.4	NE	0.13	0.9	NE	26.9	32.3	32.3	31.8	1010.6	0.00	0.0	0	0.00	0	0.0	0.00	0.0	0.000	0.030	27.9	76	23.3	31.7	14.60	1.1368	0.00	114	1	100.0	5
27/11/19	10:55 p	26.9	26.9	26.9	97	26.4	0.4	NE	0.13	0.9	NE	26.9	32.3	32.3	31.8	1010.6	0.00	0.0	0	0.00	0	0.0	0.00	0.0	0.000	0.030	27.9	76	23.3	31.7	14.60	1.1368	0.00	116	1	100.0	5
27/11/19	11:00 p	26.9	26.9	26.9	97	26.4	0.4	NE	0.13	0.9	NE	26.9	32.5	32.5	32.0	1010.6	0.00	0.0	0	0.00	0	0.0	0.00	0.0	0.000	0.030	27.9	76	23.3	31.7	14.60	1.1368	0.00	117	1	100.0	5
27/11/19	11:05 p	26.9	26.9	26.9	97	26.4	0.4	NE	0.13	0.9	NE	26.9	32.5	32.5	32.0	1010.5	0.00	0.0	0	0.00	0	0.0	0.00	0.0	0.000	0.030	27.9	76	23.3	31.7	14.60	1.1366	0.00	117	1	100.0	5
27/11/19	11:10 p	26.9	27.0	26.9	96	26.3	0.0	NE	0.00	0.4	NE	26.9	32.3	32.3	31.8	1010.4	0.00	0.0	0	0.00	0	0.0	0.00	0.0	0.000	0.030	27.9	76	23.3	31.7	14.60	1.1365	0.00	117	1	100.0	5
27/11/19	11:15 p	26.9	26.9	26.9	96	26.3	0.0	---	0.00	0.0	---	26.9	32.3	32.3	31.8	1010.3	0.00	0.0	0	0.00	0	0.0	0.00	0.0	0.000	0.030	27.9	76	23.3	31.7	14.60	1.1365	0.00	117	1	100.0	5
27/11/19	11:20 p	26.9	26.9	26.9	96	26.2	0.0	NE	0.00	0.4	NE	26.9	32.2	32.2	31.7	1010.4	0.00	0.0	0	0.00	0	0.0	0.00	0.0	0.000	0.030	27.9	76	23.3	31.7	14.60	1.1365	0.00	116	1	100.0	5
27/11/19	11:25 p	27.1	27.1	26.9	96	26.4	0.0	NE	0.00	0.4	NE	27.1	32.7	32.7	32.2	1010.2	0.00	0.0	0	0.00	0	0.0	0.00	0.0	0.000	0.030	27.9	76	23.3	31.7	14.60	1.1363	0.00	114	1	100.0	5
27/11/19	11:30 p	27.1	27.1	27.1	96	26.4	0.4	NE	0.13	0.9	NE	27.1	32.7	32.7	32.2	1010.0	0.00	0.0	0	0.00	0	0.0	0.00	0.0	0.000	0.030	28.0	76	23.4	31.8	14.60	1.1358	0.00	116	1	100.0	5
27/11/19	11:35 p	27.1	27.1	27.1	96	26.4	0.4	NE	0.13	0.9	NE	27.1	32.7	32.7	32.2	1010.0	0.00	0.0	0	0.00	0	0.0	0.00	0.0	0.000	0.030	27.9	76	23.3	31.7	14.60	1.1361	0.00	118	1	100.0	5
27/11/19	11:40 p	27.1	27.1	27.0	96	26.4	0.0	NE	0.00	0.9	NE	27.1	32.7	32.7	32.2	1009.8	0.00	0.0	0	0.00	0	0.0	0.00	0.0	0.000	0.030	27.9	76	23.3	31.7	14.60	1.1359	0.00	117	1	100.0	5
27/11/19	11:45 p	27.1	27.1	27.0	96	26.4	0.0	NE	0.00	0.4	NE	27.1	32.7	32.7	32.2	1009.8	0.00	0.0	0	0.00	0	0.0	0.00	0.0	0.000	0.030	28.0	76	23.4	31.8	14.60	1.1355	0.00	117	1	100.0	5
27/11/19	11:50 p	27.0	27.1	27.0	96	26.3	0.0	NE	0.00	0.9	NE	27.0	32.5	32.5	32.0	1009.8	0.00	0.0	0	0.00	0	0.0	0.00	0.0	0.000	0.030	28.0	76	23.4	31.8	14.60	1.1356	0.00	117	1	100.0	5
27/11/19	11:55 p	27.1	27.1	27.0	97	26.5	0.4	NE	0.13	0.9	NE	27.1	32.8	32.8	32.3	1009.7	0.00	0.0	0	0.00	0	0.0	0.00	0.0	0.000	0.030	28.0	76	23.4	31.8	14.60	1.1354	0.00	114	1	100.0	5
