		Temp	Hi	Low	Out	Dew	Wind	Wind	Wind	Hi	Hi	Wind	Heat	THW	THSW			Rain	Solar	Solar	Hi Solar	UV 	UV 	Hi 	Heat	Cool	In 	In	In 	In 	In 	In Air		Wind	Wind	ISS 	Arc.
Date	Time	Out	Temp	Temp	Hum	Pt.	Speed	Dir	Run	Speed	Dir	Chill	Index	Index	Index	Bar  	Rain	Rate	Rad.	Energy	Rad. 	Index	Dose	UV 	D-D 	D-D 	Temp	Hum	Dew	Heat	EMC	Density	ET 	Samp	Tx 	Recept	Int.
15/10/19	12:00 a	25.4	25.4	25.3	94	24.4	0.4	SE	0.13	0.9	SE	25.4	28.2	28.2	27.6	1013.6	0.00	0.0	0	0.00	0	0.0	0.00	0.0	0.000	0.024	27.6	71	21.9	30.2	12.98	1.1443	0.00	117	1	100.0	5
15/10/19	12:05 a	25.3	25.4	25.3	94	24.3	0.4	SE	0.13	1.3	SE	25.3	28.1	28.1	27.5	1013.5	0.00	0.0	0	0.00	0	0.0	0.00	0.0	0.000	0.024	27.6	71	21.9	30.2	12.98	1.1442	0.00	112	1	98.2	5
15/10/19	12:10 a	25.3	25.3	25.3	94	24.2	0.0	SE	0.00	0.9	SE	25.3	27.9	27.9	27.3	1013.5	0.00	0.0	0	0.00	0	0.0	0.00	0.0	0.000	0.024	27.6	71	21.9	30.2	12.98	1.1442	0.00	114	1	100.0	5
15/10/19	12:15 a	25.3	25.3	25.3	94	24.3	0.0	SE	0.00	0.9	SE	25.3	28.1	28.1	27.5	1013.5	0.00	0.0	0	0.00	0	0.0	0.00	0.0	0.000	0.024	27.6	71	21.9	30.2	12.98	1.1442	0.00	117	1	100.0	5
15/10/19	12:20 a	25.3	25.3	25.3	94	24.3	0.0	SE	0.00	0.9	SE	25.3	28.1	28.1	27.5	1013.3	0.00	0.0	0	0.00	0	0.0	0.00	0.0	0.000	0.024	27.6	71	21.9	30.2	12.98	1.1440	0.00	117	1	100.0	5
15/10/19	12:25 a	25.3	25.4	25.3	94	24.3	0.4	SE	0.13	1.3	SE	25.3	28.1	28.1	27.5	1013.3	0.00	0.0	0	0.00	0	0.0	0.00	0.0	0.000	0.024	27.6	71	21.8	30.1	12.99	1.1442	0.00	117	1	100.0	5
15/10/19	12:30 a	25.3	25.3	25.3	94	24.2	0.4	SE	0.13	0.9	SE	25.3	27.9	27.9	27.3	1013.3	0.00	0.0	0	0.00	0	0.0	0.00	0.0	0.000	0.024	27.6	71	21.8	30.1	12.99	1.1442	0.00	116	1	100.0	5
15/10/19	12:35 a	25.3	25.3	25.3	94	24.2	0.4	SE	0.13	0.9	SE	25.3	27.9	27.9	27.3	1013.3	0.00	0.0	0	0.00	0	0.0	0.00	0.0	0.000	0.024	27.6	71	21.8	30.1	12.99	1.1442	0.00	116	1	100.0	5
15/10/19	12:40 a	25.3	25.3	25.3	94	24.2	0.4	SE	0.13	1.3	SE	25.3	27.9	27.9	27.3	1013.2	0.00	0.0	0	0.00	0	0.0	0.00	0.0	0.000	0.024	27.6	71	21.8	30.1	12.99	1.1442	0.00	114	1	100.0	5
15/10/19	12:45 a	25.3	25.3	25.3	94	24.2	0.4	SE	0.13	1.3	SE	25.3	27.9	27.9	27.3	1013.2	0.00	0.0	0	0.00	0	0.0	0.00	0.0	0.000	0.024	27.6	71	21.8	30.1	12.99	1.1441	0.00	115	1	100.0	5
15/10/19	12:50 a	25.3	25.3	25.2	94	24.3	0.4	SE	0.13	0.9	SE	25.3	28.1	28.1	27.5	1013.1	0.00	0.0	0	0.00	0	0.0	0.00	0.0	0.000	0.024	27.6	71	21.8	30.1	12.99	1.1440	0.00	117	1	100.0	5
15/10/19	12:55 a	25.3	25.3	25.3	94	24.3	0.4	SE	0.13	0.9	SE	25.3	28.1	28.1	27.5	1012.9	0.00	0.0	0	0.00	0	0.0	0.00	0.0	0.000	0.024	27.5	71	21.8	30.0	12.99	1.1442	0.00	115	1	100.0	5
15/10/19	1:00 a	25.3	25.3	25.3	94	24.2	0.4	SE	0.13	0.9	SE	25.3	27.9	27.9	27.3	1012.9	0.00	0.0	0	0.00	0	0.0	0.00	0.0	0.000	0.024	27.6	71	21.8	30.1	12.99	1.1438	0.00	117	1	100.0	5
15/10/19	1:05 a	25.2	25.3	25.2	95	24.4	0.4	SE	0.13	0.9	SE	25.2	27.9	27.9	27.3	1012.7	0.00	0.0	0	0.00	0	0.0	0.00	0.0	0.000	0.024	27.5	71	21.8	30.0	12.99	1.1439	0.00	117	1	100.0	5
15/10/19	1:10 a	25.2	25.2	25.2	95	24.3	0.4	SE	0.13	0.9	SE	25.2	27.8	27.8	27.2	1012.7	0.00	0.0	0	0.00	0	0.0	0.00	0.0	0.000	0.024	27.5	71	21.8	30.0	12.99	1.1439	0.00	116	1	100.0	5
15/10/19	1:15 a	25.1	25.2	25.1	95	24.2	0.4	SE	0.13	0.9	SE	25.1	27.6	27.6	27.0	1012.7	0.00	0.0	0	0.00	0	0.0	0.00	0.0	0.000	0.023	27.5	71	21.8	30.0	12.99	1.1438	0.00	115	1	100.0	5
15/10/19	1:20 a	25.1	25.1	25.1	96	24.4	0.0	SE	0.00	0.4	SE	25.1	27.7	27.7	27.1	1012.8	0.00	0.0	0	0.00	0	0.0	0.00	0.0	0.000	0.023	27.5	71	21.8	30.0	12.99	1.1440	0.00	115	1	100.0	5
15/10/19	1:25 a	25.1	25.1	25.0	96	24.4	0.4	SE	0.13	0.9	SE	25.1	27.7	27.7	27.1	1012.7	0.00	0.0	0	0.00	0	0.0	0.00	0.0	0.000	0.023	27.5	71	21.8	30.0	12.99	1.1439	0.00	117	1	100.0	5
15/10/19	1:30 a	25.0	25.1	25.0	96	24.3	0.0	SE	0.00	0.4	SE	25.0	27.6	27.6	27.0	1012.7	0.00	0.0	0	0.00	0	0.0	0.00	0.0	0.000	0.023	27.5	71	21.8	30.0	12.99	1.1439	0.00	117	1	100.0	5
15/10/19	1:35 a	25.1	25.1	25.0	96	24.4	0.4	SE	0.13	0.9	SE	25.1	27.7	27.7	27.1	1012.7	0.00	0.0	0	0.00	0	0.0	0.00	0.0	0.000	0.023	27.5	71	21.8	30.0	12.99	1.1439	0.00	116	1	100.0	5
15/10/19	1:40 a	25.1	25.1	25.0	96	24.4	0.4	SE	0.13	0.9	SE	25.1	27.7	27.7	27.1	1012.8	0.00	0.0	0	0.00	0	0.0	0.00	0.0	0.000	0.023	27.5	71	21.8	30.0	12.99	1.1440	0.00	116	1	100.0	5
15/10/19	1:45 a	25.1	25.1	25.1	95	24.3	0.0	SE	0.00	0.9	SE	25.1	27.7	27.7	27.1	1012.6	0.00	0.0	0	0.00	0	0.0	0.00	0.0	0.000	0.024	27.5	71	21.8	30.0	12.99	1.1438	0.00	114	1	100.0	5
15/10/19	1:50 a	25.1	25.1	25.1	95	24.2	0.4	SE	0.13	0.9	SE	25.1	27.6	27.6	27.0	1012.6	0.00	0.0	0	0.00	0	0.0	0.00	0.0	0.000	0.023	27.4	71	21.7	29.9	12.99	1.1441	0.00	114	1	100.0	5
15/10/19	1:55 a	25.1	25.1	25.1	95	24.3	0.4	SE	0.13	0.9	SE	25.1	27.7	27.7	27.1	1012.6	0.00	0.0	0	0.00	0	0.0	0.00	0.0	0.000	0.024	27.4	72	21.9	30.1	13.25	1.1436	0.00	117	1	100.0	5
15/10/19	2:00 a	25.1	25.1	25.1	95	24.3	0.4	SE	0.13	0.9	SE	25.1	27.7	27.7	27.1	1012.6	0.00	0.0	0	0.00	0	0.0	0.00	0.0	0.000	0.024	27.4	72	21.9	30.1	13.25	1.1436	0.00	117	1	100.0	5
15/10/19	2:05 a	25.1	25.1	25.1	95	24.2	0.4	SE	0.13	0.9	SE	25.1	27.6	27.6	27.0	1012.6	0.00	0.0	0	0.00	0	0.0	0.00	0.0	0.000	0.023	27.4	72	21.9	30.1	13.25	1.1437	0.00	117	1	100.0	5
15/10/19	2:10 a	25.1	25.1	25.0	95	24.2	0.4	SE	0.13	1.3	SE	25.1	27.6	27.6	27.0	1012.5	0.00	0.0	0	0.00	0	0.0	0.00	0.0	0.000	0.023	27.4	72	21.9	30.1	13.25	1.1435	0.00	117	1	100.0	5
15/10/19	2:15 a	25.1	25.1	25.0	95	24.2	0.0	SE	0.00	0.4	SE	25.1	27.6	27.6	27.0	1012.5	0.00	0.0	0	0.00	0	0.0	0.00	0.0	0.000	0.023	27.4	72	21.9	30.1	13.25	1.1435	0.00	117	1	100.0	5
15/10/19	2:20 a	25.0	25.1	25.0	95	24.1	0.4	SE	0.13	0.9	SE	25.0	27.5	27.5	26.9	1012.4	0.00	0.0	0	0.00	0	0.0	0.00	0.0	0.000	0.023	27.4	72	21.9	29.9	13.25	1.1438	0.00	116	1	100.0	5
15/10/19	2:25 a	25.1	25.1	25.0	95	24.2	0.0	SE	0.00	0.9	SE	25.1	27.6	27.6	27.0	1012.4	0.00	0.0	0	0.00	0	0.0	0.00	0.0	0.000	0.023	27.4	72	21.9	29.9	13.25	1.1437	0.00	114	1	100.0	5
15/10/19	2:30 a	25.1	25.1	25.1	95	24.3	0.4	SE	0.13	0.9	SE	25.1	27.7	27.7	27.1	1012.4	0.00	0.0	0	0.00	0	0.0	0.00	0.0	0.000	0.024	27.4	72	21.9	29.9	13.25	1.1437	0.00	117	1	100.0	5
15/10/19	2:35 a	25.0	25.1	25.0	95	24.1	0.4	ESE	0.13	1.3	SE	25.0	27.5	27.5	26.9	1012.4	0.00	0.0	0	0.00	0	0.0	0.00	0.0	0.000	0.023	27.4	72	21.9	29.9	13.25	1.1437	0.00	117	1	100.0	5
15/10/19	2:40 a	25.0	25.1	24.9	96	24.3	0.0	ESE	0.00	0.9	ESE	25.0	27.6	27.6	27.0	1012.3	0.00	0.0	0	0.00	0	0.0	0.00	0.0	0.000	0.023	27.4	72	21.9	29.9	13.25	1.1436	0.00	117	1	100.0	5
15/10/19	2:45 a	24.9	25.0	24.9	96	24.3	0.0	ESE	0.00	0.4	ESE	24.9	27.5	27.5	26.9	1012.3	0.00	0.0	0	0.00	0	0.0	0.00	0.0	0.000	0.023	27.4	72	21.9	29.9	13.25	1.1436	0.00	117	1	100.0	5
15/10/19	2:50 a	24.9	24.9	24.9	96	24.3	0.0	ESE	0.00	0.4	ESE	24.9	27.5	27.5	26.9	1012.3	0.00	0.0	0	0.00	0	0.0	0.00	0.0	0.000	0.023	27.4	72	21.9	29.9	13.25	1.1436	0.00	117	1	100.0	5
15/10/19	2:55 a	24.9	24.9	24.9	96	24.3	0.0	ESE	0.00	0.4	ESE	24.9	27.5	27.5	26.9	1012.3	0.00	0.0	0	0.00	0	0.0	0.00	0.0	0.000	0.023	27.4	72	21.9	29.9	13.25	1.1436	0.00	113	1	99.1	5
15/10/19	3:00 a	24.9	24.9	24.9	96	24.3	0.0	ESE	0.00	0.9	ESE	24.9	27.5	27.5	26.9	1012.2	0.00	0.0	0	0.00	0	0.0	0.00	0.0	0.000	0.023	27.3	72	21.8	29.8	13.25	1.1438	0.00	115	1	100.0	5
15/10/19	3:05 a	24.9	24.9	24.9	96	24.2	0.0	ESE	0.00	0.4	ESE	24.9	27.4	27.4	26.8	1012.2	0.00	0.0	0	0.00	0	0.0	0.00	0.0	0.000	0.023	27.4	72	21.9	29.9	13.25	1.1435	0.00	117	1	100.0	5
15/10/19	3:10 a	24.8	24.9	24.8	97	24.3	0.4	E	0.13	1.3	ESE	24.8	27.3	27.3	26.7	1012.1	0.00	0.0	0	0.00	0	0.0	0.00	0.0	0.000	0.022	27.3	72	21.8	29.8	13.25	1.1436	0.00	117	1	100.0	5
15/10/19	3:15 a	24.7	24.8	24.7	97	24.2	0.4	E	0.13	0.9	E	24.7	27.2	27.2	26.6	1012.1	0.00	0.0	0	0.00	0	0.0	0.00	0.0	0.000	0.022	27.3	72	21.8	29.8	13.25	1.1437	0.00	117	1	100.0	5
15/10/19	3:20 a	24.7	24.7	24.7	97	24.2	0.4	E	0.13	0.9	E	24.7	27.1	27.1	26.4	1012.2	0.00	0.0	0	0.00	0	0.0	0.00	0.0	0.000	0.022	27.3	72	21.8	29.8	13.25	1.1438	0.00	117	1	100.0	5
15/10/19	3:25 a	24.6	24.7	24.6	97	24.1	0.4	E	0.13	1.3	E	24.6	26.9	26.9	26.3	1012.0	0.00	0.0	0	0.00	0	0.0	0.00	0.0	0.000	0.022	27.3	72	21.8	29.8	13.25	1.1436	0.00	115	1	100.0	5
15/10/19	3:30 a	24.5	24.6	24.5	96	23.8	0.0	E	0.00	0.9	E	24.5	26.7	26.7	26.1	1011.9	0.00	0.0	0	0.00	0	0.0	0.00	0.0	0.000	0.021	27.3	72	21.8	29.8	13.25	1.1434	0.00	115	1	100.0	5
15/10/19	3:35 a	24.5	24.5	24.5	96	23.8	0.4	E	0.13	0.9	E	24.5	26.7	26.7	26.1	1011.9	0.00	0.0	0	0.00	0	0.0	0.00	0.0	0.000	0.021	27.3	72	21.8	29.7	13.25	1.1438	0.00	115	1	100.0	5
15/10/19	3:40 a	24.5	24.6	24.5	96	23.8	0.4	E	0.13	0.9	E	24.5	26.7	26.7	26.1	1011.9	0.00	0.0	0	0.00	0	0.0	0.00	0.0	0.000	0.021	27.3	72	21.8	29.7	13.25	1.1438	0.00	116	1	100.0	5
15/10/19	3:45 a	24.4	24.6	24.4	96	23.8	0.4	E	0.13	0.9	E	24.4	26.6	26.6	25.9	1011.9	0.00	0.0	0	0.00	0	0.0	0.00	0.0	0.000	0.021	27.3	72	21.8	29.7	13.25	1.1438	0.00	116	1	100.0	5
15/10/19	3:50 a	24.5	24.5	24.4	96	23.8	0.4	E	0.13	1.3	SE	24.5	26.7	26.7	26.1	1011.9	0.00	0.0	0	0.00	0	0.0	0.00	0.0	0.000	0.021	27.3	72	21.8	29.7	13.25	1.1438	0.00	117	1	100.0	5
15/10/19	3:55 a	24.5	24.5	24.4	96	23.8	0.4	SE	0.13	0.4	SE	24.5	26.7	26.7	26.1	1011.9	0.00	0.0	0	0.00	0	0.0	0.00	0.0	0.000	0.021	27.2	72	21.7	29.6	13.25	1.1440	0.00	117	1	100.0	5
15/10/19	4:00 a	24.4	24.5	24.4	96	23.8	0.4	SE	0.13	0.9	SE	24.4	26.6	26.6	25.9	1011.8	0.00	0.0	0	0.00	0	0.0	0.00	0.0	0.000	0.021	27.2	72	21.7	29.6	13.25	1.1440	0.00	115	1	100.0	5
15/10/19	4:05 a	24.4	24.5	24.4	97	23.9	0.0	SE	0.00	0.9	SE	24.4	26.7	26.7	26.1	1012.0	0.00	0.0	0	0.00	0	0.0	0.00	0.0	0.000	0.021	27.2	72	21.7	29.6	13.25	1.1442	0.00	114	1	100.0	5
15/10/19	4:10 a	24.4	24.5	24.4	97	23.9	0.4	SE	0.13	0.9	SE	24.4	26.7	26.7	26.1	1012.0	0.00	0.0	0	0.00	0	0.0	0.00	0.0	0.000	0.021	27.2	72	21.7	29.6	13.25	1.1442	0.00	116	1	100.0	5
15/10/19	4:15 a	24.4	24.4	24.3	97	23.9	0.0	SE	0.00	0.4	SE	24.4	26.6	26.6	25.9	1012.0	0.00	0.0	0	0.00	0	0.0	0.00	0.0	0.000	0.021	27.2	72	21.7	29.6	13.25	1.1441	0.00	117	1	100.0	5
15/10/19	4:20 a	24.3	24.4	24.3	97	23.8	0.0	SE	0.00	0.9	SE	24.3	26.5	26.5	25.9	1012.1	0.00	0.0	0	0.00	0	0.0	0.00	0.0	0.000	0.021	27.2	72	21.7	29.6	13.25	1.1443	0.00	116	1	100.0	5
15/10/19	4:25 a	24.3	24.4	24.3	97	23.8	0.0	SE	0.00	0.9	SE	24.3	26.5	26.5	25.9	1012.2	0.00	0.0	0	0.00	0	0.0	0.00	0.0	0.000	0.021	27.2	72	21.7	29.6	13.25	1.1447	0.00	117	1	100.0	5
15/10/19	4:30 a	24.3	24.3	24.3	97	23.8	0.9	E	0.27	1.3	E	24.3	26.4	26.4	25.8	1012.4	0.00	0.0	0	0.00	0	0.0	0.00	0.0	0.000	0.021	27.2	72	21.7	29.6	13.25	1.1449	0.00	118	1	100.0	5
15/10/19	4:35 a	24.2	24.3	24.2	97	23.7	0.4	E	0.13	1.3	E	24.2	26.3	26.3	25.7	1012.4	0.00	0.0	0	0.00	0	0.0	0.00	0.0	0.000	0.020	27.2	72	21.7	29.6	13.25	1.1450	0.00	114	1	100.0	5
15/10/19	4:40 a	24.2	24.2	24.2	97	23.7	0.0	E	0.00	0.4	E	24.2	26.3	26.3	25.7	1012.4	0.00	0.0	0	0.00	0	0.0	0.00	0.0	0.000	0.020	27.2	72	21.7	29.6	13.25	1.1450	0.00	114	1	100.0	5
15/10/19	4:45 a	24.2	24.3	24.2	97	23.7	0.0	E	0.00	0.4	E	24.2	26.3	26.3	25.7	1012.4	0.00	0.0	0	0.00	0	0.0	0.00	0.0	0.000	0.020	27.2	72	21.7	29.6	13.25	1.1450	0.00	117	1	100.0	5
15/10/19	4:50 a	24.2	24.3	24.2	97	23.7	0.0	E	0.00	0.4	E	24.2	26.3	26.3	25.7	1012.3	0.00	0.0	0	0.00	0	0.0	0.00	0.0	0.000	0.020	27.1	72	21.6	29.4	13.25	1.1452	0.00	117	1	100.0	5
15/10/19	4:55 a	24.1	24.2	24.1	97	23.6	0.0	---	0.00	0.0	---	24.1	26.2	26.2	25.6	1012.3	0.00	0.0	0	0.00	0	0.0	0.00	0.0	0.000	0.020	27.1	72	21.6	29.4	13.25	1.1452	0.00	117	1	100.0	5
15/10/19	5:00 a	24.0	24.1	24.0	98	23.7	0.0	E	0.00	0.4	E	24.0	26.1	26.1	25.4	1012.3	0.00	0.0	0	0.00	0	0.0	0.00	0.0	0.000	0.020	27.1	72	21.6	29.4	13.25	1.1452	0.00	116	1	100.0	5
15/10/19	5:05 a	24.0	24.1	24.0	97	23.5	0.0	E	0.00	0.9	E	24.0	26.0	26.0	25.4	1012.4	0.00	0.0	0	0.00	0	0.0	0.00	0.0	0.000	0.020	27.1	72	21.6	29.4	13.25	1.1452	0.00	117	1	100.0	5
15/10/19	5:10 a	23.9	24.0	23.8	98	23.6	0.4	E	0.13	0.9	E	23.9	25.8	25.8	25.2	1012.4	0.00	0.0	0	0.00	0	0.0	0.00	0.0	0.000	0.019	27.1	72	21.6	29.4	13.25	1.1453	0.00	114	1	100.0	5
15/10/19	5:15 a	23.8	23.9	23.8	98	23.5	0.0	E	0.00	0.9	E	23.8	25.8	25.8	25.2	1012.4	0.00	0.0	0	0.00	0	0.0	0.00	0.0	0.000	0.019	27.1	72	21.6	29.4	13.25	1.1453	0.00	113	1	99.1	5
15/10/19	5:20 a	23.8	23.8	23.8	98	23.5	0.0	E	0.00	0.4	E	23.8	25.8	25.8	25.2	1012.4	0.00	0.0	0	0.00	0	0.0	0.00	0.0	0.000	0.019	27.1	72	21.6	29.3	13.25	1.1456	0.00	117	1	100.0	5
15/10/19	5:25 a	23.8	23.8	23.8	98	23.5	0.4	E	0.13	0.4	E	23.8	25.8	25.8	25.2	1012.5	0.00	0.0	0	0.00	0	0.0	0.00	0.0	0.000	0.019	27.1	72	21.6	29.3	13.25	1.1457	0.00	116	1	100.0	5
15/10/19	5:30 a	23.8	23.8	23.8	98	23.5	0.4	E	0.13	1.3	E	23.8	25.8	25.8	25.2	1012.5	0.00	0.0	0	0.00	0	0.0	0.00	0.0	0.000	0.019	27.1	72	21.6	29.3	13.25	1.1457	0.00	117	1	100.0	5
15/10/19	5:35 a	23.9	23.9	23.8	98	23.6	0.4	E	0.13	1.3	E	23.9	25.8	25.8	25.2	1012.5	0.00	0.0	0	0.00	0	0.0	0.00	0.0	0.000	0.019	27.1	72	21.6	29.3	13.25	1.1457	0.00	118	1	100.0	5
15/10/19	5:40 a	23.9	23.9	23.8	97	23.4	0.4	E	0.13	0.9	E	23.9	25.8	25.8	25.2	1012.6	0.00	0.0	0	0.00	0	0.0	0.00	0.0	0.000	0.019	27.0	72	21.5	29.2	13.25	1.1461	0.00	117	1	100.0	5
15/10/19	5:45 a	23.9	23.9	23.8	98	23.6	0.4	E	0.13	0.9	E	23.9	25.8	25.8	25.2	1012.6	0.00	0.0	0	0.00	0	0.0	0.00	0.0	0.000	0.019	27.0	72	21.5	29.2	13.25	1.1461	0.00	114	1	100.0	5
15/10/19	5:50 a	23.9	23.9	23.9	97	23.4	0.0	E	0.00	0.4	E	23.9	25.8	25.8	25.2	1012.6	0.00	0.0	0	0.00	0	0.0	0.00	0.0	0.000	0.019	27.0	72	21.5	29.2	13.25	1.1461	0.00	115	1	100.0	5
15/10/19	5:55 a	23.9	23.9	23.9	97	23.4	0.0	E	0.00	0.9	E	23.9	25.9	25.9	25.3	1012.7	0.00	0.0	0	0.00	0	0.0	0.00	0.0	0.000	0.019	27.0	72	21.5	29.2	13.25	1.1463	0.00	117	1	100.0	5
15/10/19	6:00 a	23.9	23.9	23.9	97	23.4	0.4	E	0.13	0.9	E	23.9	25.8	25.8	25.2	1012.8	0.00	0.0	2	0.01	5	0.0	0.00	0.0	0.000	0.019	27.0	72	21.5	29.2	13.25	1.1464	0.00	116	1	100.0	5
15/10/19	6:05 a	23.9	23.9	23.9	97	23.4	0.4	E	0.13	1.3	E	23.9	25.8	25.8	25.3	1012.9	0.00	0.0	10	0.07	12	0.0	0.00	0.0	0.000	0.019	27.0	72	21.5	29.2	13.25	1.1464	0.00	116	1	100.0	5
15/10/19	6:10 a	23.9	24.0	23.9	97	23.4	0.4	E	0.13	1.3	E	23.9	25.9	25.9	25.4	1012.9	0.00	0.0	13	0.09	14	0.0	0.00	0.0	0.000	0.019	26.9	72	21.5	29.1	13.25	1.1468	0.00	116	1	100.0	5
15/10/19	6:15 a	24.1	24.1	23.9	97	23.5	0.4	E	0.13	0.9	E	24.1	26.1	26.1	25.7	1012.9	0.00	0.0	18	0.13	21	0.0	0.00	0.0	0.000	0.020	26.9	72	21.5	29.1	13.25	1.1468	0.00	115	1	100.0	5
15/10/19	6:20 a	24.1	24.1	24.0	97	23.6	0.0	E	0.00	0.9	E	24.1	26.2	26.2	25.9	1013.0	0.00	0.0	25	0.18	26	0.0	0.00	0.0	0.000	0.020	26.9	64	19.5	28.1	11.54	1.1505	0.00	113	1	99.1	5
15/10/19	6:25 a	24.2	24.2	24.1	97	23.7	0.9	E	0.27	1.3	E	24.2	26.2	26.2	26.0	1013.0	0.00	0.0	29	0.21	32	0.0	0.00	0.0	0.000	0.020	26.7	57	17.4	27.2	10.15	1.1546	0.00	114	1	100.0	5
15/10/19	6:30 a	24.3	24.3	24.2	97	23.8	0.4	E	0.13	0.9	ENE	24.3	26.4	26.4	26.3	1012.8	0.00	0.0	36	0.26	40	0.0	0.00	0.0	0.000	0.021	26.4	52	15.7	26.6	9.46	1.1578	0.00	117	1	100.0	5
15/10/19	6:35 a	24.4	24.4	24.3	97	23.9	0.4	E	0.13	0.9	E	24.4	26.6	26.6	26.6	1012.9	0.00	0.0	48	0.34	54	0.0	0.00	0.0	0.000	0.021	26.0	47	13.8	25.8	8.67	1.1618	0.00	117	1	100.0	5
15/10/19	6:40 a	24.5	24.5	24.4	97	24.0	0.9	ESE	0.27	1.8	ESE	24.5	26.8	26.8	27.1	1012.9	0.00	0.0	63	0.45	72	0.0	0.00	0.0	0.000	0.021	25.7	52	15.1	25.8	9.48	1.1613	0.00	118	1	100.0	5
15/10/19	6:45 a	24.6	24.6	24.5	96	23.9	0.9	ESE	0.27	1.3	ESE	24.6	26.9	26.9	27.9	1013.1	0.00	0.0	125	0.90	151	0.0	0.00	0.0	0.000	0.022	25.6	49	14.1	25.5	8.99	1.1634	0.00	116	1	100.0	5
15/10/19	6:50 a	24.9	24.9	24.7	95	24.1	0.4	ESE	0.13	0.9	ESE	24.9	27.4	27.4	29.1	1013.2	0.00	0.0	170	1.22	183	0.0	0.00	0.0	0.000	0.023	25.3	46	12.9	25.1	8.50	1.1658	0.00	116	1	100.0	5
15/10/19	6:55 a	25.3	25.3	24.9	94	24.3	0.0	ESE	0.00	0.4	ESE	25.3	28.1	28.1	30.3	1013.0	0.00	0.0	205	1.47	221	0.0	0.00	0.0	0.000	0.024	25.1	44	11.9	24.7	8.21	1.1677	0.00	114	1	100.0	5
15/10/19	7:00 a	25.8	25.8	25.4	92	24.4	0.0	ESE	0.00	0.9	ESE	25.8	28.8	28.8	31.3	1013.3	0.00	0.0	235	1.68	241	0.3	0.01	0.5	0.000	0.026	24.9	49	13.5	24.8	9.01	1.1667	0.05	116	1	100.0	5
15/10/19	7:05 a	26.1	26.1	25.8	91	24.5	0.0	ESE	0.00	0.9	ESE	26.1	29.4	29.4	31.7	1013.3	0.00	0.0	217	1.56	232	0.6	0.02	0.6	0.000	0.027	24.8	49	13.4	24.7	9.02	1.1673	0.00	117	1	100.0	5
15/10/19	7:10 a	26.3	26.3	26.1	90	24.6	0.0	ESE	0.00	0.9	ESE	26.3	29.8	29.8	32.2	1013.3	0.00	0.0	219	1.57	232	0.7	0.03	0.7	0.000	0.028	24.7	45	12.0	24.4	8.42	1.1693	0.00	116	1	100.0	5
15/10/19	7:15 a	26.3	26.4	26.3	90	24.6	0.4	SE	0.13	1.3	SE	26.3	29.8	29.8	31.2	1013.3	0.00	0.0	150	1.08	214	0.7	0.03	0.8	0.000	0.028	24.6	48	12.8	24.4	8.93	1.1691	0.00	117	1	100.0	5
15/10/19	7:20 a	26.3	26.4	26.3	90	24.5	0.9	SSE	0.27	2.2	S	26.3	29.7	29.7	31.1	1013.4	0.00	0.0	151	1.08	174	0.8	0.03	0.8	0.000	0.028	24.5	51	13.7	24.5	9.35	1.1684	0.00	117	1	100.0	5
15/10/19	7:25 a	26.5	26.5	26.3	89	24.5	0.4	S	0.13	1.3	S	26.5	30.1	30.1	33.3	1013.4	0.00	0.0	279	2.00	353	1.0	0.04	1.1	0.000	0.028	24.4	47	12.4	24.2	8.73	1.1701	0.00	115	1	100.0	5
15/10/19	7:30 a	26.8	26.8	26.5	88	24.7	0.4	S	0.13	2.2	SSE	26.8	30.8	30.8	34.5	1013.3	0.00	0.0	316	2.26	346	1.2	0.04	1.2	0.000	0.030	24.4	47	12.3	24.2	8.73	1.1702	0.00	113	1	99.1	5
15/10/19	7:35 a	27.2	27.2	26.8	87	24.9	0.0	S	0.00	1.3	SSE	27.2	31.6	31.6	35.6	1013.4	0.00	0.0	339	2.43	350	1.3	0.05	1.4	0.000	0.031	24.3	51	13.5	24.3	9.35	1.1692	0.00	116	1	100.0	5
15/10/19	7:40 a	27.2	27.2	27.1	87	24.8	0.9	S	0.27	1.3	S	27.2	31.4	31.4	35.4	1013.4	0.00	0.0	332	2.38	343	1.5	0.05	1.5	0.000	0.031	24.3	47	12.2	24.1	8.74	1.1709	0.00	115	1	100.0	5
15/10/19	7:45 a	27.3	27.3	27.2	86	24.8	0.4	WSW	0.13	1.3	WSW	27.3	31.7	31.7	35.7	1013.3	0.00	0.0	336	2.41	343	1.6	0.06	1.7	0.000	0.031	24.2	48	12.5	24.1	8.94	1.1707	0.00	116	1	100.0	5
15/10/19	7:50 a	27.4	27.4	27.3	86	24.8	0.9	SSW	0.27	1.3	WSW	27.4	31.9	31.9	36.1	1013.3	0.00	0.0	355	2.54	364	1.8	0.06	1.9	0.000	0.031	24.2	50	13.1	24.2	9.24	1.1700	0.00	117	1	100.0	5
15/10/19	7:55 a	27.5	27.5	27.3	85	24.8	0.0	SSW	0.00	0.9	SSW	27.5	32.1	32.1	36.6	1013.4	0.00	0.0	374	2.68	383	2.0	0.07	2.0	0.000	0.032	24.2	46	11.8	23.9	8.54	1.1718	0.00	116	1	100.0	5
15/10/19	8:00 a	27.8	27.8	27.6	84	24.9	0.0	SSW	0.00	0.4	SSW	27.8	32.7	32.7	41.9	1013.5	0.00	0.0	395	2.83	403	2.2	0.08	2.2	0.000	0.033	24.1	50	13.0	24.1	9.24	1.1708	0.18	115	1	100.0	5
15/10/19	8:05 a	28.1	28.1	27.8	84	25.1	0.0	SSW	0.00	0.9	SSW	28.1	33.3	33.3	42.7	1013.5	0.00	0.0	413	2.96	422	2.4	0.09	2.4	0.000	0.034	24.1	50	13.0	24.1	9.24	1.1708	0.00	113	1	99.1	5
15/10/19	8:10 a	28.4	28.4	28.1	82	25.0	0.0	SSW	0.00	0.9	SSW	28.4	33.7	33.7	43.3	1013.7	0.00	0.0	434	3.11	445	2.6	0.09	2.6	0.000	0.035	24.1	46	11.7	23.8	8.54	1.1727	0.00	115	1	100.0	5
15/10/19	8:15 a	28.7	28.8	28.4	82	25.3	0.4	N	0.13	1.3	N	28.7	34.6	34.6	44.4	1013.7	0.00	0.0	455	3.26	466	2.8	0.10	2.8	0.000	0.036	24.0	50	12.9	23.9	9.25	1.1716	0.00	116	1	100.0	5
15/10/19	8:20 a	29.1	29.1	28.7	81	25.5	0.9	NNE	0.27	2.2	NNE	29.1	35.3	35.3	44.3	1013.8	0.00	0.0	434	3.11	510	3.0	0.11	3.1	0.000	0.037	24.0	50	12.9	23.9	9.25	1.1716	0.00	117	1	100.0	5
15/10/19	8:25 a	29.0	29.1	28.9	82	25.6	0.9	NE	0.27	1.8	NE	29.0	35.4	35.4	43.4	1013.8	0.00	0.0	401	2.87	431	2.9	0.10	3.1	0.000	0.037	24.0	47	12.0	23.8	8.75	1.1727	0.00	117	1	100.0	5
15/10/19	8:30 a	28.6	29.0	28.6	82	25.2	0.4	NE	0.13	1.3	NNE	28.6	34.3	34.3	39.2	1014.0	0.00	0.0	265	1.90	271	2.2	0.08	2.4	0.000	0.036	23.9	50	12.8	23.8	9.25	1.1725	0.00	117	1	100.0	5
15/10/19	8:35 a	28.4	28.6	28.4	83	25.2	0.4	NNW	0.13	1.3	NNW	28.4	33.9	33.9	38.9	1014.0	0.00	0.0	271	1.94	306	2.4	0.09	3.1	0.000	0.035	23.9	51	13.2	23.9	9.35	1.1718	0.00	112	1	98.2	5
15/10/19	8:40 a	28.8	28.8	28.4	83	25.7	0.4	NNW	0.13	1.3	NNW	28.8	35.2	35.2	40.7	1014.0	0.00	0.0	319	2.29	366	3.1	0.11	3.5	0.000	0.036	23.9	58	15.2	24.1	10.55	1.1694	0.00	113	1	99.1	5
15/10/19	8:45 a	29.1	29.1	28.8	83	25.9	0.4	ENE	0.13	1.3	E	29.1	35.8	35.8	44.5	1014.0	0.00	0.0	494	3.54	531	3.5	0.13	3.7	0.000	0.037	24.0	57	15.0	24.2	10.34	1.1695	0.00	117	1	100.0	5
15/10/19	8:50 a	29.1	29.2	29.1	82	25.7	0.9	WNW	0.27	1.8	WNW	29.1	35.6	35.6	47.4	1014.1	0.00	0.0	683	4.90	696	4.0	0.14	4.2	0.000	0.037	24.0	58	15.2	24.2	10.54	1.1692	0.00	116	1	100.0	5
15/10/19	8:55 a	28.8	29.1	28.8	82	25.5	0.9	W	0.27	1.8	W	28.8	34.9	34.9	40.7	1014.0	0.00	0.0	371	2.66	622	3.1	0.11	4.2	0.000	0.036	24.0	59	15.5	24.2	10.74	1.1688	0.00	115	1	100.0	5
15/10/19	9:00 a	28.9	28.9	28.8	83	25.7	0.9	NW	0.27	1.8	NW	28.9	35.3	35.3	40.3	1014.1	0.00	0.0	287	2.06	320	2.5	0.09	2.8	0.000	0.037	24.0	58	15.2	24.2	10.54	1.1692	0.28	116	1	100.0	5
15/10/19	9:05 a	29.5	29.5	28.9	81	25.9	1.3	NNE	0.40	3.1	N	29.5	36.6	36.6	41.8	1014.0	0.00	0.0	312	2.24	352	3.9	0.14	4.9	0.000	0.039	24.1	60	15.8	24.3	10.94	1.1682	0.00	116	1	100.0	5
15/10/19	9:10 a	29.1	29.5	29.1	82	25.7	0.9	N	0.27	1.8	WNW	29.1	35.6	35.6	39.1	1013.9	0.00	0.0	202	1.45	211	3.0	0.11	3.2	0.000	0.037	24.1	58	15.3	24.3	10.53	1.1684	0.00	112	1	98.2	5
15/10/19	9:15 a	29.5	29.5	28.9	82	26.1	0.9	NNE	0.27	1.8	NNE	29.5	36.8	36.8	39.7	1013.9	0.00	0.0	172	1.23	199	5.2	0.19	5.8	0.000	0.039	24.1	59	15.6	24.3	10.73	1.1681	0.00	113	1	99.1	5
15/10/19	9:20 a	29.4	29.7	29.4	81	25.8	0.4	WNW	0.13	1.8	NNW	29.4	36.3	36.3	38.3	1013.9	0.00	0.0	125	0.90	158	5.9	0.21	5.9	0.000	0.038	24.2	58	15.4	24.3	10.53	1.1681	0.00	117	1	100.0	5
15/10/19	9:25 a	30.1	30.1	29.4	81	26.5	1.3	NNW	0.40	2.7	N	30.1	38.4	38.4	39.9	1013.9	0.00	0.0	101	0.72	109	6.1	0.22	6.2	0.000	0.041	24.2	59	15.6	24.4	10.73	1.1678	0.00	116	1	100.0	5
15/10/19	9:30 a	30.5	30.5	30.1	78	26.2	1.8	NNW	0.54	3.1	N	30.5	38.7	38.7	40.3	1014.0	0.00	0.0	111	0.80	118	6.4	0.23	6.5	0.000	0.042	24.2	57	15.2	24.4	10.33	1.1684	0.00	117	1	100.0	5
15/10/19	9:35 a	30.6	30.6	30.4	78	26.3	1.8	NNE	0.54	3.6	N	30.6	39.0	39.0	40.9	1013.9	0.00	0.0	128	0.92	169	6.7	0.24	6.8	0.000	0.043	24.2	59	15.7	24.4	10.73	1.1675	0.00	116	1	100.0	5
15/10/19	9:40 a	30.2	30.7	30.2	77	25.7	2.2	NNE	0.67	4.5	NNE	30.2	37.6	37.6	41.2	1014.0	0.00	0.0	243	1.74	265	5.0	0.18	6.5	0.000	0.041	24.2	57	15.2	24.4	10.33	1.1683	0.00	117	1	100.0	5
15/10/19	9:45 a	29.8	30.2	29.7	79	25.7	1.3	N	0.40	4.5	N	29.8	36.8	36.8	40.8	1014.0	0.00	0.0	265	1.90	329	4.5	0.16	5.1	0.000	0.040	24.3	59	15.8	24.5	10.72	1.1673	0.00	114	1	100.0	5
15/10/19	9:50 a	30.3	30.3	29.8	78	26.1	1.3	NNE	0.40	2.2	NNE	30.3	38.2	38.2	43.9	1014.0	0.00	0.0	427	3.06	461	6.7	0.24	7.3	0.000	0.042	24.3	57	15.2	24.4	10.32	1.1680	0.00	115	1	100.0	5
15/10/19	9:55 a	30.5	30.7	30.3	77	26.0	1.8	NNW	0.54	3.6	NNW	30.5	38.4	38.4	43.3	1014.0	0.00	0.0	355	2.54	524	4.9	0.17	6.2	0.000	0.042	24.3	59	15.8	24.6	10.72	1.1670	0.00	118	1	100.0	5
15/10/19	10:00 a	29.8	30.4	29.8	79	25.8	1.3	NW	0.40	4.0	NW	29.8	37.0	37.0	39.5	1014.0	0.00	0.0	179	1.28	195	2.4	0.09	3.0	0.000	0.040	24.3	56	15.0	24.5	10.22	1.1682	0.18	115	1	100.0	5
15/10/19	10:05 a	29.6	29.8	29.6	79	25.5	1.8	NW	0.54	3.6	WNW	29.6	36.2	36.2	39.6	1014.0	0.00	0.0	241	1.73	301	2.8	0.10	3.4	0.000	0.039	24.3	58	15.5	24.6	10.52	1.1674	0.00	117	1	100.0	5
15/10/19	10:10 a	29.5	29.6	29.4	82	26.1	1.3	NNW	0.40	3.1	N	29.5	36.8	36.8	41.1	1014.0	0.00	0.0	315	2.26	320	3.8	0.14	3.8	0.000	0.039	24.3	57	15.2	24.4	10.32	1.1681	0.00	117	1	100.0	5
15/10/19	10:15 a	29.4	29.6	29.4	81	25.8	1.3	NW	0.40	3.6	NNW	29.4	36.3	36.3	40.8	1013.9	0.00	0.0	343	2.46	404	4.2	0.15	4.4	0.000	0.038	24.3	58	15.5	24.6	10.52	1.1673	0.00	116	1	100.0	5
15/10/19	10:20 a	29.4	29.4	29.3	82	26.0	1.3	NW	0.40	3.6	N	29.4	36.5	36.5	40.9	1013.8	0.00	0.0	340	2.44	346	4.4	0.16	4.4	0.000	0.038	24.3	57	15.3	24.5	10.32	1.1676	0.00	114	1	100.0	5
15/10/19	10:25 a	29.4	29.5	29.2	82	26.0	1.3	N	0.40	3.6	N	29.4	36.7	36.7	41.4	1013.7	0.00	0.0	369	2.64	399	4.9	0.17	5.6	0.000	0.039	24.3	58	15.5	24.6	10.52	1.1671	0.00	115	1	100.0	5
15/10/19	10:30 a	29.8	29.8	29.4	81	26.2	1.8	NNW	0.54	4.9	NW	29.8	37.4	37.4	43.7	1013.6	0.00	0.0	546	3.91	613	7.2	0.26	8.4	0.000	0.040	24.3	57	15.3	24.5	10.32	1.1673	0.00	116	1	100.0	5
15/10/19	10:35 a	30.1	30.2	29.8	80	26.3	1.3	NW	0.40	4.9	NW	30.1	38.1	38.1	44.9	1013.5	0.00	0.0	781	5.60	1137	8.0	0.29	10.0	0.000	0.041	24.4	58	15.6	24.6	10.51	1.1666	0.00	116	1	100.0	5
15/10/19	10:40 a	30.4	30.4	30.1	80	26.6	1.8	WNW	0.54	4.0	NNW	30.4	39.1	39.1	48.9	1013.6	0.00	0.0	1107	7.93	1120	10.0	0.36	10.6	0.000	0.042	24.4	57	15.4	24.6	10.31	1.1667	0.00	116	1	100.0	5
15/10/19	10:45 a	30.4	30.6	30.3	80	26.5	2.2	WNW	0.67	4.5	W	30.4	38.9	38.9	44.9	1013.6	0.00	0.0	513	3.68	561	7.7	0.28	9.1	0.000	0.042	24.4	57	15.4	24.6	10.31	1.1668	0.00	117	1	100.0	5
15/10/19	10:50 a	30.6	30.6	30.2	80	26.8	1.8	NW	0.54	4.5	NNW	30.6	39.6	39.6	47.9	1013.4	0.00	0.0	991	7.10	1076	9.6	0.34	9.9	0.000	0.043	24.4	58	15.6	24.7	10.51	1.1661	0.00	116	1	100.0	5
15/10/19	10:55 a	31.1	31.1	30.7	78	26.8	1.8	NW	0.54	4.5	WNW	31.1	40.6	40.6	48.8	1013.3	0.00	0.0	995	7.13	1037	10.1	0.36	10.4	0.000	0.044	24.5	58	15.7	24.7	10.51	1.1657	0.00	113	1	99.1	5
15/10/19	11:00 a	31.2	31.3	31.1	78	26.9	2.7	NW	0.80	5.4	WNW	31.2	40.7	40.7	49.6	1013.1	0.00	0.0	1080	7.74	1127	10.4	0.37	10.8	0.000	0.045	24.6	58	15.7	24.8	10.50	1.1653	0.43	115	1	100.0	5
15/10/19	11:05 a	30.5	31.2	30.5	78	26.2	2.7	NW	0.80	5.8	N	30.5	38.7	38.7	43.4	1013.1	0.00	0.0	402	2.88	457	6.2	0.22	8.0	0.000	0.042	24.6	58	15.7	24.8	10.50	1.1652	0.00	118	1	100.0	5
15/10/19	11:10 a	30.1	30.4	30.1	80	26.3	2.2	NW	0.67	4.5	WNW	30.1	38.1	38.1	43.0	1013.0	0.00	0.0	419	3.00	466	5.6	0.20	6.3	0.000	0.041	24.6	58	15.8	24.8	10.50	1.1648	0.00	117	1	100.0	5
15/10/19	11:15 a	29.7	30.1	29.7	83	26.5	1.8	NNW	0.54	4.5	NW	29.7	37.8	37.8	42.6	1012.9	0.00	0.0	411	2.95	438	5.6	0.20	5.9	0.000	0.040	24.6	57	15.5	24.7	10.30	1.1653	0.00	117	1	100.0	5
15/10/19	11:20 a	30.2	30.2	29.7	81	26.5	2.2	NNW	0.67	4.5	NNE	30.2	38.6	38.6	43.7	1012.8	0.00	0.0	445	3.19	445	9.2	0.33	11.5	0.000	0.041	24.6	57	15.5	24.7	10.30	1.1652	0.00	116	1	100.0	5
15/10/19	11:25 a	31.1	31.1	30.2	79	27.0	2.2	NNW	0.67	5.8	N	31.1	40.9	40.9	48.8	1012.5	0.00	0.0	1076	7.71	1134	11.4	0.41	11.4	0.000	0.044	24.6	57	15.5	24.8	10.30	1.1646	0.00	116	1	100.0	5
15/10/19	11:30 a	31.6	31.7	31.1	77	27.1	2.7	NNW	0.80	4.5	NW	31.6	41.8	41.8	49.3	1012.5	0.00	0.0	1040	7.45	1046	10.9	0.39	11.4	0.000	0.046	24.6	57	15.5	24.8	10.30	1.1646	0.00	113	1	99.1	5
15/10/19	11:35 a	31.7	31.7	31.5	77	27.2	2.7	NW	0.80	5.8	N	31.7	42.2	42.2	49.7	1012.5	0.00	0.0	1055	7.56	1060	11.5	0.41	11.5	0.000	0.046	24.7	57	15.6	24.8	10.29	1.1643	0.00	113	1	99.1	5
15/10/19	11:40 a	30.8	31.7	30.8	78	26.5	3.1	NW	0.94	5.4	N	30.8	39.6	39.6	44.4	1012.3	0.00	0.0	434	3.11	462	7.7	0.28	10.8	0.000	0.043	24.8	57	15.7	24.9	10.29	1.1635	0.00	117	1	100.0	5
15/10/19	11:45 a	30.5	30.7	30.4	80	26.7	1.8	NW	0.54	3.6	NNW	30.5	39.3	39.3	45.1	1012.3	0.00	0.0	529	3.79	554	6.8	0.24	7.0	0.000	0.042	24.9	55	15.3	25.1	9.97	1.1633	0.00	117	1	100.0	5
15/10/19	11:50 a	30.4	30.6	30.4	80	26.5	1.8	NW	0.54	4.0	NW	30.4	38.9	38.9	44.2	1012.2	0.00	0.0	456	3.27	501	6.1	0.22	6.4	0.000	0.042	25.0	56	15.6	25.2	10.17	1.1626	0.00	117	1	100.0	5
15/10/19	11:55 a	29.7	30.4	29.7	81	26.1	2.2	NW	0.67	4.9	WNW	29.7	37.2	37.2	40.7	1012.2	0.00	0.0	288	2.06	410	4.1	0.15	5.4	0.000	0.040	25.1	54	15.1	25.2	9.81	1.1631	0.00	117	1	100.0	5
15/10/19	12:00 p	29.2	29.7	29.2	83	26.0	2.2	NW	0.67	4.9	N	29.2	36.3	36.3	38.2	1012.1	0.00	0.0	169	1.21	199	2.8	0.10	3.1	0.000	0.038	25.1	56	15.7	25.3	10.16	1.1619	0.43	117	1	100.0	5
15/10/19	12:05 p	29.1	29.2	29.1	84	26.1	1.8	NNW	0.54	4.0	WNW	29.1	36.2	36.2	38.6	1012.1	0.00	0.0	205	1.47	216	3.1	0.11	3.3	0.000	0.037	25.1	54	15.1	25.2	9.81	1.1627	0.00	114	1	100.0	5
15/10/19	12:10 p	28.9	29.1	28.9	86	26.3	1.3	N	0.40	3.6	NNW	28.9	36.0	36.0	37.6	1012.3	0.00	0.0	145	1.04	167	2.2	0.08	2.5	0.000	0.037	25.1	56	15.7	25.3	10.16	1.1621	0.00	115	1	100.0	5
15/10/19	12:15 p	28.6	28.9	28.6	87	26.2	1.8	NNW	0.54	3.1	NW	28.6	35.4	35.4	36.4	1012.5	0.00	0.0	102	0.73	105	1.5	0.05	1.7	0.000	0.036	25.2	54	15.2	25.3	9.80	1.1628	0.00	116	1	100.0	5
15/10/19	12:20 p	28.3	28.6	28.3	86	25.8	4.0	NNE	1.21	9.8	NE	27.9	34.3	33.9	34.2	1012.7	0.00	0.0	50	0.36	84	0.5	0.02	1.3	0.000	0.035	25.2	56	15.8	25.3	10.16	1.1624	0.00	117	1	100.0	5
15/10/19	12:25 p	26.8	28.3	26.8	85	24.0	5.8	NE	1.74	10.3	NE	25.4	30.3	28.9	28.7	1012.6	0.76	38.6	10	0.07	12	0.0	0.00	0.0	0.000	0.029	25.2	55	15.5	25.3	9.95	1.1623	0.00	117	1	100.0	5
15/10/19	12:30 p	25.4	26.7	25.4	88	23.3	4.9	NE	1.48	8.0	NNE	24.2	27.7	26.5	26.2	1012.8	3.56	95.5	11	0.08	12	0.0	0.00	0.0	0.000	0.025	25.2	57	16.0	25.4	10.26	1.1620	0.00	117	1	100.0	5
15/10/19	12:35 p	24.3	25.4	24.3	92	22.9	4.9	NNE	1.48	8.9	ENE	23.1	26.1	24.8	24.6	1012.6	6.60	128.3	14	0.10	18	0.0	0.00	0.0	0.000	0.021	25.1	61	17.1	25.5	11.01	1.1607	0.00	115	1	100.0	5
15/10/19	12:40 p	24.1	24.3	24.1	94	23.1	3.6	NNE	1.07	7.2	N	23.8	25.9	25.7	25.4	1012.3	3.05	63.2	21	0.15	23	0.0	0.00	0.0	0.000	0.020	25.2	57	16.0	25.4	10.26	1.1615	0.00	114	1	100.0	5
15/10/19	12:45 p	24.2	24.2	24.1	94	23.2	2.7	NE	0.80	5.8	N	24.2	26.1	26.1	25.9	1012.3	1.52	22.9	26	0.19	26	0.0	0.00	0.0	0.000	0.020	25.1	61	17.1	25.5	11.01	1.1602	0.00	114	1	100.0	5
15/10/19	12:50 p	24.1	24.3	24.1	94	23.1	2.7	NNE	0.80	5.4	NNE	24.1	25.9	25.9	25.8	1012.4	1.52	25.1	29	0.21	30	0.0	0.00	0.0	0.000	0.020	25.1	57	15.9	25.2	10.27	1.1621	0.00	115	1	100.0	5
15/10/19	12:55 p	23.9	24.1	23.9	95	23.0	2.2	NNE	0.67	5.4	NNE	23.9	25.7	25.7	25.7	1012.2	0.76	15.5	32	0.23	33	0.0	0.00	0.0	0.000	0.019	25.1	61	17.0	25.4	11.01	1.1605	0.00	117	1	100.0	5
15/10/19	1:00 p	24.1	24.1	23.9	96	23.4	1.3	NNW	0.40	3.1	NW	24.1	26.1	26.1	26.1	1012.1	0.51	9.7	33	0.24	33	0.0	0.00	0.0	0.000	0.020	25.1	58	16.2	25.3	10.47	1.1614	0.05	115	1	100.0	5
15/10/19	1:05 p	24.3	24.3	24.1	96	23.6	1.8	NE	0.54	3.6	N	24.3	26.3	26.3	26.3	1011.9	0.51	7.4	34	0.24	35	0.0	0.00	0.0	0.000	0.021	25.0	61	17.0	25.3	11.01	1.1604	0.00	112	1	98.2	5
15/10/19	1:10 p	24.4	24.4	24.3	95	23.6	1.3	NNE	0.40	2.2	N	24.4	26.5	26.5	26.5	1011.8	0.25	5.6	35	0.25	35	0.0	0.00	0.0	0.000	0.021	25.0	57	15.9	25.2	10.27	1.1618	0.00	114	1	100.0	5
15/10/19	1:15 p	24.4	24.4	24.3	95	23.5	0.9	NNW	0.27	3.1	NNE	24.4	26.4	26.4	26.4	1011.5	0.25	3.3	35	0.25	35	0.0	0.00	0.0	0.000	0.021	24.9	60	16.6	25.2	10.87	1.1606	0.00	114	1	100.0	5
15/10/19	1:20 p	24.4	24.4	24.3	96	23.8	0.9	NNE	0.27	1.8	N	24.4	26.6	26.6	26.6	1011.4	0.00	1.8	35	0.25	35	0.0	0.00	0.0	0.000	0.021	24.9	57	15.8	25.1	10.27	1.1616	0.00	112	1	98.2	5
15/10/19	1:25 p	24.7	24.7	24.4	96	24.0	0.4	ENE	0.13	1.3	NE	24.7	27.0	27.0	27.0	1011.4	0.00	1.3	35	0.25	35	0.0	0.00	0.0	0.000	0.022	24.9	59	16.3	25.1	10.68	1.1612	0.00	111	1	97.4	5
15/10/19	1:30 p	24.6	24.7	24.6	96	23.9	0.9	SE	0.27	1.8	E	24.6	26.9	26.9	26.9	1011.5	0.00	1.0	33	0.24	33	0.0	0.00	0.0	0.000	0.022	24.8	56	15.5	25.0	10.18	1.1626	0.00	110	1	96.5	5
15/10/19	1:35 p	24.7	24.7	24.6	96	24.0	0.4	SE	0.13	0.9	SE	24.7	27.1	27.1	27.1	1011.3	0.00	0.0	33	0.24	33	0.0	0.00	0.0	0.000	0.022	24.8	58	16.0	25.1	10.48	1.1617	0.00	113	1	99.1	5
15/10/19	1:40 p	24.8	24.8	24.7	96	24.1	0.0	SE	0.00	0.9	SE	24.8	27.2	27.2	27.2	1011.2	0.00	0.0	33	0.24	33	0.0	0.00	0.0	0.000	0.022	24.8	57	15.7	24.9	10.29	1.1623	0.00	109	1	95.6	5
15/10/19	1:45 p	24.9	24.9	24.8	96	24.3	0.4	SE	0.13	0.9	SE	24.9	27.5	27.5	27.5	1011.2	0.00	0.0	33	0.24	33	0.0	0.00	0.0	0.000	0.023	24.7	59	16.2	24.9	10.69	1.1617	0.00	116	1	100.0	5
15/10/19	1:50 p	25.1	25.1	24.9	96	24.4	0.4	SE	0.13	1.3	ESE	25.1	27.8	27.8	27.8	1011.1	0.00	0.0	33	0.24	33	0.0	0.00	0.0	0.000	0.024	24.8	57	15.7	24.9	10.29	1.1621	0.00	111	1	97.4	5
15/10/19	1:55 p	25.2	25.2	25.1	96	24.5	0.0	ESE	0.00	0.9	ESE	25.2	27.9	27.9	27.9	1011.0	0.00	0.0	33	0.24	33	0.0	0.00	0.0	0.000	0.024	24.7	59	16.1	24.9	10.69	1.1618	0.00	116	1	100.0	5
15/10/19	2:00 p	25.1	25.2	25.1	96	24.4	0.4	ESE	0.13	1.3	ESE	25.1	27.8	27.8	27.8	1011.0	0.00	0.0	35	0.25	35	0.0	0.00	0.0	0.000	0.024	24.7	60	16.4	25.0	10.89	1.1611	0.03	110	1	96.5	5
15/10/19	2:05 p	25.1	25.2	25.1	96	24.4	0.4	NE	0.13	0.9	NE	25.1	27.8	27.8	27.8	1010.8	0.00	0.0	36	0.26	37	0.0	0.00	0.0	0.000	0.024	24.7	58	15.9	24.9	10.49	1.1617	0.00	116	1	100.0	5
15/10/19	2:10 p	25.1	25.1	25.1	96	24.4	0.0	NE	0.00	0.9	NE	25.1	27.8	27.8	27.9	1010.8	0.00	0.0	39	0.28	40	0.0	0.00	0.0	0.000	0.024	24.7	60	16.4	24.9	10.89	1.1613	0.00	111	1	97.4	5
15/10/19	2:15 p	25.1	25.2	25.1	96	24.4	0.0	---	0.00	0.0	---	25.1	27.8	27.8	27.9	1010.8	0.00	0.0	42	0.30	44	0.0	0.00	0.0	0.000	0.024	24.7	58	15.8	24.9	10.49	1.1620	0.00	110	1	96.5	5
15/10/19	2:20 p	25.3	25.3	25.2	96	24.6	0.0	NE	0.00	0.4	NE	25.3	28.2	28.2	28.4	1010.8	0.25	0.0	45	0.32	46	0.0	0.00	0.0	0.000	0.024	24.7	60	16.4	24.9	10.89	1.1613	0.00	104	1	91.2	5
15/10/19	2:25 p	25.3	25.3	25.2	97	24.8	0.4	NE	0.13	0.9	NE	25.3	28.4	28.4	28.7	1010.8	0.00	0.0	52	0.37	54	0.0	0.00	0.0	0.000	0.024	24.7	57	15.6	24.8	10.29	1.1623	0.00	105	1	92.1	5
15/10/19	2:30 p	25.4	25.4	25.3	97	24.9	0.4	NE	0.13	1.3	NE	25.4	28.7	28.7	29.0	1010.7	0.25	1.8	58	0.42	62	0.5	0.02	0.6	0.000	0.025	24.7	60	16.4	24.9	10.89	1.1611	0.00	110	1	96.5	5
15/10/19	2:35 p	25.4	25.4	25.4	97	24.9	0.9	NNE	0.27	1.3	NE	25.4	28.7	28.7	29.2	1010.5	0.00	1.8	68	0.49	70	0.7	0.03	0.7	0.000	0.025	24.7	57	15.6	24.8	10.29	1.1620	0.00	110	1	96.5	5
15/10/19	2:40 p	25.6	25.6	25.4	97	25.1	0.9	NNE	0.27	1.3	NE	25.6	29.1	29.1	29.7	1010.4	0.00	1.3	77	0.55	83	0.8	0.03	0.8	0.000	0.025	24.6	59	16.1	24.8	10.70	1.1614	0.00	112	1	98.2	5
15/10/19	2:45 p	25.7	25.7	25.6	97	25.2	0.9	NNE	0.27	1.8	NE	25.7	29.3	29.3	30.2	1010.2	0.00	1.0	91	0.65	97	0.9	0.03	1.0	0.000	0.026	24.6	56	15.2	24.8	10.20	1.1622	0.00	111	1	97.4	5
15/10/19	2:50 p	25.9	25.9	25.7	97	25.4	1.3	NNE	0.40	1.8	NE	25.9	29.8	29.8	30.9	1009.9	0.25	1.0	110	0.79	118	1.1	0.04	1.1	0.000	0.026	24.6	58	15.8	24.8	10.50	1.1612	0.00	114	1	100.0	5
15/10/19	2:55 p	26.1	26.1	25.9	97	25.6	1.3	NE	0.40	2.7	ENE	26.1	30.2	30.2	31.6	1009.9	0.00	0.0	129	0.92	137	1.2	0.04	1.3	0.000	0.027	24.7	56	15.3	24.8	10.19	1.1616	0.00	110	1	96.5	5
15/10/19	3:00 p	26.3	26.3	26.1	96	25.6	1.8	NE	0.54	2.7	NE	26.3	30.6	30.6	32.2	1009.9	0.00	0.0	148	1.06	155	1.3	0.05	1.4	0.000	0.028	24.7	57	15.6	24.8	10.29	1.1612	0.05	107	1	93.9	5
15/10/19	3:05 p	26.4	26.4	26.3	96	25.8	1.8	NE	0.54	2.7	NE	26.4	30.9	30.9	32.9	1009.9	0.00	0.0	171	1.23	179	1.4	0.05	1.5	0.000	0.028	24.7	57	15.6	24.9	10.29	1.1609	0.00	111	1	97.4	5
15/10/19	3:10 p	26.6	26.6	26.4	96	25.9	0.9	ENE	0.27	2.7	NE	26.6	31.4	31.4	33.6	1009.8	0.00	0.0	192	1.38	197	1.6	0.06	1.6	0.000	0.029	24.7	57	15.6	24.9	10.29	1.1609	0.00	114	1	100.0	5
15/10/19	3:15 p	26.7	26.7	26.6	95	25.8	0.9	NE	0.27	1.8	NE	26.7	31.4	31.4	33.8	1009.8	0.00	0.0	208	1.49	218	1.6	0.06	1.7	0.000	0.029	24.7	56	15.3	24.8	10.19	1.1615	0.00	112	1	98.2	5
15/10/19	3:20 p	26.9	26.9	26.7	93	25.7	0.9	NNE	0.27	2.2	NNE	26.9	31.7	31.7	34.6	1009.8	0.00	0.0	238	1.71	246	1.8	0.06	1.8	0.000	0.030	24.7	57	15.6	24.9	10.29	1.1608	0.00	117	1	100.0	5
15/10/19	3:25 p	27.2	27.2	26.9	93	25.9	0.9	NE	0.27	2.7	NNE	27.2	32.4	32.4	35.5	1009.7	0.00	0.0	253	1.81	257	1.8	0.06	1.8	0.000	0.031	24.7	56	15.3	24.8	10.19	1.1614	0.00	114	1	100.0	5
15/10/19	3:30 p	27.3	27.4	27.2	92	25.9	0.9	NNE	0.27	1.8	NNE	27.3	32.7	32.7	36.0	1009.7	0.00	0.0	270	1.94	276	1.9	0.07	1.9	0.000	0.031	24.7	57	15.6	24.8	10.29	1.1610	0.00	113	1	99.1	5
15/10/19	3:35 p	27.6	27.6	27.3	92	26.1	1.3	NNE	0.40	2.2	NE	27.6	33.3	33.3	36.7	1009.7	0.00	0.0	278	1.99	279	1.9	0.07	1.9	0.000	0.032	24.7	56	15.3	24.8	10.19	1.1614	0.00	112	1	98.2	5
15/10/19	3:40 p	27.8	27.8	27.5	92	26.4	1.3	NE	0.40	2.2	NE	27.8	33.9	33.9	37.6	1009.6	0.00	0.0	290	2.08	301	1.9	0.07	1.9	0.000	0.033	24.7	57	15.6	24.9	10.29	1.1606	0.00	117	1	100.0	5
15/10/19	3:45 p	28.0	28.0	27.8	92	26.6	1.3	NE	0.40	3.1	NE	28.0	34.6	34.6	38.8	1009.5	0.00	0.0	335	2.40	360	1.9	0.07	2.0	0.000	0.034	24.7	57	15.6	24.8	10.29	1.1608	0.00	116	1	100.0	5
15/10/19	3:50 p	28.3	28.3	28.0	91	26.7	0.9	NE	0.27	2.2	N	28.3	35.2	35.2	39.9	1009.4	0.00	0.0	379	2.72	388	1.9	0.07	2.0	0.000	0.035	24.7	56	15.4	24.9	10.19	1.1607	0.00	117	1	100.0	5
15/10/19	3:55 p	28.4	28.4	28.3	89	26.5	1.3	NE	0.40	2.7	NE	28.4	35.3	35.3	39.9	1009.4	0.00	0.0	370	2.65	383	1.8	0.06	1.9	0.000	0.035	24.7	59	16.2	24.9	10.69	1.1596	0.00	116	1	100.0	5
15/10/19	4:00 p	28.6	28.6	28.4	89	26.6	0.9	NE	0.27	1.8	NE	28.6	35.8	35.8	40.4	1009.3	0.00	0.0	362	2.59	366	1.7	0.06	1.7	0.000	0.036	24.8	56	15.4	24.9	10.19	1.1604	0.18	116	1	100.0	5
15/10/19	4:05 p	28.5	28.6	28.5	89	26.5	1.3	NNW	0.40	2.2	NE	28.5	35.4	35.4	39.8	1009.4	0.00	0.0	335	2.40	353	1.6	0.06	1.6	0.000	0.035	24.7	59	16.2	24.9	10.69	1.1596	0.00	114	1	100.0	5
15/10/19	4:10 p	28.5	28.6	28.4	89	26.5	1.3	NNE	0.40	3.1	NNE	28.5	35.4	35.4	39.4	1009.3	0.00	0.0	303	2.17	320	1.4	0.05	1.5	0.000	0.035	24.8	56	15.4	24.9	10.19	1.1603	0.00	113	1	99.1	5
15/10/19	4:15 p	28.5	28.6	28.5	89	26.5	0.9	NE	0.27	1.8	NNE	28.5	35.4	35.4	38.3	1009.4	0.00	0.0	207	1.48	292	1.2	0.04	1.3	0.000	0.035	24.7	59	16.2	24.9	10.69	1.1596	0.00	117	1	100.0	5
15/10/19	4:20 p	28.4	28.5	28.4	90	26.6	0.9	N	0.27	1.8	NNW	28.4	35.3	35.3	36.7	1009.4	0.00	0.0	116	0.83	137	1.0	0.04	1.0	0.000	0.035	24.8	56	15.4	24.9	10.19	1.1605	0.00	117	1	100.0	5
15/10/19	4:25 p	28.3	28.4	28.3	91	26.7	0.9	NNE	0.27	1.8	NE	28.3	35.2	35.2	36.9	1009.4	0.00	0.0	132	0.95	149	0.7	0.03	0.8	0.000	0.035	24.7	59	16.2	24.9	10.69	1.1596	0.00	116	1	100.0	5
15/10/19	4:30 p	28.3	28.3	28.2	92	26.9	0.4	NW	0.13	2.2	NNE	28.3	35.6	35.6	37.6	1009.4	0.00	0.0	143	1.02	197	0.7	0.03	0.7	0.000	0.035	24.8	57	15.7	24.9	10.29	1.1600	0.00	118	1	100.0	5
15/10/19	4:35 p	28.6	28.6	28.3	90	26.8	1.3	NNE	0.40	2.2	NNW	28.6	35.8	35.8	37.9	1009.4	0.00	0.0	150	1.08	206	0.7	0.03	0.7	0.000	0.035	24.7	59	16.2	24.9	10.69	1.1596	0.00	115	1	100.0	5
15/10/19	4:40 p	28.7	28.7	28.6	88	26.5	1.8	NNW	0.54	3.6	NNE	28.7	35.8	35.8	38.4	1009.4	0.00	0.0	183	1.31	236	0.6	0.02	0.6	0.000	0.036	24.8	70	18.9	25.6	12.92	1.1554	0.00	114	1	100.0	5
15/10/19	4:45 p	28.6	28.7	28.6	88	26.4	2.2	NNW	0.67	4.5	N	28.6	35.6	35.6	37.6	1009.4	0.00	0.0	134	0.96	181	0.5	0.02	0.6	0.000	0.036	24.8	64	17.6	25.3	11.62	1.1572	0.00	115	1	100.0	5
15/10/19	4:50 p	28.5	28.6	28.5	88	26.3	1.8	NNW	0.54	4.0	N	28.5	35.2	35.2	37.3	1009.5	0.00	0.0	137	0.98	179	0.5	0.02	0.5	0.000	0.035	24.8	67	18.3	25.5	12.22	1.1562	0.00	117	1	100.0	5
15/10/19	4:55 p	28.6	28.6	28.5	88	26.4	1.8	N	0.54	4.9	N	28.6	35.4	35.4	37.6	1009.6	0.00	0.0	140	1.00	172	0.0	0.00	0.0	0.000	0.035	24.8	62	17.1	25.2	11.22	1.1582	0.00	115	1	100.0	5
15/10/19	5:00 p	28.5	28.6	28.5	88	26.3	1.8	N	0.54	4.5	N	28.5	35.2	35.2	36.3	1009.7	0.00	0.0	79	0.57	83	0.0	0.00	0.0	0.000	0.035	24.8	64	17.6	25.3	11.62	1.1576	0.13	114	1	100.0	5
15/10/19	5:05 p	28.4	28.5	28.4	88	26.2	1.8	N	0.54	4.0	NNW	28.4	34.9	34.9	36.1	1009.8	0.00	0.0	82	0.59	84	0.0	0.00	0.0	0.000	0.035	24.8	60	16.5	25.1	10.88	1.1591	0.00	115	1	100.0	5
15/10/19	5:10 p	28.4	28.4	28.4	89	26.4	2.2	NE	0.67	4.5	NNW	28.4	35.1	35.1	36.0	1009.5	0.00	0.0	65	0.47	72	0.0	0.00	0.0	0.000	0.035	24.8	62	17.1	25.2	11.22	1.1581	0.00	115	1	100.0	5
15/10/19	5:15 p	28.3	28.4	28.3	89	26.3	1.3	NNE	0.40	3.1	NNE	28.3	34.9	34.9	35.4	1009.7	0.00	0.0	45	0.32	51	0.0	0.00	0.0	0.000	0.035	24.8	60	16.5	25.1	10.88	1.1591	0.00	113	1	99.1	5
15/10/19	5:20 p	28.3	28.3	28.3	89	26.3	1.3	NNE	0.40	2.7	NNE	28.3	34.9	34.9	35.2	1009.6	0.00	0.0	31	0.22	33	0.0	0.00	0.0	0.000	0.035	24.7	60	16.4	25.0	10.89	1.1596	0.00	111	1	97.4	5
15/10/19	5:25 p	28.3	28.3	28.2	89	26.3	1.8	NE	0.54	4.5	NNE	28.3	34.8	34.8	34.8	1009.8	0.00	0.0	22	0.16	25	0.0	0.00	0.0	0.000	0.035	24.8	60	16.5	25.1	10.89	1.1595	0.00	116	1	100.0	5
15/10/19	5:30 p	28.2	28.3	28.2	89	26.2	1.3	NNE	0.40	4.0	N	28.2	34.6	34.6	34.6	1009.8	0.00	0.0	16	0.11	19	0.0	0.00	0.0	0.000	0.034	24.7	59	16.2	24.9	10.69	1.1602	0.00	116	1	100.0	5
15/10/19	5:35 p	28.1	28.2	28.1	90	26.3	1.3	NNE	0.40	3.6	NNE	28.1	34.3	34.3	34.2	1010.0	0.00	0.0	12	0.09	14	0.0	0.00	0.0	0.000	0.034	24.7	61	16.7	25.1	11.02	1.1597	0.00	116	1	100.0	5
15/10/19	5:40 p	28.0	28.1	27.9	90	26.2	1.3	NE	0.40	2.2	NE	28.0	34.2	34.2	33.9	1010.2	0.00	0.0	7	0.05	9	0.0	0.00	0.0	0.000	0.034	24.7	59	16.2	24.9	10.69	1.1606	0.00	117	1	100.0	5
15/10/19	5:45 p	28.1	28.1	28.0	90	26.3	1.3	NNE	0.40	2.2	N	28.1	34.3	34.3	34.0	1010.4	0.00	0.0	2	0.01	5	0.0	0.00	0.0	0.000	0.034	24.7	61	16.6	25.0	11.02	1.1604	0.00	113	1	99.1	5
15/10/19	5:50 p	27.9	28.1	27.9	90	26.2	0.9	NNE	0.27	2.2	ENE	27.9	34.0	34.0	33.6	1010.1	0.00	0.0	0	0.00	0	0.0	0.00	0.0	0.000	0.033	24.7	58	15.8	24.9	10.49	1.1612	0.00	115	1	100.0	5
15/10/19	5:55 p	27.8	27.9	27.8	90	26.0	0.9	NNE	0.27	1.8	NNE	27.8	33.7	33.7	33.3	1010.3	0.00	0.0	0	0.00	0	0.0	0.00	0.0	0.000	0.033	24.6	61	16.6	24.9	11.02	1.1605	0.00	116	1	100.0	5
15/10/19	6:00 p	27.7	27.8	27.7	91	26.1	0.9	NNE	0.27	1.8	NNE	27.7	33.6	33.6	33.2	1010.3	0.00	0.0	0	0.00	0	0.0	0.00	0.0	0.000	0.033	24.7	57	15.6	24.8	10.29	1.1617	0.03	117	1	100.0	5
15/10/19	6:05 p	27.6	27.7	27.6	91	26.0	0.9	NNE	0.27	1.8	NNE	27.6	33.2	33.2	32.8	1010.4	0.00	0.0	0	0.00	0	0.0	0.00	0.0	0.000	0.032	24.6	60	16.3	24.9	10.90	1.1611	0.00	116	1	100.0	5
15/10/19	6:10 p	27.5	27.6	27.5	91	25.9	1.3	NNE	0.40	1.8	NNE	27.5	32.9	32.9	32.6	1010.5	0.00	0.0	0	0.00	0	0.0	0.00	0.0	0.000	0.032	24.7	60	16.4	24.9	10.89	1.1609	0.00	117	1	100.0	5
15/10/19	6:15 p	27.6	27.6	27.5	91	26.0	1.3	ENE	0.40	2.2	N	27.6	33.2	33.2	32.8	1010.5	0.00	0.0	0	0.00	0	0.0	0.00	0.0	0.000	0.032	24.8	60	16.5	25.1	10.88	1.1600	0.00	116	1	100.0	5
15/10/19	6:20 p	27.6	27.6	27.6	91	26.0	0.4	NE	0.13	1.3	NE	27.6	33.1	33.1	32.7	1010.4	0.00	0.0	0	0.00	0	0.0	0.00	0.0	0.000	0.032	24.9	60	16.6	25.2	10.87	1.1593	0.00	113	1	99.1	5
15/10/19	6:25 p	27.5	27.6	27.5	92	26.1	1.3	NE	0.40	1.8	NE	27.5	33.1	33.1	32.7	1010.4	0.00	0.0	0	0.00	0	0.0	0.00	0.0	0.000	0.032	25.1	60	16.8	25.4	10.86	1.1584	0.00	113	1	99.1	5
15/10/19	6:30 p	27.4	27.5	27.4	92	26.0	1.3	NE	0.40	2.2	ENE	27.4	33.0	33.0	32.6	1010.4	0.00	0.0	0	0.00	0	0.0	0.00	0.0	0.000	0.032	25.3	61	17.2	25.7	11.00	1.1572	0.00	116	1	100.0	5
15/10/19	6:35 p	27.3	27.4	27.3	92	25.9	0.9	NE	0.27	1.8	NE	27.3	32.7	32.7	32.2	1010.4	0.00	0.0	0	0.00	0	0.0	0.00	0.0	0.000	0.031	25.4	62	17.6	25.9	11.20	1.1562	0.00	117	1	100.0	5
15/10/19	6:40 p	27.3	27.3	27.3	93	26.0	0.9	ENE	0.27	1.8	NE	27.3	32.7	32.7	32.2	1010.5	0.00	0.0	0	0.00	0	0.0	0.00	0.0	0.000	0.031	25.6	62	17.7	26.1	11.19	1.1555	0.00	117	1	100.0	5
15/10/19	6:45 p	27.2	27.3	27.2	93	26.0	0.4	ENE	0.13	1.8	ENE	27.2	32.6	32.6	32.1	1010.7	0.00	0.0	0	0.00	0	0.0	0.00	0.0	0.000	0.031	25.7	62	17.8	26.2	11.19	1.1551	0.00	117	1	100.0	5
15/10/19	6:50 p	27.1	27.2	27.1	93	25.9	0.9	NE	0.27	2.2	NE	27.1	32.2	32.2	31.7	1010.8	0.00	0.0	0	0.00	0	0.0	0.00	0.0	0.000	0.030	25.8	63	18.2	26.4	11.38	1.1543	0.00	117	1	100.0	5
15/10/19	6:55 p	27.1	27.1	27.1	93	25.8	1.8	NE	0.54	2.2	NE	27.1	32.1	32.1	31.6	1010.8	0.00	0.0	0	0.00	0	0.0	0.00	0.0	0.000	0.030	25.9	63	18.3	26.6	11.38	1.1537	0.00	114	1	100.0	5
15/10/19	7:00 p	27.1	27.1	27.1	93	25.8	1.8	NE	0.54	2.7	NE	27.1	32.1	32.1	31.6	1010.9	0.00	0.0	0	0.00	0	0.0	0.00	0.0	0.000	0.030	26.0	63	18.4	26.7	11.37	1.1532	0.00	115	1	100.0	5
15/10/19	7:05 p	27.1	27.1	27.1	93	25.8	1.3	NE	0.40	2.2	NE	27.1	32.1	32.1	31.6	1011.0	0.00	0.0	0	0.00	0	0.0	0.00	0.0	0.000	0.030	26.1	64	18.8	26.9	11.57	1.1523	0.00	117	1	100.0	5
15/10/19	7:10 p	27.1	27.1	27.1	93	25.8	1.3	NE	0.40	2.2	NE	27.1	32.1	32.1	31.6	1010.9	0.00	0.0	0	0.00	0	0.0	0.00	0.0	0.000	0.030	26.2	64	18.8	27.1	11.57	1.1519	0.00	116	1	100.0	5
15/10/19	7:15 p	27.0	27.1	27.0	94	26.0	0.9	ENE	0.27	1.8	ENE	27.0	32.1	32.1	31.6	1011.0	0.00	0.0	0	0.00	0	0.0	0.00	0.0	0.000	0.030	26.3	63	18.7	27.1	11.36	1.1519	0.00	117	1	100.0	5
15/10/19	7:20 p	26.9	27.0	26.9	94	25.8	0.4	ENE	0.13	0.9	ENE	26.9	31.8	31.8	31.3	1010.9	0.00	0.0	0	0.00	0	0.0	0.00	0.0	0.000	0.030	26.3	64	19.0	27.3	11.56	1.1511	0.00	117	1	100.0	5
15/10/19	7:25 p	26.9	26.9	26.8	94	25.8	0.4	ENE	0.13	0.9	ENE	26.9	31.8	31.8	31.3	1010.9	0.00	0.0	0	0.00	0	0.0	0.00	0.0	0.000	0.030	26.4	63	18.8	27.3	11.36	1.1511	0.00	115	1	100.0	5
15/10/19	7:30 p	26.8	26.9	26.8	94	25.8	0.4	ENE	0.13	0.9	ENE	26.8	31.7	31.7	31.2	1011.2	0.00	0.0	0	0.00	0	0.0	0.00	0.0	0.000	0.030	26.4	63	18.8	27.3	11.36	1.1512	0.00	115	1	100.0	5
15/10/19	7:35 p	26.8	26.8	26.7	95	25.9	0.4	ENE	0.13	1.3	ENE	26.8	31.7	31.7	31.2	1011.2	0.00	0.0	0	0.00	0	0.0	0.00	0.0	0.000	0.029	26.5	63	18.9	27.4	11.36	1.1509	0.00	114	1	100.0	5
15/10/19	7:40 p	26.7	26.8	26.7	95	25.9	0.9	E	0.27	1.8	E	26.7	31.6	31.6	31.1	1011.3	0.00	0.0	0	0.00	0	0.0	0.00	0.0	0.000	0.029	26.6	63	18.9	27.5	11.35	1.1507	0.00	117	1	100.0	5
15/10/19	7:45 p	26.7	26.7	26.6	95	25.8	0.4	ENE	0.13	1.3	ENE	26.7	31.4	31.4	30.9	1011.4	0.00	0.0	0	0.00	0	0.0	0.00	0.0	0.000	0.029	26.6	63	18.9	27.5	11.35	1.1508	0.00	118	1	100.0	5
15/10/19	7:50 p	26.7	26.7	26.6	95	25.8	0.4	ENE	0.13	0.9	ENE	26.7	31.4	31.4	30.9	1011.3	0.00	0.0	0	0.00	0	0.0	0.00	0.0	0.000	0.029	26.6	63	19.0	27.6	11.35	1.1505	0.00	116	1	100.0	5
15/10/19	7:55 p	26.6	26.7	26.6	95	25.7	0.4	ENE	0.13	0.9	ENE	26.6	31.2	31.2	30.7	1011.4	0.00	0.0	0	0.00	0	0.0	0.00	0.0	0.000	0.029	26.6	63	19.0	27.6	11.35	1.1505	0.00	117	1	100.0	5
15/10/19	8:00 p	26.7	26.7	26.6	95	25.8	0.4	ENE	0.13	0.9	ENE	26.7	31.4	31.4	30.9	1011.6	0.00	0.0	0	0.00	0	0.0	0.00	0.0	0.000	0.029	26.7	65	19.5	27.9	11.75	1.1496	0.00	114	1	100.0	5
15/10/19	8:05 p	26.6	26.7	26.6	95	25.7	0.0	ENE	0.00	0.4	ENE	26.6	31.2	31.2	30.7	1011.4	0.00	0.0	0	0.00	0	0.0	0.00	0.0	0.000	0.029	26.7	65	19.6	27.9	11.75	1.1492	0.00	113	1	99.1	5
15/10/19	8:10 p	26.6	26.6	26.6	95	25.7	0.0	ENE	0.00	0.9	ENE	26.6	31.2	31.2	30.7	1011.7	0.00	0.0	0	0.00	0	0.0	0.00	0.0	0.000	0.029	26.7	65	19.6	27.9	11.75	1.1494	0.00	116	1	100.0	5
15/10/19	8:15 p	26.6	26.6	26.6	95	25.7	0.4	ENE	0.13	0.9	ENE	26.6	31.2	31.2	30.7	1011.7	0.00	0.0	0	0.00	0	0.0	0.00	0.0	0.000	0.029	26.8	66	19.9	28.2	11.95	1.1488	0.00	117	1	100.0	5
15/10/19	8:20 p	26.5	26.6	26.5	95	25.6	0.4	ENE	0.13	1.3	ENE	26.5	30.9	30.9	30.4	1011.8	0.00	0.0	0	0.00	0	0.0	0.00	0.0	0.000	0.028	26.8	66	19.9	28.2	11.95	1.1489	0.00	117	1	100.0	5
15/10/19	8:25 p	26.6	26.6	26.5	95	25.7	0.0	ENE	0.00	0.9	ENE	26.6	31.2	31.2	30.7	1011.9	0.00	0.0	0	0.00	0	0.0	0.00	0.0	0.000	0.029	26.8	66	19.9	28.2	11.94	1.1487	0.00	115	1	100.0	5
15/10/19	8:30 p	26.6	26.6	26.6	96	25.9	0.4	ENE	0.13	0.9	ENE	26.6	31.3	31.3	30.8	1012.1	0.00	0.0	0	0.00	0	0.0	0.00	0.0	0.000	0.029	26.9	67	20.2	28.4	12.14	1.1482	0.00	115	1	100.0	5
15/10/19	8:35 p	26.6	26.6	26.6	95	25.7	0.4	ENE	0.13	0.9	ENE	26.6	31.2	31.2	30.7	1012.1	0.00	0.0	0	0.00	0	0.0	0.00	0.0	0.000	0.029	26.9	67	20.2	28.4	12.14	1.1482	0.00	114	1	100.0	5
15/10/19	8:40 p	26.5	26.6	26.5	95	25.6	0.4	ENE	0.13	1.3	ENE	26.5	30.9	30.9	30.4	1012.1	0.00	0.0	0	0.00	0	0.0	0.00	0.0	0.000	0.028	26.9	68	20.5	28.7	12.34	1.1475	0.00	114	1	100.0	5
15/10/19	8:45 p	26.6	26.6	26.5	95	25.7	0.4	SW	0.13	1.8	NNW	26.6	31.1	31.1	30.6	1012.1	0.00	0.0	0	0.00	0	0.0	0.00	0.0	0.000	0.029	26.9	68	20.5	28.7	12.34	1.1475	0.00	116	1	100.0	5
15/10/19	8:50 p	26.6	26.7	26.6	95	25.7	0.9	NNE	0.27	2.2	N	26.6	31.2	31.2	30.7	1011.9	0.00	0.0	0	0.00	0	0.0	0.00	0.0	0.000	0.029	26.9	68	20.5	28.7	12.34	1.1473	0.00	118	1	100.0	5
15/10/19	8:55 p	26.7	26.7	26.6	95	25.8	0.9	N	0.27	2.2	N	26.7	31.4	31.4	30.9	1012.0	0.00	0.0	0	0.00	0	0.0	0.00	0.0	0.000	0.029	27.0	68	20.6	28.7	12.34	1.1470	0.00	116	1	100.0	5
15/10/19	9:00 p	26.7	26.7	26.6	95	25.9	0.4	N	0.13	1.3	N	26.7	31.6	31.6	31.1	1012.0	0.00	0.0	0	0.00	0	0.0	0.00	0.0	0.000	0.029	27.0	68	20.6	28.7	12.34	1.1471	0.00	115	1	100.0	5
15/10/19	9:05 p	26.7	26.7	26.7	95	25.9	0.4	NW	0.13	1.8	NW	26.7	31.6	31.6	31.1	1012.0	0.00	0.0	0	0.00	0	0.0	0.00	0.0	0.000	0.029	27.0	68	20.6	28.7	12.34	1.1471	0.00	116	1	100.0	5
15/10/19	9:10 p	26.7	26.8	26.7	95	25.9	0.0	NW	0.00	0.9	NW	26.7	31.6	31.6	31.1	1011.9	0.00	0.0	0	0.00	0	0.0	0.00	0.0	0.000	0.029	27.0	69	20.8	28.9	12.53	1.1466	0.00	112	1	98.2	5
15/10/19	9:15 p	26.7	26.7	26.7	95	25.8	0.0	NW	0.00	0.9	NW	26.7	31.4	31.4	30.9	1012.0	0.00	0.0	0	0.00	0	0.0	0.00	0.0	0.000	0.029	27.1	68	20.6	28.8	12.34	1.1468	0.00	114	1	100.0	5
15/10/19	9:20 p	26.6	26.7	26.6	95	25.7	0.9	ENE	0.27	1.3	ENE	26.6	31.2	31.2	30.7	1012.1	0.00	0.0	0	0.00	0	0.0	0.00	0.0	0.000	0.029	27.1	69	20.9	28.9	12.52	1.1465	0.00	117	1	100.0	5
15/10/19	9:25 p	26.6	26.7	26.6	95	25.7	0.4	ENE	0.13	0.9	ENE	26.6	31.2	31.2	30.7	1012.1	0.00	0.0	0	0.00	0	0.0	0.00	0.0	0.000	0.029	27.1	69	20.9	28.9	12.52	1.1465	0.00	115	1	100.0	5
15/10/19	9:30 p	26.6	26.6	26.6	95	25.7	0.9	E	0.27	1.3	ENE	26.6	31.2	31.2	30.7	1012.1	0.00	0.0	0	0.00	0	0.0	0.00	0.0	0.000	0.029	27.1	69	20.9	29.1	12.52	1.1462	0.00	116	1	100.0	5
15/10/19	9:35 p	26.5	26.6	26.5	96	25.8	0.9	ESE	0.27	1.3	ESE	26.5	31.1	31.1	30.6	1012.2	0.00	0.0	0	0.00	0	0.0	0.00	0.0	0.000	0.028	27.1	69	20.9	29.1	12.52	1.1463	0.00	117	1	100.0	5
15/10/19	9:40 p	26.5	26.5	26.5	96	25.8	0.0	SSE	0.00	0.9	SSE	26.5	31.1	31.1	30.6	1012.3	0.25	0.0	0	0.00	0	0.0	0.00	0.0	0.000	0.028	27.1	69	20.9	29.1	12.52	1.1464	0.00	116	1	100.0	5
15/10/19	9:45 p	26.5	26.5	26.5	96	25.8	0.4	SSE	0.13	0.9	SSE	26.5	31.1	31.1	30.6	1012.4	0.00	0.0	0	0.00	0	0.0	0.00	0.0	0.000	0.028	27.1	69	20.9	29.1	12.52	1.1466	0.00	114	1	100.0	5
15/10/19	9:50 p	26.5	26.6	26.5	96	25.8	0.9	E	0.27	1.3	ESE	26.5	31.1	31.1	30.6	1012.5	0.00	0.0	0	0.00	0	0.0	0.00	0.0	0.000	0.028	27.1	69	20.9	29.1	12.52	1.1466	0.00	116	1	100.0	5
15/10/19	9:55 p	26.5	26.6	26.5	96	25.8	0.4	E	0.13	0.9	E	26.5	31.1	31.1	30.6	1012.5	0.00	0.0	0	0.00	0	0.0	0.00	0.0	0.000	0.028	27.1	69	20.9	29.1	12.52	1.1466	0.00	118	1	100.0	5
15/10/19	10:00 p	26.4	26.5	26.4	96	25.8	0.4	E	0.13	1.3	E	26.4	30.9	30.9	30.4	1012.6	0.00	0.0	0	0.00	0	0.0	0.00	0.0	0.000	0.028	27.1	69	20.9	29.1	12.52	1.1468	0.00	117	1	100.0	5
15/10/19	10:05 p	26.4	26.4	26.3	96	25.7	0.9	E	0.27	1.3	ENE	26.4	30.8	30.8	30.3	1012.7	0.00	0.0	0	0.00	0	0.0	0.00	0.0	0.000	0.028	27.1	69	20.9	29.1	12.52	1.1468	0.00	117	1	100.0	5
15/10/19	10:10 p	26.3	26.4	26.3	97	25.8	0.0	SSE	0.00	0.9	SSE	26.3	30.7	30.7	30.2	1012.6	0.00	0.0	0	0.00	0	0.0	0.00	0.0	0.000	0.028	27.2	70	21.3	29.4	12.79	1.1458	0.00	117	1	100.0	5
15/10/19	10:15 p	26.2	26.3	26.2	97	25.7	0.4	SSE	0.13	0.9	SSE	26.2	30.6	30.6	30.1	1012.7	0.00	0.0	0	0.00	0	0.0	0.00	0.0	0.000	0.027	27.2	70	21.3	29.4	12.79	1.1459	0.00	115	1	100.0	5
15/10/19	10:20 p	26.3	26.3	26.2	97	25.8	0.4	SSE	0.13	0.9	SSE	26.3	30.7	30.7	30.2	1012.7	0.00	0.0	0	0.00	0	0.0	0.00	0.0	0.000	0.028	27.2	70	21.2	29.3	12.80	1.1462	0.00	113	1	99.1	5
15/10/19	10:25 p	26.2	26.3	26.2	97	25.7	0.4	SSE	0.13	0.9	SSE	26.2	30.6	30.6	30.1	1012.7	0.25	0.0	0	0.00	0	0.0	0.00	0.0	0.000	0.027	27.2	70	21.2	29.3	12.80	1.1461	0.00	115	1	100.0	5
15/10/19	10:30 p	26.1	26.3	26.1	97	25.6	0.0	SSE	0.00	0.4	SSE	26.1	30.2	30.2	29.7	1012.6	0.25	2.8	0	0.00	0	0.0	0.00	0.0	0.000	0.027	27.2	70	21.3	29.4	12.79	1.1457	0.00	114	1	100.0	5
15/10/19	10:35 p	26.2	26.2	26.1	98	25.8	0.0	SSE	0.00	0.9	SSE	26.2	30.6	30.6	30.1	1012.6	0.00	1.8	0	0.00	0	0.0	0.00	0.0	0.000	0.027	27.2	70	21.3	29.4	12.79	1.1457	0.00	115	1	100.0	5
15/10/19	10:40 p	26.2	26.2	26.1	98	25.8	0.4	SE	0.13	1.3	SE	26.2	30.6	30.6	30.1	1012.7	0.00	1.3	0	0.00	0	0.0	0.00	0.0	0.000	0.027	27.2	70	21.3	29.4	12.79	1.1458	0.00	115	1	100.0	5
15/10/19	10:45 p	26.2	26.2	26.2	98	25.8	0.9	S	0.27	2.2	S	26.2	30.6	30.6	30.1	1012.7	0.00	0.0	0	0.00	0	0.0	0.00	0.0	0.000	0.027	27.3	70	21.3	29.5	12.78	1.1455	0.00	115	1	100.0	5
15/10/19	10:50 p	26.1	26.2	26.1	98	25.7	0.4	S	0.13	1.8	S	26.1	30.2	30.2	29.7	1012.8	0.25	0.0	0	0.00	0	0.0	0.00	0.0	0.000	0.027	27.2	70	21.3	29.4	12.79	1.1459	0.00	112	1	98.2	5
15/10/19	10:55 p	26.1	26.1	26.1	98	25.7	0.0	S	0.00	0.4	S	26.1	30.2	30.2	29.7	1012.7	0.00	0.0	0	0.00	0	0.0	0.00	0.0	0.000	0.027	27.2	71	21.5	29.5	13.01	1.1454	0.00	113	1	99.1	5
15/10/19	11:00 p	26.1	26.1	26.1	98	25.8	0.0	S	0.00	0.9	S	26.1	30.4	30.4	29.9	1012.7	0.51	5.8	0	0.00	0	0.0	0.00	0.0	0.000	0.027	27.2	71	21.5	29.5	13.01	1.1454	0.00	116	1	100.0	5
15/10/19	11:05 p	26.1	26.2	26.1	98	25.8	0.4	S	0.13	0.9	S	26.1	30.4	30.4	29.9	1012.8	0.25	5.8	0	0.00	0	0.0	0.00	0.0	0.000	0.027	27.3	71	21.6	29.6	13.01	1.1452	0.00	113	1	99.1	5
15/10/19	11:10 p	26.1	26.1	26.0	98	25.7	0.0	S	0.00	0.9	S	26.1	30.2	30.2	29.7	1012.7	0.25	4.1	0	0.00	0	0.0	0.00	0.0	0.000	0.027	27.3	71	21.6	29.6	13.01	1.1451	0.00	112	1	98.2	5
15/10/19	11:15 p	26.0	26.1	26.0	98	25.7	0.4	S	0.13	0.9	S	26.0	30.1	30.1	29.6	1012.7	0.00	2.0	0	0.00	0	0.0	0.00	0.0	0.000	0.027	27.3	71	21.6	29.6	13.01	1.1451	0.00	113	1	99.1	5
15/10/19	11:20 p	26.1	26.1	26.1	98	25.7	0.9	NE	0.27	1.8	NNE	26.1	30.2	30.2	29.7	1012.7	0.51	15.5	0	0.00	0	0.0	0.00	0.0	0.000	0.027	27.3	72	21.8	29.7	13.25	1.1447	0.00	113	1	99.1	5
15/10/19	11:25 p	26.1	26.1	26.1	98	25.8	0.9	NNE	0.27	1.8	NNE	26.1	30.4	30.4	29.9	1012.6	0.51	15.5	0	0.00	0	0.0	0.00	0.0	0.000	0.027	27.3	72	21.8	29.7	13.25	1.1446	0.00	112	1	98.2	5
15/10/19	11:30 p	26.2	26.2	26.1	98	25.8	0.4	NNE	0.13	1.3	ENE	26.2	30.6	30.6	30.1	1012.6	0.25	4.6	0	0.00	0	0.0	0.00	0.0	0.000	0.027	27.3	72	21.8	29.8	13.25	1.1443	0.00	112	1	98.2	5
15/10/19	11:35 p	26.1	26.2	26.1	98	25.8	0.4	ENE	0.13	1.3	ENE	26.1	30.4	30.4	29.9	1012.7	1.27	23.6	0	0.00	0	0.0	0.00	0.0	0.000	0.027	27.3	72	21.8	29.8	13.25	1.1444	0.00	115	1	100.0	5
15/10/19	11:40 p	26.2	26.2	26.1	98	25.8	0.4	ENE	0.13	0.9	ENE	26.2	30.6	30.6	30.1	1012.6	0.51	11.7	0	0.00	0	0.0	0.00	0.0	0.000	0.027	27.3	73	22.1	29.9	13.63	1.1439	0.00	114	1	100.0	5
15/10/19	11:45 p	26.1	26.1	26.1	98	25.7	0.4	NW	0.13	1.3	W	26.1	30.2	30.2	29.7	1012.7	0.25	4.3	0	0.00	0	0.0	0.00	0.0	0.000	0.027	27.3	73	22.1	29.9	13.63	1.1439	0.00	114	1	100.0	5
15/10/19	11:50 p	26.1	26.2	26.1	98	25.8	0.4	W	0.13	0.9	W	26.1	30.4	30.4	29.9	1012.7	0.00	2.3	0	0.00	0	0.0	0.00	0.0	0.000	0.027	27.3	73	22.1	29.9	13.63	1.1440	0.00	116	1	100.0	5
15/10/19	11:55 p	26.1	26.1	26.1	98	25.7	0.9	NE	0.27	1.3	NE	26.1	30.2	30.2	29.7	1012.8	0.00	1.3	0	0.00	0	0.0	0.00	0.0	0.000	0.027	27.3	73	22.1	29.9	13.63	1.1441	0.00	114	1	100.0	5
16/10/19	12:00 a	26.0	26.1	26.0	98	25.7	0.9	NNE	0.27	1.8	NNE	26.0	30.1	30.1	29.6	1012.8	0.00	1.0	0	0.00	0	0.0	0.00	0.0	0.000	0.027	27.3	73	22.1	29.9	13.63	1.1441	0.00	111	1	97.4	5
