		Temp	Hi	Low	Out	Dew	Wind	Wind	Wind	Hi	Hi	Wind	Heat	THW	THSW			Rain	Solar	Solar	Hi Solar	UV 	UV 	Hi 	Heat	Cool	In 	In	In 	In 	In 	In Air		Wind	Wind	ISS 	Arc.
Date	Time	Out	Temp	Temp	Hum	Pt.	Speed	Dir	Run	Speed	Dir	Chill	Index	Index	Index	Bar  	Rain	Rate	Rad.	Energy	Rad. 	Index	Dose	UV 	D-D 	D-D 	Temp	Hum	Dew	Heat	EMC	Density	ET 	Samp	Tx 	Recept	Int.
11/08/19	12:00 a	28.8	28.9	28.8	91	27.2	0.9	ENE	0.27	1.8	E	28.8	37.0	37.0	36.6	1010.5	0.00	0.0	0	0.00	0	0.0	0.00	0.0	0.000	0.036	29.2	73	23.8	33.9	13.56	1.1311	0.03	117	1	100.0	5
11/08/19	12:05 a	28.7	28.8	28.7	92	27.3	0.9	NE	0.27	1.8	ENE	28.7	36.9	36.9	36.4	1010.5	0.00	0.0	0	0.00	0	0.0	0.00	0.0	0.000	0.036	29.2	73	23.8	33.9	13.56	1.1310	0.00	116	1	100.0	5
11/08/19	12:10 a	28.7	28.8	28.7	92	27.2	0.9	NE	0.27	2.2	NNE	28.7	36.7	36.7	36.2	1010.4	0.00	0.0	0	0.00	0	0.0	0.00	0.0	0.000	0.036	29.2	73	23.8	33.9	13.56	1.1309	0.00	114	1	100.0	5
11/08/19	12:15 a	28.6	28.7	28.6	92	27.1	0.4	NNE	0.13	1.3	N	28.6	36.3	36.3	35.9	1010.4	0.00	0.0	0	0.00	0	0.0	0.00	0.0	0.000	0.035	29.2	73	23.8	33.9	13.56	1.1309	0.00	114	1	100.0	5
11/08/19	12:20 a	28.6	28.6	28.6	93	27.3	0.0	NNE	0.00	0.4	NNE	28.6	36.6	36.6	36.1	1010.3	0.00	0.0	0	0.00	0	0.0	0.00	0.0	0.000	0.035	29.1	73	23.8	33.7	13.56	1.1311	0.00	116	1	100.0	5
11/08/19	12:25 a	28.6	28.6	28.6	92	27.2	0.4	NNE	0.13	0.9	NNE	28.6	36.5	36.5	36.1	1010.3	0.00	0.0	0	0.00	0	0.0	0.00	0.0	0.000	0.036	29.1	73	23.8	33.7	13.56	1.1311	0.00	117	1	100.0	5
11/08/19	12:30 a	28.4	28.7	28.4	90	26.6	0.9	SW	0.27	2.7	S	28.4	35.3	35.3	34.8	1010.4	0.00	0.0	0	0.00	0	0.0	0.00	0.0	0.000	0.035	29.1	73	23.8	33.7	13.56	1.1312	0.00	118	1	100.0	5
11/08/19	12:35 a	28.2	28.4	28.2	90	26.4	1.8	W	0.54	4.0	W	28.2	34.6	34.6	34.1	1010.3	0.00	0.0	0	0.00	0	0.0	0.00	0.0	0.000	0.034	29.2	73	23.8	33.9	13.56	1.1309	0.00	117	1	100.0	5
11/08/19	12:40 a	28.2	28.2	28.1	89	26.2	0.9	W	0.27	3.1	WSW	28.2	34.4	34.4	33.9	1010.1	0.00	0.0	0	0.00	0	0.0	0.00	0.0	0.000	0.034	29.1	73	23.8	33.7	13.56	1.1309	0.00	117	1	100.0	5
11/08/19	12:45 a	28.3	28.3	28.2	89	26.3	0.4	W	0.13	1.3	W	28.3	34.8	34.8	34.3	1009.9	0.00	0.0	0	0.00	0	0.0	0.00	0.0	0.000	0.035	29.2	73	23.8	33.9	13.56	1.1304	0.00	114	1	100.0	5
11/08/19	12:50 a	28.3	28.4	28.2	89	26.3	0.9	S	0.27	1.3	SSW	28.3	34.9	34.9	34.4	1010.0	0.00	0.0	0	0.00	0	0.0	0.00	0.0	0.000	0.035	29.1	73	23.8	33.7	13.56	1.1308	0.00	114	1	100.0	5
11/08/19	12:55 a	28.4	28.5	28.3	89	26.5	0.9	S	0.27	1.8	SSW	28.4	35.3	35.3	34.8	1010.2	0.00	0.0	0	0.00	0	0.0	0.00	0.0	0.000	0.035	29.1	73	23.8	33.7	13.56	1.1311	0.00	116	1	100.0	5
11/08/19	1:00 a	28.4	28.5	28.4	89	26.4	1.3	S	0.40	3.1	S	28.4	35.1	35.1	34.6	1010.1	0.00	0.0	0	0.00	0	0.0	0.00	0.0	0.000	0.035	29.1	73	23.8	33.7	13.56	1.1309	0.03	117	1	100.0	5
11/08/19	1:05 a	28.4	28.4	28.3	90	26.6	0.4	WSW	0.13	1.8	S	28.4	35.3	35.3	34.8	1010.0	0.00	0.0	0	0.00	0	0.0	0.00	0.0	0.000	0.035	29.1	73	23.8	33.7	13.56	1.1308	0.00	117	1	100.0	5
11/08/19	1:10 a	28.4	28.4	28.4	90	26.6	0.9	SSW	0.27	2.7	SSE	28.4	35.3	35.3	34.8	1009.8	0.00	0.0	0	0.00	0	0.0	0.00	0.0	0.000	0.035	29.1	73	23.8	33.7	13.56	1.1306	0.00	117	1	100.0	5
11/08/19	1:15 a	28.4	28.4	28.3	90	26.6	0.4	SE	0.13	1.8	SSE	28.4	35.3	35.3	34.8	1009.7	0.00	0.0	0	0.00	0	0.0	0.00	0.0	0.000	0.035	29.1	73	23.8	33.7	13.56	1.1304	0.00	116	1	100.0	5
11/08/19	1:20 a	28.3	28.4	28.3	91	26.7	0.4	NNE	0.13	0.9	NNW	28.3	35.2	35.2	34.7	1009.7	0.00	0.0	0	0.00	0	0.0	0.00	0.0	0.000	0.035	29.1	73	23.8	33.7	13.56	1.1305	0.00	113	1	99.1	5
11/08/19	1:25 a	28.1	28.3	28.1	92	26.7	0.9	SE	0.27	1.8	SSE	28.1	34.9	34.9	34.5	1009.9	0.00	0.0	0	0.00	0	0.0	0.00	0.0	0.000	0.034	29.1	73	23.8	33.7	13.56	1.1307	0.00	115	1	100.0	5
11/08/19	1:30 a	27.8	28.1	27.8	92	26.4	1.3	SW	0.40	4.0	WSW	27.8	34.1	34.1	33.6	1009.7	0.00	0.0	0	0.00	0	0.0	0.00	0.0	0.000	0.033	29.1	73	23.8	33.7	13.56	1.1304	0.00	115	1	100.0	5
11/08/19	1:35 a	27.7	27.8	27.7	93	26.4	1.3	WSW	0.40	2.7	WSW	27.7	33.8	33.8	33.3	1009.7	0.00	0.0	0	0.00	0	0.0	0.00	0.0	0.000	0.032	29.1	74	24.0	33.9	13.86	1.1300	0.00	115	1	100.0	5
11/08/19	1:40 a	27.6	27.7	27.6	94	26.6	1.3	SSW	0.40	4.0	SSE	27.6	33.9	33.9	33.4	1009.8	0.00	0.0	0	0.00	0	0.0	0.00	0.0	0.000	0.032	29.1	74	24.0	33.9	13.86	1.1301	0.00	114	1	100.0	5
11/08/19	1:45 a	27.4	27.6	27.4	93	26.2	1.8	SSE	0.54	4.0	SSE	27.4	33.0	33.0	32.5	1010.0	0.51	18.8	0	0.00	0	0.0	0.00	0.0	0.000	0.031	29.1	74	24.0	33.9	13.86	1.1304	0.00	109	1	95.6	5
11/08/19	1:50 a	26.9	27.3	26.9	94	25.9	2.2	S	0.67	4.0	S	26.9	32.0	32.0	31.5	1009.9	0.51	7.1	0	0.00	0	0.0	0.00	0.0	0.000	0.030	29.1	74	23.9	33.8	13.86	1.1305	0.00	111	1	97.4	5
11/08/19	1:55 a	26.7	26.9	26.7	94	25.7	1.8	S	0.54	3.6	S	26.7	31.4	31.4	30.9	1009.7	2.79	50.0	0	0.00	0	0.0	0.00	0.0	0.000	0.029	29.0	74	23.9	33.7	13.87	1.1306	0.00	114	1	100.0	5
11/08/19	2:00 a	26.8	26.8	26.7	96	26.1	1.8	W	0.54	4.0	WNW	26.8	31.9	31.9	31.4	1009.5	7.62	143.5	0	0.00	0	0.0	0.00	0.0	0.000	0.029	29.0	74	23.9	33.7	13.87	1.1304	0.00	116	1	100.0	5
11/08/19	2:05 a	26.8	26.8	26.8	96	26.1	3.1	W	0.94	5.8	WNW	26.8	31.9	31.9	31.4	1009.6	0.25	39.9	0	0.00	0	0.0	0.00	0.0	0.000	0.029	28.9	74	23.8	33.6	13.87	1.1308	0.00	107	1	93.9	5
11/08/19	2:10 a	26.6	26.8	26.6	95	25.7	3.1	WNW	0.94	5.8	NW	26.6	31.1	31.1	30.6	1009.9	0.00	1.5	0	0.00	0	0.0	0.00	0.0	0.000	0.029	28.9	74	23.8	33.6	13.87	1.1311	0.00	110	1	96.5	5
11/08/19	2:15 a	26.2	26.5	26.2	95	25.4	1.8	NW	0.54	4.0	W	26.2	30.2	30.2	29.7	1009.6	0.25	1.5	0	0.00	0	0.0	0.00	0.0	0.000	0.027	28.9	74	23.8	33.4	13.87	1.1311	0.00	114	1	100.0	5
11/08/19	2:20 a	25.9	26.2	25.9	94	24.9	0.4	WNW	0.13	1.3	WNW	25.9	29.4	29.4	28.9	1009.6	0.00	1.3	0	0.00	0	0.0	0.00	0.0	0.000	0.026	28.9	74	23.8	33.4	13.87	1.1312	0.00	111	1	97.4	5
11/08/19	2:25 a	25.7	25.9	25.7	94	24.7	0.4	WNW	0.13	1.3	SSW	25.7	28.9	28.9	28.4	1009.7	0.00	1.3	0	0.00	0	0.0	0.00	0.0	0.000	0.026	28.8	74	23.7	33.3	13.87	1.1315	0.00	107	1	93.9	5
11/08/19	2:30 a	25.6	25.7	25.6	95	24.8	1.3	N	0.40	3.1	NNE	25.6	28.8	28.8	28.2	1009.8	0.25	1.3	0	0.00	0	0.0	0.00	0.0	0.000	0.025	28.8	73	23.5	33.1	13.57	1.1321	0.00	111	1	97.4	5
11/08/19	2:35 a	25.3	25.6	25.3	93	24.1	3.6	N	1.07	6.3	N	25.1	28.0	27.7	27.2	1009.9	1.02	26.7	0	0.00	0	0.0	0.00	0.0	0.000	0.024	28.8	73	23.5	33.1	13.57	1.1322	0.00	116	1	100.0	5
11/08/19	2:40 a	24.9	25.3	24.9	93	23.7	3.1	N	0.94	5.8	N	24.9	27.2	27.2	26.6	1010.2	0.00	2.3	0	0.00	0	0.0	0.00	0.0	0.000	0.023	28.8	72	23.2	32.8	13.25	1.1333	0.00	118	1	100.0	5
11/08/19	2:45 a	24.7	24.9	24.7	94	23.7	2.7	NNE	0.80	5.8	NNW	24.7	26.9	26.9	26.3	1010.3	0.00	1.3	0	0.00	0	0.0	0.00	0.0	0.000	0.022	28.7	71	22.9	32.5	12.90	1.1343	0.00	116	1	100.0	5
11/08/19	2:50 a	24.5	24.7	24.5	94	23.5	2.7	NNE	0.80	5.4	NNE	24.5	26.5	26.5	25.9	1010.3	0.00	1.0	0	0.00	0	0.0	0.00	0.0	0.000	0.021	28.7	71	22.9	32.4	12.91	1.1345	0.00	117	1	100.0	5
11/08/19	2:55 a	24.4	24.5	24.4	95	23.5	3.1	NE	0.94	5.8	NE	24.4	26.4	26.4	25.8	1010.4	0.00	0.0	0	0.00	0	0.0	0.00	0.0	0.000	0.021	28.6	70	22.6	32.1	12.64	1.1355	0.00	117	1	100.0	5
11/08/19	3:00 a	24.3	24.4	24.3	95	23.5	1.8	N	0.54	5.4	NNE	24.3	26.3	26.3	25.7	1010.2	0.00	0.0	0	0.00	0	0.0	0.00	0.0	0.000	0.021	28.6	70	22.5	31.9	12.65	1.1356	0.00	109	1	95.6	5
11/08/19	3:05 a	24.5	24.5	24.3	96	23.8	1.3	NNE	0.40	3.1	N	24.5	26.7	26.7	26.1	1010.3	0.00	0.0	0	0.00	0	0.0	0.00	0.0	0.000	0.021	28.5	70	22.5	31.8	12.65	1.1360	0.00	110	1	96.5	5
11/08/19	3:10 a	24.6	24.6	24.4	96	23.9	0.4	N	0.13	1.8	W	24.6	26.9	26.9	26.3	1010.4	0.00	0.0	0	0.00	0	0.0	0.00	0.0	0.000	0.022	28.5	70	22.5	31.8	12.65	1.1361	0.00	113	1	99.1	5
11/08/19	3:15 a	24.6	24.6	24.6	96	23.9	0.9	WNW	0.27	2.2	WNW	24.6	26.9	26.9	26.3	1010.1	0.00	0.0	0	0.00	0	0.0	0.00	0.0	0.000	0.022	28.5	70	22.5	31.8	12.65	1.1358	0.00	112	1	98.2	5
11/08/19	3:20 a	24.6	24.7	24.6	96	23.9	1.3	NW	0.40	3.6	NNW	24.6	26.9	26.9	26.3	1010.4	0.00	0.0	0	0.00	0	0.0	0.00	0.0	0.000	0.022	28.4	70	22.4	31.7	12.66	1.1363	0.00	115	1	100.0	5
11/08/19	3:25 a	24.6	24.7	24.6	96	23.9	0.9	NNE	0.27	2.7	NNE	24.6	26.8	26.8	26.2	1010.1	0.00	0.0	0	0.00	0	0.0	0.00	0.0	0.000	0.022	28.4	70	22.4	31.7	12.66	1.1360	0.00	115	1	100.0	5
11/08/19	3:30 a	24.4	24.6	24.4	96	23.8	1.3	NE	0.40	3.1	NNE	24.4	26.6	26.6	25.9	1010.3	0.00	0.0	0	0.00	0	0.0	0.00	0.0	0.000	0.021	28.4	70	22.4	31.6	12.66	1.1366	0.00	113	1	99.1	5
11/08/19	3:35 a	24.3	24.4	24.3	96	23.7	0.9	NNE	0.27	1.8	NNW	24.3	26.4	26.4	25.8	1010.0	0.00	0.0	0	0.00	0	0.0	0.00	0.0	0.000	0.021	28.4	70	22.4	31.6	12.66	1.1362	0.00	112	1	98.2	5
11/08/19	3:40 a	24.3	24.3	24.3	96	23.6	0.9	N	0.27	1.3	N	24.3	26.3	26.3	25.7	1010.0	0.00	0.0	0	0.00	0	0.0	0.00	0.0	0.000	0.021	28.4	70	22.4	31.6	12.66	1.1362	0.00	112	1	98.2	5
11/08/19	3:45 a	24.3	24.3	24.2	97	23.8	0.4	N	0.13	1.3	N	24.3	26.4	26.4	25.8	1009.7	0.00	0.0	0	0.00	0	0.0	0.00	0.0	0.000	0.021	28.4	70	22.4	31.6	12.66	1.1359	0.00	115	1	100.0	5
11/08/19	3:50 a	24.2	24.3	24.2	96	23.5	0.9	NW	0.27	1.3	NW	24.2	26.3	26.3	25.7	1009.7	0.00	0.0	0	0.00	0	0.0	0.00	0.0	0.000	0.020	28.4	70	22.4	31.6	12.66	1.1359	0.00	114	1	100.0	5
11/08/19	3:55 a	24.3	24.3	24.2	96	23.6	0.4	N	0.13	0.9	N	24.3	26.3	26.3	25.7	1009.7	0.00	0.0	0	0.00	0	0.0	0.00	0.0	0.000	0.021	28.4	70	22.4	31.6	12.66	1.1359	0.00	115	1	100.0	5
11/08/19	4:00 a	24.3	24.3	24.3	96	23.7	0.0	N	0.00	0.4	N	24.3	26.4	26.4	25.8	1009.5	0.00	0.0	0	0.00	0	0.0	0.00	0.0	0.000	0.021	28.3	70	22.3	31.5	12.67	1.1360	0.00	112	1	98.2	5
11/08/19	4:05 a	24.4	24.4	24.3	97	23.9	0.4	N	0.13	0.9	N	24.4	26.6	26.6	25.9	1009.7	0.00	0.0	0	0.00	0	0.0	0.00	0.0	0.000	0.021	28.3	70	22.3	31.5	12.67	1.1362	0.00	113	1	99.1	5
11/08/19	4:10 a	24.4	24.4	24.4	96	23.8	0.0	ESE	0.00	0.9	ESE	24.4	26.6	26.6	25.9	1009.7	0.00	0.0	0	0.00	0	0.0	0.00	0.0	0.000	0.021	28.3	70	22.3	31.5	12.67	1.1362	0.00	108	1	94.7	5
11/08/19	4:15 a	24.4	24.4	24.4	97	23.9	0.4	E	0.13	1.8	E	24.4	26.7	26.7	26.1	1009.9	0.00	0.0	0	0.00	0	0.0	0.00	0.0	0.000	0.021	28.3	70	22.3	31.4	12.68	1.1367	0.00	114	1	100.0	5
11/08/19	4:20 a	24.6	24.6	24.4	97	24.0	0.9	ESE	0.27	1.8	SSE	24.6	26.9	26.9	26.3	1010.4	0.00	0.0	0	0.00	0	0.0	0.00	0.0	0.000	0.022	28.3	70	22.3	31.4	12.68	1.1373	0.00	115	1	100.0	5
11/08/19	4:25 a	24.5	24.6	24.5	96	23.8	1.3	E	0.40	3.1	E	24.5	26.7	26.7	26.1	1010.3	0.00	0.0	0	0.00	0	0.0	0.00	0.0	0.000	0.021	28.3	70	22.3	31.4	12.68	1.1372	0.00	114	1	100.0	5
11/08/19	4:30 a	24.6	24.6	24.5	97	24.0	1.3	E	0.40	2.7	E	24.6	26.9	26.9	26.3	1010.4	0.00	0.0	0	0.00	0	0.0	0.00	0.0	0.000	0.022	28.3	70	22.3	31.4	12.68	1.1373	0.00	115	1	100.0	5
11/08/19	4:35 a	24.5	24.6	24.5	96	23.8	0.4	SE	0.13	1.3	E	24.5	26.7	26.7	26.1	1010.1	0.00	0.0	0	0.00	0	0.0	0.00	0.0	0.000	0.021	28.2	70	22.2	31.3	12.68	1.1372	0.00	116	1	100.0	5
11/08/19	4:40 a	24.5	24.6	24.5	96	23.8	0.9	E	0.27	1.8	ENE	24.5	26.7	26.7	26.1	1010.2	0.00	0.0	0	0.00	0	0.0	0.00	0.0	0.000	0.021	28.2	70	22.2	31.3	12.68	1.1374	0.00	116	1	100.0	5
11/08/19	4:45 a	24.6	24.6	24.5	96	23.9	0.9	NNE	0.27	1.8	NE	24.6	26.8	26.8	26.2	1010.4	0.00	0.0	0	0.00	0	0.0	0.00	0.0	0.000	0.022	28.2	70	22.2	31.3	12.68	1.1376	0.00	114	1	100.0	5
11/08/19	4:50 a	24.6	24.6	24.6	96	23.9	0.4	E	0.13	1.3	E	24.6	26.8	26.8	26.2	1010.7	0.00	0.0	0	0.00	0	0.0	0.00	0.0	0.000	0.022	28.2	70	22.2	31.3	12.68	1.1379	0.00	114	1	100.0	5
11/08/19	4:55 a	24.6	24.6	24.6	96	23.9	0.9	SE	0.27	1.8	SSE	24.6	26.9	26.9	26.3	1010.8	0.00	0.0	0	0.00	0	0.0	0.00	0.0	0.000	0.022	28.2	70	22.2	31.3	12.68	1.1381	0.00	112	1	98.2	5
11/08/19	5:00 a	24.7	24.7	24.6	97	24.2	0.9	ESE	0.27	1.8	ESE	24.7	27.1	27.1	26.4	1011.0	0.00	0.0	0	0.00	0	0.0	0.00	0.0	0.000	0.022	28.2	70	22.2	31.3	12.68	1.1383	0.00	113	1	99.1	5
11/08/19	5:05 a	24.6	24.7	24.6	97	24.1	1.3	E	0.40	3.1	ESE	24.6	26.9	26.9	26.3	1011.1	0.00	0.0	0	0.00	0	0.0	0.00	0.0	0.000	0.022	28.2	70	22.2	31.3	12.68	1.1384	0.00	116	1	100.0	5
11/08/19	5:10 a	24.6	24.7	24.6	97	24.1	0.9	ESE	0.27	2.7	ESE	24.6	26.9	26.9	26.3	1011.0	0.00	0.0	0	0.00	0	0.0	0.00	0.0	0.000	0.022	28.2	70	22.2	31.2	12.69	1.1386	0.00	115	1	100.0	5
11/08/19	5:15 a	24.6	24.7	24.6	96	23.9	0.9	SE	0.27	1.3	ESE	24.6	26.9	26.9	26.3	1010.9	0.00	0.0	0	0.00	0	0.0	0.00	0.0	0.000	0.022	28.2	70	22.2	31.2	12.69	1.1385	0.00	114	1	100.0	5
11/08/19	5:20 a	24.6	24.6	24.6	96	23.9	0.4	SE	0.13	1.3	SSE	24.6	26.8	26.8	26.2	1010.9	0.00	0.0	0	0.00	0	0.0	0.00	0.0	0.000	0.022	28.2	70	22.2	31.2	12.69	1.1385	0.00	113	1	99.1	5
11/08/19	5:25 a	24.6	24.6	24.6	96	23.9	0.0	SE	0.00	0.4	SE	24.6	26.8	26.8	26.2	1010.7	0.00	0.0	0	0.00	0	0.0	0.00	0.0	0.000	0.022	28.2	70	22.2	31.2	12.69	1.1383	0.00	112	1	98.2	5
11/08/19	5:30 a	24.6	24.6	24.6	97	24.0	0.4	SE	0.13	1.3	ESE	24.6	26.9	26.9	26.3	1010.7	0.00	0.0	0	0.00	0	0.0	0.00	0.0	0.000	0.022	28.1	70	22.1	31.1	12.69	1.1386	0.00	111	1	97.4	5
11/08/19	5:35 a	24.6	24.6	24.6	97	24.1	1.3	E	0.40	1.8	ESE	24.6	26.9	26.9	26.3	1010.6	0.00	0.0	0	0.00	0	0.0	0.00	0.0	0.000	0.022	28.1	70	22.1	31.1	12.69	1.1385	0.00	112	1	98.2	5
11/08/19	5:40 a	24.6	24.6	24.6	97	24.1	0.4	ENE	0.13	1.3	ENE	24.6	26.9	26.9	26.3	1010.3	0.00	0.0	0	0.00	0	0.0	0.00	0.0	0.000	0.022	28.1	70	22.1	31.1	12.69	1.1381	0.00	111	1	97.4	5
11/08/19	5:45 a	24.6	24.6	24.6	97	24.1	0.0	ENE	0.00	0.4	ENE	24.6	26.9	26.9	26.3	1010.2	0.00	0.0	0	0.00	0	0.0	0.00	0.0	0.000	0.022	28.1	70	22.1	31.1	12.69	1.1380	0.00	111	1	97.4	5
11/08/19	5:50 a	24.6	24.6	24.6	97	24.1	0.4	E	0.13	1.3	E	24.6	26.9	26.9	26.3	1010.2	0.25	0.0	0	0.00	0	0.0	0.00	0.0	0.000	0.022	28.1	70	22.1	31.1	12.69	1.1381	0.00	113	1	99.1	5
11/08/19	5:55 a	24.6	24.7	24.6	97	24.1	0.9	SSE	0.27	1.8	SSE	24.6	26.9	26.9	26.3	1010.3	0.00	0.0	0	0.00	0	0.0	0.00	0.0	0.000	0.022	28.1	70	22.1	30.9	12.70	1.1385	0.00	114	1	100.0	5
11/08/19	6:00 a	24.6	24.7	24.6	97	24.0	0.4	SSE	0.13	1.8	SSE	24.6	26.9	26.9	26.3	1010.4	0.00	0.0	0	0.00	0	0.0	0.00	0.0	0.000	0.022	28.1	70	22.1	31.1	12.69	1.1382	0.00	111	1	97.4	5
11/08/19	6:05 a	24.5	24.6	24.5	97	24.0	0.0	SSW	0.00	0.9	SSW	24.5	26.8	26.8	26.2	1010.3	0.00	0.0	0	0.00	0	0.0	0.00	0.0	0.000	0.021	28.1	70	22.1	30.9	12.70	1.1385	0.00	114	1	100.0	5
11/08/19	6:10 a	24.4	24.5	24.4	97	23.9	0.9	S	0.27	2.2	S	24.4	26.7	26.7	26.1	1010.4	0.00	0.0	0	0.00	0	0.0	0.00	0.0	0.000	0.021	28.0	70	22.0	30.8	12.71	1.1389	0.00	113	1	99.1	5
11/08/19	6:15 a	24.4	24.4	24.4	98	24.1	0.9	S	0.27	2.2	S	24.4	26.7	26.7	26.2	1010.7	0.00	0.0	5	0.04	7	0.0	0.00	0.0	0.000	0.021	28.0	70	22.0	30.8	12.71	1.1392	0.00	114	1	100.0	5
11/08/19	6:20 a	24.5	24.5	24.4	97	24.0	0.9	SE	0.27	2.2	SSE	24.5	26.8	26.8	26.3	1011.0	0.00	0.0	9	0.06	11	0.0	0.00	0.0	0.000	0.021	28.0	70	22.0	30.8	12.71	1.1395	0.00	115	1	100.0	5
11/08/19	6:25 a	24.5	24.5	24.5	97	24.0	1.3	SSE	0.40	3.1	ESE	24.5	26.8	26.8	26.3	1011.6	0.00	0.0	11	0.08	12	0.0	0.00	0.0	0.000	0.021	28.0	70	22.0	30.8	12.71	1.1402	0.00	114	1	100.0	5
11/08/19	6:30 a	24.6	24.6	24.4	97	24.0	2.2	ESE	0.67	4.5	SSE	24.6	26.9	26.9	26.5	1011.7	0.00	0.0	15	0.11	18	0.0	0.00	0.0	0.000	0.022	28.0	70	22.0	30.8	12.71	1.1404	0.00	110	1	96.5	5
11/08/19	6:35 a	24.6	24.6	24.5	97	24.1	2.2	ESE	0.67	4.5	ESE	24.6	26.9	26.9	26.6	1011.8	0.00	0.0	21	0.15	23	0.0	0.00	0.0	0.000	0.022	28.0	70	22.0	30.8	12.71	1.1405	0.00	110	1	96.5	5
11/08/19	6:40 a	24.7	24.7	24.6	96	24.0	1.3	ESE	0.40	3.1	ESE	24.7	27.1	27.1	26.9	1011.4	0.00	0.0	26	0.19	26	0.0	0.00	0.0	0.000	0.022	28.0	70	22.0	30.8	12.71	1.1401	0.00	113	1	99.1	5
11/08/19	6:45 a	24.8	24.8	24.7	96	24.1	0.4	ESE	0.13	1.3	SE	24.8	27.2	27.2	26.9	1011.1	0.00	0.0	26	0.19	26	0.0	0.00	0.0	0.000	0.022	27.9	70	22.0	30.7	12.71	1.1400	0.00	110	1	96.5	5
11/08/19	6:50 a	24.8	24.8	24.8	96	24.1	0.4	ESE	0.13	0.9	ESE	24.8	27.2	27.2	26.9	1011.1	0.00	0.0	25	0.18	26	0.0	0.00	0.0	0.000	0.022	27.9	70	22.0	30.7	12.71	1.1400	0.00	107	1	93.9	5
11/08/19	6:55 a	24.8	24.8	24.8	96	24.1	0.4	ENE	0.13	1.3	ENE	24.8	27.2	27.2	26.9	1011.1	0.00	0.0	24	0.17	25	0.0	0.00	0.0	0.000	0.022	27.9	70	22.0	30.7	12.71	1.1400	0.00	112	1	98.2	5
11/08/19	7:00 a	24.9	24.9	24.8	97	24.4	0.0	ENE	0.00	0.9	ENE	24.9	27.5	27.5	27.2	1011.1	0.00	0.0	21	0.15	23	0.0	0.00	0.0	0.000	0.023	27.9	70	22.0	30.7	12.71	1.1400	0.00	116	1	100.0	5
11/08/19	7:05 a	25.0	25.0	24.9	96	24.3	0.4	SSE	0.13	1.8	SSE	25.0	27.6	27.6	27.3	1011.6	0.00	0.0	19	0.14	19	0.0	0.00	0.0	0.000	0.023	27.9	71	22.2	30.9	12.96	1.1401	0.00	108	1	94.7	5
11/08/19	7:10 a	24.9	25.0	24.9	96	24.3	0.9	SSE	0.27	1.8	S	24.9	27.5	27.5	27.1	1011.7	0.00	0.0	17	0.12	18	0.0	0.00	0.0	0.000	0.023	27.9	71	22.1	30.8	12.96	1.1405	0.00	110	1	96.5	5
11/08/19	7:15 a	24.9	24.9	24.9	97	24.4	0.4	SSW	0.13	1.3	SSE	24.9	27.5	27.5	27.1	1011.7	0.00	0.0	15	0.11	16	0.0	0.00	0.0	0.000	0.023	27.9	71	22.2	30.9	12.96	1.1402	0.00	105	1	92.1	5
11/08/19	7:20 a	24.9	24.9	24.9	97	24.4	0.4	S	0.13	1.8	SSE	24.9	27.6	27.6	27.2	1011.8	0.00	0.0	12	0.09	14	0.0	0.00	0.0	0.000	0.023	27.9	71	22.1	30.8	12.96	1.1407	0.00	108	1	94.7	5
11/08/19	7:25 a	24.9	25.0	24.9	97	24.4	0.9	E	0.27	1.8	E	24.9	27.6	27.6	27.2	1011.9	0.00	0.0	12	0.09	12	0.0	0.00	0.0	0.000	0.023	27.9	71	22.1	30.8	12.96	1.1408	0.00	110	1	96.5	5
11/08/19	7:30 a	24.9	24.9	24.9	97	24.4	0.4	NNW	0.13	1.8	N	24.9	27.5	27.5	27.1	1011.7	0.00	0.0	12	0.09	12	0.0	0.00	0.0	0.000	0.023	27.9	71	22.1	30.8	12.96	1.1406	0.00	106	1	93.0	5
11/08/19	7:35 a	24.8	24.9	24.8	97	24.3	0.4	N	0.13	1.3	N	24.8	27.4	27.4	27.3	1011.9	0.00	0.0	12	0.09	12	0.0	0.00	0.0	0.000	0.023	27.8	71	22.1	30.7	12.97	1.1410	0.00	111	1	97.4	5
11/08/19	7:40 a	24.8	24.8	24.8	97	24.3	0.4	N	0.13	0.9	N	24.8	27.4	27.4	27.4	1011.7	0.25	0.0	15	0.11	16	0.0	0.00	0.0	0.000	0.023	27.9	71	22.1	30.8	12.96	1.1406	0.00	102	1	89.5	5
11/08/19	7:45 a	24.8	24.9	24.8	97	24.3	0.0	N	0.00	0.9	N	24.8	27.4	27.4	27.4	1011.7	0.00	0.0	18	0.13	19	0.0	0.00	0.0	0.000	0.023	27.9	71	22.1	30.8	12.96	1.1405	0.00	105	1	92.1	5
11/08/19	7:50 a	24.9	24.9	24.8	97	24.4	0.4	N	0.13	1.3	E	24.9	27.6	27.6	27.7	1011.8	0.00	0.0	20	0.14	21	0.0	0.00	0.0	0.000	0.023	27.9	71	22.1	30.8	12.96	1.1406	0.00	103	1	90.4	5
11/08/19	7:55 a	24.9	25.0	24.9	97	24.4	0.0	E	0.00	0.9	E	24.9	27.6	27.6	27.8	1011.8	0.00	0.0	23	0.16	23	0.0	0.00	0.0	0.000	0.023	27.8	71	22.1	30.7	12.97	1.1410	0.00	101	1	88.6	5
11/08/19	8:00 a	25.0	25.0	24.9	97	24.5	0.0	E	0.00	0.4	E	25.0	27.7	27.7	27.9	1011.9	0.00	0.0	24	0.17	25	0.0	0.00	0.0	0.000	0.023	27.9	71	22.1	30.8	12.96	1.1407	0.00	104	1	91.2	5
11/08/19	8:05 a	25.0	25.1	24.9	97	24.5	0.0	---	0.00	0.0	---	25.0	27.7	27.7	28.0	1011.9	0.00	0.0	27	0.19	30	0.0	0.00	0.0	0.000	0.023	27.8	71	22.1	30.7	12.97	1.1411	0.00	105	1	92.1	5
11/08/19	8:10 a	25.0	25.1	25.0	97	24.5	0.4	S	0.13	1.3	SW	25.0	27.7	27.7	28.1	1011.8	0.00	0.0	33	0.24	37	0.0	0.00	0.0	0.000	0.023	27.9	71	22.1	30.8	12.96	1.1406	0.00	104	1	91.2	5
11/08/19	8:15 a	25.1	25.1	25.0	98	24.7	0.0	SSW	0.00	0.9	SW	25.1	27.9	27.9	28.7	1011.8	0.00	0.0	47	0.34	54	0.0	0.00	0.0	0.000	0.023	27.8	71	22.1	30.7	12.97	1.1410	0.00	98	1	86.0	5
11/08/19	8:20 a	25.2	25.2	25.1	97	24.7	0.4	SSW	0.13	0.9	SSW	25.2	28.1	28.1	29.2	1012.2	0.00	0.0	65	0.47	72	0.4	0.01	0.6	0.000	0.024	27.8	71	22.1	30.7	12.97	1.1414	0.00	98	1	86.0	5
11/08/19	8:25 a	25.2	25.2	25.2	97	24.7	0.0	S	0.00	0.4	S	25.2	28.2	28.2	29.7	1012.1	0.00	0.0	86	0.62	93	0.7	0.03	0.7	0.000	0.024	27.8	71	22.1	30.7	12.97	1.1413	0.00	99	1	86.8	5
11/08/19	8:30 a	25.3	25.4	25.2	97	24.8	0.0	S	0.00	0.4	S	25.3	28.4	28.4	30.4	1012.0	0.00	0.0	111	0.80	121	0.9	0.03	1.0	0.000	0.024	27.8	71	22.1	30.7	12.97	1.1412	0.00	100	1	87.7	5
11/08/19	8:35 a	25.4	25.4	25.3	97	24.9	0.0	S	0.00	0.4	S	25.4	28.6	28.6	31.2	1012.1	0.00	0.0	144	1.03	149	1.2	0.04	1.3	0.000	0.024	27.8	71	22.1	30.7	12.97	1.1413	0.00	98	1	86.0	5
11/08/19	8:40 a	25.7	25.7	25.4	96	25.0	0.9	E	0.27	1.3	ESE	25.7	29.1	29.1	32.2	1012.2	0.00	0.0	175	1.25	188	1.4	0.05	1.4	0.000	0.025	27.8	71	22.1	30.7	12.97	1.1414	0.00	101	1	88.6	5
11/08/19	8:45 a	25.9	25.9	25.7	96	25.3	0.4	E	0.13	1.3	E	25.9	29.7	29.7	33.5	1012.3	0.00	0.0	214	1.53	225	1.7	0.06	1.8	0.000	0.026	27.9	71	22.1	30.8	12.96	1.1412	0.00	100	1	87.7	5
11/08/19	8:50 a	26.2	26.2	25.9	96	25.5	0.9	SSE	0.27	1.3	SSE	26.2	30.2	30.2	34.3	1012.4	0.00	0.0	240	1.72	244	1.9	0.07	2.0	0.000	0.027	27.9	72	22.4	30.9	13.25	1.1410	0.00	100	1	87.7	5
11/08/19	8:55 a	26.2	26.2	26.1	95	25.4	0.9	ESE	0.27	1.8	E	26.2	30.2	30.2	35.1	1012.5	0.00	0.0	292	2.09	320	2.3	0.08	2.4	0.000	0.027	27.9	72	22.4	31.0	13.25	1.1407	0.00	104	1	91.2	5
11/08/19	9:00 a	26.3	26.3	26.2	94	25.3	0.4	SW	0.13	1.8	SSW	26.3	30.4	30.4	35.6	1012.3	0.00	0.0	328	2.35	332	2.6	0.09	2.7	0.000	0.028	27.9	72	22.4	31.0	13.25	1.1405	0.10	108	1	94.7	5
11/08/19	9:05 a	26.4	26.4	26.3	94	25.3	1.3	WSW	0.40	2.2	SW	26.4	30.5	30.5	35.8	1012.2	0.00	0.0	341	2.44	345	2.8	0.10	2.9	0.000	0.028	27.9	72	22.4	31.0	13.25	1.1404	0.00	105	1	92.1	5
11/08/19	9:10 a	26.7	26.7	26.4	94	25.6	0.9	SW	0.27	2.2	WSW	26.7	31.2	31.2	36.6	1012.3	0.00	0.0	353	2.53	359	3.0	0.11	3.1	0.000	0.029	27.9	72	22.4	31.0	13.25	1.1405	0.00	107	1	93.9	5
11/08/19	9:15 a	26.9	26.9	26.7	93	25.7	1.3	SW	0.40	3.1	WSW	26.9	31.7	31.7	37.1	1012.2	0.00	0.0	366	2.62	369	3.2	0.11	3.3	0.000	0.030	27.9	72	22.4	31.0	13.25	1.1404	0.00	107	1	93.9	5
11/08/19	9:20 a	27.1	27.1	26.9	92	25.6	0.9	S	0.27	2.2	S	27.1	31.9	31.9	37.2	1012.3	0.00	0.0	362	2.59	367	3.3	0.12	3.4	0.000	0.030	27.9	72	22.4	31.0	13.25	1.1405	0.00	108	1	94.7	5
11/08/19	9:25 a	27.1	27.2	27.1	93	25.8	1.3	SSW	0.40	3.1	SSW	27.1	32.1	32.1	36.7	1012.5	0.00	0.0	312	2.24	362	3.0	0.11	3.4	0.000	0.030	28.0	73	22.7	31.3	13.60	1.1399	0.00	104	1	91.2	5
11/08/19	9:30 a	27.1	27.1	27.1	92	25.7	1.3	S	0.40	3.1	SSE	27.1	32.1	32.1	36.9	1012.3	0.00	0.0	333	2.39	364	3.0	0.11	3.3	0.000	0.030	28.0	73	22.7	31.3	13.60	1.1398	0.00	111	1	97.4	5
11/08/19	9:35 a	27.2	27.3	27.1	93	26.0	1.8	SSW	0.54	3.6	S	27.2	32.6	32.6	37.8	1012.2	0.00	0.0	379	2.72	443	3.5	0.13	3.6	0.000	0.031	28.1	73	22.8	31.4	13.60	1.1394	0.00	106	1	93.0	5
11/08/19	9:40 a	27.3	27.3	27.2	93	26.0	1.8	SSW	0.54	4.5	SW	27.3	32.7	32.7	38.3	1012.1	0.00	0.0	419	3.00	475	3.8	0.14	4.1	0.000	0.031	28.1	73	22.8	31.4	13.60	1.1392	0.00	104	1	91.2	5
11/08/19	9:45 a	27.6	27.6	27.3	93	26.4	1.3	SSW	0.40	4.5	S	27.6	33.7	33.7	39.7	1012.2	0.00	0.0	463	3.32	513	4.0	0.14	4.2	0.000	0.032	28.1	74	23.0	31.7	13.90	1.1386	0.00	106	1	93.0	5
11/08/19	9:50 a	27.6	27.7	27.6	92	26.2	1.3	SSW	0.40	2.7	SSW	27.6	33.4	33.4	38.8	1012.3	0.00	0.0	406	2.91	424	3.8	0.14	3.9	0.000	0.032	28.1	74	23.0	31.7	13.90	1.1387	0.00	109	1	95.6	5
11/08/19	9:55 a	27.4	27.6	27.4	92	26.0	1.8	SSW	0.54	3.6	SSW	27.4	33.0	33.0	37.2	1012.3	0.25	0.0	311	2.23	334	3.0	0.11	3.4	0.000	0.032	28.2	74	23.1	31.8	13.90	1.1383	0.00	107	1	93.9	5
11/08/19	10:00 a	27.4	27.4	27.3	92	26.0	1.8	SSW	0.54	3.6	SSW	27.4	32.8	32.8	37.6	1012.3	0.00	0.0	363	2.60	383	3.7	0.13	3.8	0.000	0.031	28.2	74	23.1	31.8	13.90	1.1384	0.23	99	1	86.8	5
11/08/19	10:05 a	27.4	27.4	27.3	92	26.0	1.8	SSW	0.54	3.1	SSW	27.4	32.8	32.8	36.9	1012.3	0.00	0.0	312	2.24	355	3.2	0.11	3.5	0.000	0.031	28.2	74	23.1	31.8	13.90	1.1384	0.00	101	1	88.6	5
11/08/19	10:10 a	27.4	27.4	27.3	91	25.8	1.8	S	0.54	3.6	SSE	27.4	32.8	32.8	37.2	1012.3	0.00	0.0	344	2.47	376	3.7	0.13	4.1	0.000	0.032	28.2	74	23.1	31.8	13.90	1.1384	0.00	104	1	91.2	5
11/08/19	10:15 a	27.4	27.4	27.4	92	26.0	1.3	SSW	0.40	4.0	SE	27.4	33.0	33.0	36.9	1012.3	0.00	0.0	306	2.19	339	3.4	0.12	3.7	0.000	0.032	28.2	74	23.1	31.9	13.89	1.1381	0.00	102	1	89.5	5
11/08/19	10:20 a	27.5	27.5	27.4	91	25.9	1.3	SSW	0.40	3.1	WSW	27.5	32.9	32.9	36.7	1012.4	0.00	0.0	297	2.13	332	3.4	0.12	3.8	0.000	0.032	28.3	74	23.2	32.1	13.89	1.1379	0.00	104	1	91.2	5
11/08/19	10:25 a	27.6	27.6	27.5	91	26.0	0.9	SSW	0.27	1.8	SSW	27.6	33.2	33.2	37.2	1012.4	0.00	0.0	319	2.29	345	3.5	0.13	3.8	0.000	0.032	28.3	74	23.2	32.1	13.89	1.1378	0.00	105	1	92.1	5
11/08/19	10:30 a	27.7	27.7	27.6	91	26.1	1.8	SSW	0.54	3.1	SSW	27.7	33.6	33.6	38.1	1012.4	0.00	0.0	365	2.62	403	4.4	0.16	5.0	0.000	0.033	28.3	74	23.2	32.1	13.89	1.1378	0.00	106	1	93.0	5
11/08/19	10:35 a	27.9	27.9	27.8	90	26.2	1.3	SSW	0.40	3.1	SSW	27.9	34.0	34.0	39.0	1012.3	0.00	0.0	411	2.95	448	5.1	0.18	5.6	0.000	0.033	28.3	74	23.3	32.2	13.89	1.1375	0.00	104	1	91.2	5
11/08/19	10:40 a	28.2	28.2	27.9	89	26.2	0.9	SW	0.27	2.7	SSW	28.2	34.6	34.6	41.0	1012.2	0.00	0.0	584	4.19	687	6.3	0.23	6.5	0.000	0.034	28.3	74	23.3	32.2	13.89	1.1373	0.00	101	1	88.6	5
11/08/19	10:45 a	28.2	28.2	28.2	89	26.2	1.8	SSW	0.54	3.1	S	28.2	34.6	34.6	39.6	1012.3	0.00	0.0	421	3.02	434	5.3	0.19	6.0	0.000	0.034	28.4	74	23.3	32.3	13.89	1.1371	0.00	110	1	96.5	5
11/08/19	10:50 a	28.2	28.2	28.1	90	26.4	1.3	SW	0.40	2.7	SW	28.2	34.8	34.8	40.4	1012.2	0.00	0.0	491	3.52	515	5.7	0.20	5.9	0.000	0.034	28.4	74	23.3	32.3	13.89	1.1369	0.00	105	1	92.1	5
11/08/19	10:55 a	28.6	28.6	28.2	89	26.6	0.9	SSW	0.27	1.8	SSW	28.6	35.6	35.6	41.1	1012.2	0.00	0.0	470	3.37	510	5.6	0.20	6.0	0.000	0.035	28.4	74	23.3	32.3	13.89	1.1369	0.00	100	1	87.7	5
11/08/19	11:00 a	28.8	28.8	28.5	89	26.8	1.3	S	0.40	3.6	S	28.8	36.5	36.5	42.7	1012.2	0.00	0.0	568	4.07	592	7.0	0.25	7.5	0.000	0.036	28.4	74	23.4	32.4	13.89	1.1366	0.28	105	1	92.1	5
11/08/19	11:05 a	28.9	28.9	28.8	88	26.7	1.8	SSW	0.54	4.0	WSW	28.9	36.4	36.4	42.8	1012.0	0.00	0.0	589	4.22	691	7.8	0.28	10.3	0.000	0.037	28.5	74	23.4	32.6	13.88	1.1362	0.00	102	1	89.5	5
11/08/19	11:10 a	29.5	29.5	28.9	86	26.9	1.3	SSW	0.40	2.7	SW	29.5	37.9	37.9	44.9	1012.0	0.00	0.0	791	5.67	905	9.7	0.35	11.2	0.000	0.039	28.6	74	23.5	32.7	13.88	1.1358	0.00	100	1	87.7	5
11/08/19	11:15 a	29.5	29.6	29.4	85	26.7	2.2	SSW	0.67	4.0	WSW	29.5	37.6	37.6	44.6	1011.9	0.00	0.0	957	6.86	1114	10.2	0.36	11.2	0.000	0.039	28.6	74	23.5	32.7	13.88	1.1357	0.00	104	1	91.2	5
11/08/19	11:20 a	29.5	29.6	29.4	85	26.7	2.2	SSW	0.67	3.1	S	29.5	37.6	37.6	44.7	1011.9	0.00	0.0	746	5.35	909	8.3	0.30	9.8	0.000	0.039	28.6	74	23.5	32.8	13.88	1.1354	0.00	102	1	89.5	5
11/08/19	11:25 a	28.9	29.4	28.9	87	26.5	1.3	SSW	0.40	3.1	SW	28.9	36.2	36.2	39.6	1012.0	0.00	0.0	277	1.99	309	4.4	0.16	4.6	0.000	0.037	28.7	74	23.6	32.9	13.88	1.1351	0.00	97	1	85.1	5
11/08/19	11:30 a	28.8	28.9	28.8	88	26.6	1.3	SW	0.40	2.7	S	28.8	36.1	36.1	39.7	1011.8	0.00	0.0	301	2.16	313	4.5	0.16	4.6	0.000	0.036	28.6	66	21.6	31.3	11.88	1.1392	0.00	109	1	95.6	5
11/08/19	11:35 a	28.7	28.8	28.7	88	26.5	1.8	SSW	0.54	3.1	WSW	28.7	35.8	35.8	39.7	1011.7	0.00	0.0	328	2.35	336	4.6	0.16	4.7	0.000	0.036	28.3	60	19.8	29.8	10.75	1.1432	0.00	114	1	100.0	5
11/08/19	11:40 a	28.7	28.7	28.7	88	26.5	1.3	WSW	0.40	3.1	W	28.7	35.8	35.8	39.3	1011.7	0.00	0.0	294	2.11	323	4.4	0.16	4.6	0.000	0.036	28.1	63	20.4	30.0	11.30	1.1428	0.00	107	1	93.9	5
11/08/19	11:45 a	28.6	28.7	28.6	88	26.4	1.3	SSW	0.40	3.1	SW	28.6	35.6	35.6	38.6	1011.6	0.00	0.0	244	1.75	255	3.5	0.13	3.8	0.000	0.036	28.0	62	20.0	29.7	11.10	1.1438	0.00	100	1	87.7	5
11/08/19	11:50 a	28.6	28.6	28.5	89	26.6	0.9	WSW	0.27	2.2	SSW	28.6	35.6	35.6	37.7	1011.6	0.00	0.0	185	1.33	213	2.5	0.09	2.7	0.000	0.035	27.9	64	20.5	29.8	11.50	1.1432	0.00	111	1	97.4	5
11/08/19	11:55 a	28.5	28.6	28.5	90	26.7	0.9	SSW	0.27	2.2	SSW	28.5	35.7	35.7	37.2	1011.7	0.00	0.0	138	0.99	144	2.0	0.07	2.1	0.000	0.035	27.8	63	20.1	29.5	11.31	1.1443	0.00	116	1	100.0	5
11/08/19	12:00 p	28.6	28.6	28.5	89	26.6	0.9	SW	0.27	2.2	WSW	28.6	35.6	35.6	37.2	1011.6	0.00	0.0	148	1.06	153	2.0	0.07	2.1	0.000	0.035	27.8	65	20.6	29.7	11.71	1.1436	0.28	105	1	92.1	5
11/08/19	12:05 p	28.4	28.6	28.4	89	26.5	1.3	SW	0.40	3.1	W	28.4	35.3	35.3	37.2	1011.5	0.00	0.0	169	1.21	172	2.4	0.09	2.4	0.000	0.035	27.7	64	20.3	29.4	11.51	1.1442	0.00	109	1	95.6	5
11/08/19	12:10 p	28.4	28.5	28.4	89	26.5	1.3	S	0.40	3.6	WSW	28.4	35.3	35.3	37.3	1011.4	0.00	0.0	181	1.30	214	2.7	0.10	3.1	0.000	0.035	27.7	63	20.0	29.2	11.31	1.1449	0.00	103	1	90.4	5
11/08/19	12:15 p	28.5	28.5	28.4	89	26.5	1.3	SW	0.40	3.1	WSW	28.5	35.4	35.4	38.4	1011.3	0.00	0.0	246	1.76	253	3.4	0.12	3.5	0.000	0.035	27.6	64	20.2	29.3	11.52	1.1447	0.00	111	1	97.4	5
11/08/19	12:20 p	28.6	28.6	28.4	89	26.6	1.3	WSW	0.40	3.1	WSW	28.6	35.8	35.8	38.9	1011.3	0.00	0.0	255	1.83	260	3.5	0.13	3.5	0.000	0.036	27.6	63	19.9	29.1	11.32	1.1453	0.00	109	1	95.6	5
11/08/19	12:25 p	28.7	28.7	28.6	89	26.7	1.3	SSW	0.40	4.0	SSE	28.7	35.9	35.9	39.1	1011.2	0.00	0.0	254	1.82	265	3.4	0.12	3.5	0.000	0.036	27.5	65	20.3	29.2	11.72	1.1447	0.00	113	1	99.1	5
11/08/19	12:30 p	28.7	28.7	28.6	89	26.7	1.3	WSW	0.40	3.6	SW	28.7	35.9	35.9	39.6	1011.1	0.00	0.0	296	2.12	325	3.9	0.14	4.3	0.000	0.036	27.5	63	19.8	28.9	11.32	1.1455	0.00	110	1	96.5	5
11/08/19	12:35 p	28.8	28.8	28.7	88	26.6	1.3	SW	0.40	2.7	SW	28.8	36.3	36.3	40.9	1011.1	0.00	0.0	394	2.82	501	4.8	0.17	5.4	0.000	0.036	27.5	65	20.3	29.2	11.72	1.1445	0.00	112	1	98.2	5
11/08/19	12:40 p	28.8	28.9	28.8	88	26.6	1.3	SW	0.40	3.1	S	28.8	36.3	36.3	39.7	1010.9	0.00	0.0	278	1.99	302	3.8	0.14	4.0	0.000	0.036	27.4	63	19.8	28.8	11.32	1.1455	0.00	111	1	97.4	5
11/08/19	12:45 p	28.7	28.8	28.7	88	26.5	1.3	SW	0.40	3.1	SSW	28.7	35.9	35.9	39.7	1010.9	0.00	0.0	308	2.21	355	4.2	0.15	4.8	0.000	0.036	27.4	65	20.3	29.1	11.72	1.1447	0.00	111	1	97.4	5
11/08/19	12:50 p	29.1	29.1	28.7	86	26.5	1.8	SW	0.54	3.6	SSW	29.1	36.5	36.5	41.1	1010.8	0.00	0.0	386	2.77	411	6.0	0.21	7.8	0.000	0.037	27.4	64	20.0	29.0	11.52	1.1449	0.00	108	1	94.7	5
11/08/19	12:55 p	28.8	29.1	28.8	89	26.8	1.3	S	0.40	2.7	S	28.8	36.5	36.5	41.0	1010.7	0.00	0.0	373	2.67	394	4.9	0.17	5.1	0.000	0.036	27.4	65	20.2	29.0	11.72	1.1448	0.00	109	1	95.6	5
11/08/19	1:00 p	28.9	28.9	28.8	88	26.8	0.9	SSW	0.27	2.7	SW	28.9	36.6	36.6	41.4	1010.7	0.00	0.0	410	2.94	431	5.2	0.19	5.4	0.000	0.037	27.4	63	19.7	28.8	11.32	1.1455	0.20	112	1	98.2	5
11/08/19	1:05 p	29.1	29.1	28.9	86	26.5	1.3	SSW	0.40	2.7	S	29.1	36.5	36.5	42.0	1010.4	0.00	0.0	481	3.45	533	6.6	0.24	7.6	0.000	0.037	27.4	64	20.0	28.9	11.52	1.1448	0.00	107	1	93.9	5
11/08/19	1:10 p	29.4	29.4	29.1	85	26.7	1.3	SSW	0.40	3.1	S	29.4	37.4	37.4	43.9	1010.3	0.00	0.0	616	4.42	638	7.9	0.28	8.2	0.000	0.039	27.4	64	20.0	29.0	11.52	1.1444	0.00	100	1	87.7	5
11/08/19	1:15 p	29.8	29.8	29.5	84	26.8	1.8	SSW	0.54	3.1	WSW	29.8	38.4	38.4	45.7	1010.3	0.00	0.0	833	5.97	1155	9.7	0.35	11.3	0.000	0.040	27.6	64	20.1	29.2	11.52	1.1438	0.00	108	1	94.7	5
11/08/19	1:20 p	29.9	29.9	29.8	85	27.1	1.8	SW	0.54	3.6	SSW	29.9	39.1	39.1	45.4	1010.2	0.00	0.0	590	4.23	701	8.5	0.30	11.3	0.000	0.040	27.7	64	20.2	29.3	11.51	1.1431	0.00	106	1	93.0	5
11/08/19	1:25 p	30.4	30.4	29.9	81	26.8	1.8	SSW	0.54	2.7	S	30.4	39.3	39.3	45.8	1010.1	0.00	0.0	1089	7.81	1111	10.8	0.39	11.5	0.000	0.042	27.8	64	20.3	29.6	11.51	1.1423	0.00	104	1	91.2	5
11/08/19	1:30 p	30.9	30.9	30.4	80	27.1	1.3	S	0.40	2.7	SSE	30.9	40.7	40.7	47.1	1010.0	0.00	0.0	1061	7.60	1076	10.8	0.39	10.9	0.000	0.044	27.9	64	20.4	29.7	11.51	1.1416	0.00	106	1	93.0	5
11/08/19	1:35 p	30.8	31.0	30.8	80	27.0	1.8	S	0.54	3.6	SSE	30.8	40.3	40.3	46.4	1010.0	0.00	0.0	1000	7.17	1041	10.7	0.38	10.8	0.000	0.043	28.0	64	20.6	29.9	11.50	1.1410	0.00	111	1	97.4	5
11/08/19	1:40 p	30.6	30.9	30.6	80	26.8	1.8	SW	0.54	3.1	SW	30.6	39.6	39.6	46.4	1010.0	0.00	0.0	944	6.77	963	10.2	0.36	10.5	0.000	0.043	28.1	64	20.7	30.1	11.50	1.1404	0.00	106	1	93.0	5
11/08/19	1:45 p	31.0	31.0	30.6	80	27.1	1.3	SSW	0.40	2.7	SW	31.0	40.9	40.9	48.0	1009.8	0.00	0.0	902	6.47	909	9.7	0.35	9.8	0.000	0.044	28.2	65	21.0	30.4	11.70	1.1394	0.00	104	1	91.2	5
11/08/19	1:50 p	30.9	31.0	30.8	81	27.2	1.8	SW	0.54	3.1	W	30.9	40.9	40.9	47.8	1009.6	0.00	0.0	929	6.66	942	9.8	0.35	9.9	0.000	0.044	28.3	65	21.1	30.7	11.69	1.1383	0.00	105	1	92.1	5
11/08/19	1:55 p	30.9	30.9	30.8	78	26.6	2.2	SSW	0.67	3.1	SSW	30.9	39.9	39.9	47.0	1009.6	0.00	0.0	895	6.42	918	9.4	0.34	9.6	0.000	0.044	28.4	66	21.4	30.9	11.89	1.1375	0.00	100	1	87.7	5
11/08/19	2:00 p	31.1	31.2	30.9	78	26.8	1.3	SW	0.40	2.7	S	31.1	40.6	40.6	47.8	1009.5	0.00	0.0	841	6.03	875	8.9	0.32	9.1	0.000	0.044	28.4	67	21.7	31.2	12.09	1.1366	0.58	101	1	88.6	5
11/08/19	2:05 p	31.2	31.2	31.0	78	26.9	1.8	SW	0.54	3.6	S	31.2	40.7	40.7	47.9	1009.5	0.00	0.0	808	5.79	830	8.6	0.31	8.8	0.000	0.045	28.6	68	22.1	31.6	12.28	1.1356	0.00	102	1	89.5	5
11/08/19	2:10 p	31.2	31.2	31.1	79	27.1	1.3	SSE	0.40	2.7	S	31.2	41.3	41.3	48.5	1009.4	0.00	0.0	797	5.71	805	8.4	0.30	8.4	0.000	0.045	28.7	69	22.4	32.0	12.41	1.1344	0.00	101	1	88.6	5
11/08/19	2:15 p	31.1	31.3	31.1	78	26.8	1.3	SW	0.40	2.7	SW	31.1	40.6	40.6	47.8	1009.4	0.00	0.0	788	5.65	798	8.2	0.29	8.3	0.000	0.044	28.7	69	22.5	32.1	12.40	1.1341	0.00	104	1	91.2	5
11/08/19	2:20 p	31.2	31.2	31.1	78	26.9	1.3	SSW	0.40	3.1	WSW	31.2	40.7	40.7	47.9	1009.3	0.00	0.0	792	5.68	798	8.0	0.29	8.1	0.000	0.045	28.8	70	22.8	32.6	12.62	1.1330	0.00	99	1	86.8	5
11/08/19	2:25 p	31.5	31.5	31.1	79	27.4	0.4	WSW	0.13	1.8	SSW	31.5	42.2	42.2	49.4	1009.1	0.00	0.0	775	5.55	786	7.7	0.28	7.8	0.000	0.046	28.9	70	22.9	32.7	12.61	1.1324	0.00	97	1	85.1	5
11/08/19	2:30 p	31.3	31.6	31.3	78	27.0	1.3	SW	0.40	3.1	W	31.3	41.3	41.3	48.4	1009.2	0.00	0.0	765	5.48	766	7.5	0.27	7.6	0.000	0.045	28.9	70	22.9	32.8	12.60	1.1322	0.00	96	1	84.2	5
11/08/19	2:35 p	31.3	31.4	31.3	77	26.8	0.4	SW	0.13	1.8	SSW	31.3	40.7	40.7	47.8	1009.2	0.00	0.0	741	5.31	754	7.2	0.26	7.4	0.000	0.045	29.0	70	23.0	32.9	12.60	1.1319	0.00	94	1	82.5	5
11/08/19	2:40 p	31.3	31.4	31.3	77	26.8	0.9	SW	0.27	2.2	S	31.3	40.9	40.9	47.8	1009.0	0.00	0.0	679	4.87	687	7.0	0.25	7.0	0.000	0.045	29.1	70	23.0	33.1	12.59	1.1314	0.00	90	1	78.9	5
11/08/19	2:45 p	31.2	31.4	31.2	77	26.7	0.9	SW	0.27	1.8	SW	31.2	40.4	40.4	47.2	1008.8	0.00	0.0	682	4.89	693	6.6	0.24	6.7	0.000	0.045	29.1	70	23.1	33.2	12.59	1.1308	0.00	91	1	79.8	5
11/08/19	2:50 p	31.4	31.4	31.2	77	26.9	0.9	SSW	0.27	1.8	W	31.4	41.1	41.1	47.8	1008.7	0.00	0.0	657	4.71	671	6.2	0.22	6.4	0.000	0.045	29.1	70	23.1	33.2	12.59	1.1307	0.00	91	1	79.8	5
11/08/19	2:55 p	31.6	31.6	31.4	76	26.8	0.9	WSW	0.27	1.8	SW	31.6	41.3	41.3	48.0	1008.6	0.00	0.0	654	4.69	666	6.0	0.21	6.0	0.000	0.046	29.2	70	23.1	33.3	12.58	1.1302	0.00	90	1	78.9	5
11/08/19	3:00 p	31.6	31.6	31.6	77	27.1	0.9	WSW	0.27	1.8	SSW	31.6	41.8	41.8	48.6	1008.6	0.00	0.0	667	4.78	673	5.9	0.21	6.0	0.000	0.046	29.2	70	23.2	33.4	12.57	1.1300	0.51	93	1	81.6	5
11/08/19	3:05 p	31.5	31.6	31.4	76	26.8	0.9	S	0.27	1.8	S	31.5	41.1	41.1	47.9	1008.4	0.00	0.0	660	4.73	670	5.7	0.20	5.8	0.000	0.046	29.3	70	23.2	33.5	12.57	1.1294	0.00	93	1	81.6	5
11/08/19	3:10 p	31.8	31.8	31.6	76	27.1	0.4	SSE	0.13	1.3	S	31.8	42.2	42.2	48.9	1008.4	0.00	0.0	658	4.72	661	5.5	0.20	5.6	0.000	0.047	29.3	70	23.2	33.5	12.57	1.1294	0.00	89	1	78.1	5
11/08/19	3:15 p	32.0	32.0	31.8	75	27.0	0.4	SW	0.13	2.2	SW	32.0	42.3	42.3	49.1	1008.3	0.00	0.0	653	4.68	654	5.3	0.19	5.4	0.000	0.047	29.3	70	23.3	33.7	12.56	1.1289	0.00	87	1	76.3	5
11/08/19	3:20 p	32.2	32.3	31.9	76	27.4	0.9	SSE	0.27	2.7	SSE	32.2	43.2	43.2	49.9	1008.2	0.00	0.0	627	4.49	638	5.1	0.18	5.2	0.000	0.048	29.4	70	23.3	33.8	12.56	1.1286	0.00	88	1	77.2	5
11/08/19	3:25 p	32.0	32.2	31.9	74	26.8	0.9	S	0.27	2.7	ESE	32.0	41.9	41.9	48.6	1008.2	0.00	0.0	617	4.42	619	4.8	0.17	4.9	0.000	0.047	29.4	70	23.3	33.8	12.56	1.1285	0.00	87	1	76.3	5
11/08/19	3:30 p	32.1	32.2	32.0	75	27.1	1.3	ESE	0.40	2.7	ESE	32.1	42.4	42.4	49.1	1008.1	0.00	0.0	609	4.37	610	4.5	0.16	4.7	0.000	0.048	29.4	70	23.4	33.9	12.55	1.1281	0.00	86	1	75.4	5
11/08/19	3:35 p	32.2	32.2	32.0	77	27.6	1.3	ESE	0.40	2.7	ESE	32.2	43.7	43.7	50.3	1008.1	0.00	0.0	603	4.32	612	4.3	0.15	4.4	0.000	0.048	29.5	70	23.5	34.0	12.55	1.1278	0.00	92	1	80.7	5
11/08/19	3:40 p	32.0	32.2	32.0	75	27.0	0.9	SW	0.27	2.2	SW	32.0	42.3	42.3	48.9	1008.0	0.00	0.0	597	4.28	608	4.1	0.15	4.2	0.000	0.047	29.6	70	23.5	34.2	12.55	1.1273	0.00	90	1	78.9	5
11/08/19	3:45 p	32.1	32.1	31.9	77	27.5	0.9	SSW	0.27	2.2	SSW	32.1	43.3	43.3	49.9	1007.9	0.00	0.0	594	4.26	599	3.9	0.14	3.9	0.000	0.048	29.6	70	23.5	34.2	12.55	1.1273	0.00	93	1	81.6	5
11/08/19	3:50 p	32.0	32.1	31.9	77	27.5	0.9	SW	0.27	2.2	SSW	32.0	43.1	43.1	49.7	1007.8	0.00	0.0	586	4.20	591	3.7	0.13	3.7	0.000	0.047	29.6	70	23.6	34.3	12.55	1.1269	0.00	90	1	78.9	5
11/08/19	3:55 p	32.1	32.1	31.9	77	27.5	0.9	W	0.27	1.8	SSW	32.1	43.3	43.3	49.9	1007.7	0.00	0.0	581	4.16	585	3.5	0.13	3.5	0.000	0.048	29.6	70	23.6	34.3	12.55	1.1267	0.00	91	1	79.8	5
11/08/19	4:00 p	32.1	32.2	32.1	74	26.9	0.9	S	0.27	1.8	S	32.1	42.3	42.3	48.7	1007.6	0.00	0.0	541	3.88	584	3.2	0.11	3.3	0.000	0.048	29.7	70	23.6	34.4	12.55	1.1263	0.43	84	1	73.7	5
11/08/19	4:05 p	31.9	32.2	31.9	75	27.0	0.0	WSW	0.00	0.9	WSW	31.9	42.1	42.1	48.1	1007.5	0.00	0.0	484	3.47	490	2.8	0.10	2.9	0.000	0.047	29.7	70	23.7	34.6	12.55	1.1259	0.00	85	1	74.6	5
11/08/19	4:10 p	32.1	32.1	31.9	75	27.1	0.4	ENE	0.13	1.3	ENE	32.1	42.4	42.4	48.3	1007.6	0.00	0.0	460	3.30	476	2.6	0.09	2.6	0.000	0.048	29.7	70	23.7	34.6	12.55	1.1260	0.00	87	1	76.3	5
11/08/19	4:15 p	32.3	32.3	32.1	75	27.3	0.4	WNW	0.13	1.3	SW	32.3	43.2	43.2	48.8	1007.5	0.00	0.0	433	3.10	436	2.4	0.09	2.5	0.000	0.048	29.8	70	23.7	34.7	12.55	1.1256	0.00	86	1	75.4	5
11/08/19	4:20 p	32.3	32.4	32.3	72	26.6	0.0	SW	0.00	0.4	SW	32.3	42.2	42.2	47.8	1007.5	0.00	0.0	424	3.04	429	2.3	0.08	2.3	0.000	0.049	29.8	70	23.7	34.7	12.55	1.1256	0.00	88	1	77.2	5
11/08/19	4:25 p	32.3	32.4	32.2	74	27.1	0.4	WSW	0.13	1.3	SSW	32.3	43.0	43.0	48.5	1007.5	0.00	0.0	405	2.90	413	2.1	0.07	2.1	0.000	0.049	29.8	70	23.8	34.8	12.55	1.1253	0.00	86	1	75.4	5
11/08/19	4:30 p	32.2	32.4	32.2	73	26.8	0.9	WSW	0.27	1.8	SSW	32.2	42.2	42.2	47.5	1007.6	0.00	0.0	377	2.70	388	1.9	0.07	2.0	0.000	0.048	29.8	70	23.8	34.8	12.55	1.1253	0.00	90	1	78.9	5
11/08/19	4:35 p	32.2	32.3	32.2	74	26.9	1.3	WNW	0.40	3.6	W	32.2	42.4	42.4	47.6	1007.6	0.00	0.0	356	2.55	362	1.7	0.06	1.7	0.000	0.048	29.8	70	23.8	34.8	12.55	1.1253	0.00	88	1	77.2	5
11/08/19	4:40 p	32.2	32.2	32.0	76	27.4	1.3	WNW	0.40	3.1	WNW	32.2	43.2	43.2	47.7	1007.7	0.00	0.0	298	2.14	334	1.5	0.05	1.6	0.000	0.048	29.8	70	23.8	34.8	12.55	1.1255	0.00	91	1	79.8	5
11/08/19	4:45 p	31.9	32.2	31.9	76	27.1	1.3	NW	0.40	2.2	NW	31.9	42.3	42.3	45.9	1007.7	0.00	0.0	234	1.68	237	1.2	0.04	1.3	0.000	0.047	29.9	70	23.8	34.9	12.55	1.1252	0.00	85	1	74.6	5
11/08/19	4:50 p	31.8	31.9	31.7	77	27.2	0.9	NW	0.27	2.2	NNW	31.8	42.3	42.3	45.8	1007.8	0.00	0.0	220	1.58	236	1.1	0.04	1.1	0.000	0.047	29.9	70	23.8	34.9	12.55	1.1252	0.00	96	1	84.2	5
11/08/19	4:55 p	31.6	31.8	31.6	77	27.1	1.8	NW	0.54	3.6	NW	31.6	41.8	41.8	45.2	1007.8	0.00	0.0	214	1.53	220	1.0	0.04	1.0	0.000	0.046	29.9	70	23.8	34.9	12.55	1.1253	0.00	90	1	78.9	5
11/08/19	5:00 p	31.5	31.6	31.5	76	26.8	1.3	NW	0.40	2.2	NW	31.5	41.1	41.1	44.7	1007.9	0.00	0.0	221	1.58	223	0.9	0.03	0.9	0.000	0.046	29.9	70	23.9	35.1	12.55	1.1251	0.25	89	1	78.1	5
11/08/19	5:05 p	31.4	31.6	31.4	77	26.9	1.3	WNW	0.40	2.2	WNW	31.4	41.3	41.3	44.4	1008.0	0.00	0.0	187	1.34	216	0.8	0.03	0.8	0.000	0.046	29.9	70	23.9	35.1	12.55	1.1251	0.00	92	1	80.7	5
11/08/19	5:10 p	31.3	31.4	31.3	78	27.0	1.3	WNW	0.40	3.1	WNW	31.3	41.3	41.3	44.3	1008.0	0.00	0.0	177	1.27	188	0.7	0.03	0.7	0.000	0.045	29.9	70	23.9	35.1	12.55	1.1251	0.00	99	1	86.8	5
11/08/19	5:15 p	31.3	31.3	31.3	78	27.0	0.9	WNW	0.27	2.7	WNW	31.3	41.3	41.3	44.0	1008.2	0.00	0.0	156	1.12	169	0.6	0.02	0.6	0.000	0.045	29.9	70	23.9	35.1	12.55	1.1254	0.00	86	1	75.4	5
11/08/19	5:20 p	31.2	31.3	31.2	78	26.9	1.3	WNW	0.40	2.7	WNW	31.2	40.7	40.7	43.3	1008.1	0.00	0.0	149	1.07	153	0.5	0.02	0.5	0.000	0.045	29.9	70	23.9	35.1	12.55	1.1253	0.00	92	1	80.7	5
11/08/19	5:25 p	31.2	31.2	31.2	78	26.9	0.9	WNW	0.27	1.8	WNW	31.2	40.7	40.7	43.3	1008.1	0.00	0.0	141	1.01	144	0.1	0.00	0.5	0.000	0.045	29.9	70	23.9	35.1	12.55	1.1253	0.00	92	1	80.7	5
11/08/19	5:30 p	31.2	31.3	31.1	79	27.1	0.4	WNW	0.13	1.8	W	31.2	41.3	41.3	44.2	1008.3	0.00	0.0	155	1.11	158	0.0	0.00	0.0	0.000	0.045	29.9	70	23.9	35.1	12.55	1.1255	0.00	89	1	78.1	5
11/08/19	5:35 p	31.3	31.4	31.3	78	27.0	0.4	NNW	0.13	1.3	NNW	31.3	41.3	41.3	43.9	1008.4	0.00	0.0	138	0.99	146	0.0	0.00	0.0	0.000	0.045	29.9	70	23.9	35.1	12.55	1.1256	0.00	93	1	81.6	5
11/08/19	5:40 p	31.2	31.3	31.2	78	26.9	0.4	WNW	0.13	1.3	NNW	31.2	40.7	40.7	43.0	1008.3	0.00	0.0	119	0.85	127	0.0	0.00	0.0	0.000	0.045	29.9	70	23.9	35.1	12.55	1.1255	0.00	88	1	77.2	5
11/08/19	5:45 p	31.1	31.2	31.1	78	26.8	0.0	SSW	0.00	0.9	SSW	31.1	40.6	40.6	42.4	1008.3	0.00	0.0	95	0.68	104	0.0	0.00	0.0	0.000	0.044	29.9	70	23.9	35.1	12.55	1.1255	0.00	96	1	84.2	5
11/08/19	5:50 p	31.0	31.1	31.0	78	26.7	0.4	SW	0.13	1.3	WSW	31.0	40.2	40.2	41.6	1008.3	0.00	0.0	72	0.52	83	0.0	0.00	0.0	0.000	0.044	29.9	70	23.9	35.1	12.55	1.1255	0.00	93	1	81.6	5
11/08/19	5:55 p	30.9	31.0	30.9	79	26.8	0.4	SW	0.13	1.3	SSW	30.9	40.2	40.2	40.9	1008.3	0.00	0.0	44	0.32	49	0.0	0.00	0.0	0.000	0.044	29.9	70	23.9	35.1	12.55	1.1256	0.00	92	1	80.7	5
11/08/19	6:00 p	30.8	30.9	30.8	80	27.0	0.0	SW	0.00	0.4	SW	30.8	40.3	40.3	40.6	1008.3	0.00	0.0	23	0.16	33	0.0	0.00	0.0	0.000	0.043	29.9	70	23.9	35.1	12.55	1.1255	0.10	91	1	79.8	5
11/08/19	6:05 p	30.6	30.8	30.6	80	26.8	0.0	---	0.00	0.0	---	30.6	39.6	39.6	39.7	1008.3	0.00	0.0	15	0.11	16	0.0	0.00	0.0	0.000	0.043	29.9	70	23.9	35.1	12.55	1.1255	0.00	93	1	81.6	5
11/08/19	6:10 p	30.3	30.7	30.3	82	26.9	0.0	SW	0.00	0.4	SW	30.3	39.2	39.2	39.2	1008.4	0.00	0.0	12	0.09	12	0.0	0.00	0.0	0.000	0.041	29.9	70	23.8	34.9	12.55	1.1260	0.00	94	1	82.5	5
11/08/19	6:15 p	30.1	30.3	30.1	83	26.9	0.0	---	0.00	0.0	---	30.1	39.0	39.0	38.9	1008.5	0.00	0.0	9	0.06	11	0.0	0.00	0.0	0.000	0.041	29.9	70	23.9	35.1	12.55	1.1257	0.00	93	1	81.6	5
11/08/19	6:20 p	30.0	30.1	29.9	84	27.0	0.0	SW	0.00	0.9	SW	30.0	38.9	38.9	38.8	1008.5	0.00	0.0	6	0.04	7	0.0	0.00	0.0	0.000	0.041	29.9	70	23.8	34.9	12.55	1.1261	0.00	91	1	79.8	5
11/08/19	6:25 p	29.9	30.0	29.9	83	26.7	0.4	SW	0.13	0.9	SW	29.9	38.4	38.4	38.1	1008.6	0.00	0.0	0	0.00	0	0.0	0.00	0.0	0.000	0.040	29.8	70	23.8	34.8	12.55	1.1265	0.00	97	1	85.1	5
11/08/19	6:30 p	29.9	29.9	29.9	84	26.9	0.0	SW	0.00	0.4	SW	29.9	38.6	38.6	38.2	1008.8	0.00	0.0	0	0.00	0	0.0	0.00	0.0	0.000	0.040	29.8	70	23.8	34.8	12.55	1.1267	0.00	96	1	84.2	5
11/08/19	6:35 p	29.7	29.9	29.7	84	26.7	0.4	SW	0.13	0.9	SW	29.7	38.1	38.1	37.6	1008.9	0.00	0.0	0	0.00	0	0.0	0.00	0.0	0.000	0.040	29.8	70	23.8	34.8	12.55	1.1268	0.00	94	1	82.5	5
11/08/19	6:40 p	29.6	29.8	29.6	86	27.0	0.4	WSW	0.13	0.9	WSW	29.6	38.1	38.1	37.6	1008.9	0.00	0.0	0	0.00	0	0.0	0.00	0.0	0.000	0.039	29.8	70	23.8	34.8	12.55	1.1269	0.00	95	1	83.3	5
11/08/19	6:45 p	29.4	29.6	29.4	86	26.8	0.4	WNW	0.13	0.9	WNW	29.4	37.6	37.6	37.1	1008.9	0.00	0.0	0	0.00	0	0.0	0.00	0.0	0.000	0.038	29.8	70	23.8	34.8	12.55	1.1269	0.00	97	1	85.1	5
11/08/19	6:50 p	29.2	29.4	29.2	88	27.0	0.4	WNW	0.13	0.9	WNW	29.2	37.3	37.3	36.9	1008.9	0.00	0.0	0	0.00	0	0.0	0.00	0.0	0.000	0.038	29.8	70	23.7	34.7	12.55	1.1272	0.00	97	1	85.1	5
11/08/19	6:55 p	29.0	29.2	29.0	87	26.6	0.0	WNW	0.00	0.9	WNW	29.0	36.6	36.6	36.1	1009.1	0.00	0.0	0	0.00	0	0.0	0.00	0.0	0.000	0.037	29.8	70	23.8	34.8	12.55	1.1271	0.00	101	1	88.6	5
11/08/19	7:00 p	28.9	29.0	28.9	87	26.6	0.4	NW	0.13	0.9	WNW	28.9	36.4	36.4	35.9	1009.1	0.00	0.0	0	0.00	0	0.0	0.00	0.0	0.000	0.037	29.8	71	24.0	35.0	12.85	1.1266	0.00	100	1	87.7	5
11/08/19	7:05 p	28.9	28.9	28.9	88	26.8	0.0	NW	0.00	0.4	NW	28.9	36.6	36.6	36.2	1009.1	0.00	0.0	0	0.00	0	0.0	0.00	0.0	0.000	0.037	29.8	71	24.0	34.9	12.85	1.1269	0.00	98	1	86.0	5
11/08/19	7:10 p	28.9	28.9	28.8	87	26.5	0.0	NW	0.00	0.9	NW	28.9	36.2	36.2	35.7	1009.2	0.00	0.0	0	0.00	0	0.0	0.00	0.0	0.000	0.037	29.8	71	24.0	34.9	12.85	1.1270	0.00	96	1	84.2	5
11/08/19	7:15 p	28.9	28.9	28.8	88	26.7	0.0	NW	0.00	0.9	NW	28.9	36.4	36.4	36.0	1009.2	0.00	0.0	0	0.00	0	0.0	0.00	0.0	0.000	0.037	29.7	71	23.9	34.8	12.85	1.1274	0.00	98	1	86.0	5
11/08/19	7:20 p	28.9	28.9	28.8	89	26.9	0.0	NW	0.00	0.4	NW	28.9	36.7	36.7	36.2	1009.3	0.00	0.0	0	0.00	0	0.0	0.00	0.0	0.000	0.037	29.7	71	23.9	34.8	12.85	1.1275	0.00	100	1	87.7	5
11/08/19	7:25 p	28.8	28.9	28.8	90	27.0	0.4	NNE	0.13	0.9	NW	28.8	36.6	36.6	36.1	1009.4	0.00	0.0	0	0.00	0	0.0	0.00	0.0	0.000	0.036	29.7	71	23.9	34.8	12.85	1.1276	0.00	100	1	87.7	5
11/08/19	7:30 p	28.6	28.8	28.6	91	26.9	0.4	NNE	0.13	1.8	NE	28.6	36.1	36.1	35.6	1009.4	0.00	0.0	0	0.00	0	0.0	0.00	0.0	0.000	0.035	29.7	71	23.8	34.6	12.85	1.1279	0.00	98	1	86.0	5
11/08/19	7:35 p	28.5	28.6	28.5	90	26.7	0.9	NE	0.27	1.8	NE	28.5	35.7	35.7	35.2	1009.6	0.00	0.0	0	0.00	0	0.0	0.00	0.0	0.000	0.035	29.7	71	23.8	34.6	12.85	1.1281	0.00	103	1	90.4	5
11/08/19	7:40 p	28.6	28.6	28.5	90	26.8	0.9	NNE	0.27	1.3	NE	28.6	35.8	35.8	35.4	1009.5	0.00	0.0	0	0.00	0	0.0	0.00	0.0	0.000	0.035	29.7	71	23.8	34.6	12.85	1.1280	0.00	100	1	87.7	5
11/08/19	7:45 p	28.5	28.6	28.5	91	26.9	0.4	NE	0.13	1.3	NE	28.5	35.9	35.9	35.4	1009.6	0.00	0.0	0	0.00	0	0.0	0.00	0.0	0.000	0.035	29.7	71	23.8	34.6	12.85	1.1281	0.00	105	1	92.1	5
11/08/19	7:50 p	28.4	28.5	28.4	90	26.6	0.9	NE	0.27	1.8	NNE	28.4	35.4	35.4	34.9	1009.6	0.00	0.0	0	0.00	0	0.0	0.00	0.0	0.000	0.035	29.7	71	23.8	34.6	12.85	1.1281	0.00	112	1	98.2	5
11/08/19	7:55 p	28.3	28.4	28.3	91	26.7	0.9	NE	0.27	1.8	NNE	28.3	35.3	35.3	34.9	1009.8	0.00	0.0	0	0.00	0	0.0	0.00	0.0	0.000	0.035	29.7	71	23.8	34.6	12.85	1.1283	0.00	112	1	98.2	5
11/08/19	8:00 p	28.3	28.3	28.3	90	26.5	0.4	NE	0.13	1.3	NE	28.3	35.1	35.1	34.6	1009.8	0.00	0.0	0	0.00	0	0.0	0.00	0.0	0.000	0.035	29.7	71	23.8	34.6	12.85	1.1283	0.03	110	1	96.5	5
11/08/19	8:05 p	28.3	28.4	28.3	90	26.5	0.4	NE	0.13	0.9	NE	28.3	35.1	35.1	34.6	1009.9	0.00	0.0	0	0.00	0	0.0	0.00	0.0	0.000	0.035	29.6	71	23.8	34.5	12.85	1.1288	0.00	113	1	99.1	5
11/08/19	8:10 p	28.3	28.4	28.3	90	26.5	0.0	---	0.00	0.0	---	28.3	35.1	35.1	34.6	1010.1	0.00	0.0	0	0.00	0	0.0	0.00	0.0	0.000	0.035	29.6	71	23.8	34.5	12.85	1.1290	0.00	110	1	96.5	5
11/08/19	8:15 p	28.2	28.3	28.2	90	26.4	0.4	NE	0.13	0.9	NE	28.2	34.8	34.8	34.3	1010.2	0.00	0.0	0	0.00	0	0.0	0.00	0.0	0.000	0.034	29.6	71	23.8	34.5	12.85	1.1291	0.00	108	1	94.7	5
11/08/19	8:20 p	28.2	28.2	28.1	90	26.4	0.0	NE	0.00	0.4	NE	28.2	34.6	34.6	34.1	1010.3	0.00	0.0	0	0.00	0	0.0	0.00	0.0	0.000	0.034	29.6	71	23.7	34.4	12.85	1.1295	0.00	111	1	97.4	5
11/08/19	8:25 p	28.1	28.2	28.1	89	26.1	0.0	NE	0.00	0.4	NE	28.1	34.3	34.3	33.8	1010.2	0.00	0.0	0	0.00	0	0.0	0.00	0.0	0.000	0.034	29.6	71	23.7	34.4	12.85	1.1295	0.00	114	1	100.0	5
11/08/19	8:30 p	28.1	28.1	28.1	90	26.3	0.0	NE	0.00	0.4	NE	28.1	34.3	34.3	33.8	1010.2	0.00	0.0	0	0.00	0	0.0	0.00	0.0	0.000	0.034	29.6	71	23.7	34.4	12.85	1.1295	0.00	115	1	100.0	5
11/08/19	8:35 p	27.9	28.1	27.9	90	26.2	0.9	NE	0.27	1.3	NE	27.9	34.0	34.0	33.5	1010.1	0.00	0.0	0	0.00	0	0.0	0.00	0.0	0.000	0.033	29.5	71	23.7	34.2	12.85	1.1296	0.00	113	1	99.1	5
11/08/19	8:40 p	27.7	27.9	27.7	90	25.9	0.4	NE	0.13	1.3	NE	27.7	33.3	33.3	32.8	1010.3	0.00	0.0	0	0.00	0	0.0	0.00	0.0	0.000	0.033	29.6	71	23.7	34.4	12.85	1.1295	0.00	109	1	95.6	5
11/08/19	8:45 p	28.0	28.0	27.8	90	26.2	0.0	N	0.00	0.9	N	28.0	34.2	34.2	33.7	1010.5	0.00	0.0	0	0.00	0	0.0	0.00	0.0	0.000	0.034	29.6	71	23.7	34.4	12.85	1.1298	0.00	113	1	99.1	5
11/08/19	8:50 p	28.1	28.1	28.0	89	26.1	0.0	N	0.00	0.4	N	28.1	34.3	34.3	33.8	1010.5	0.00	0.0	0	0.00	0	0.0	0.00	0.0	0.000	0.034	29.5	71	23.7	34.2	12.85	1.1301	0.00	109	1	95.6	5
11/08/19	8:55 p	28.1	28.1	28.1	90	26.3	0.4	N	0.13	0.9	N	28.1	34.3	34.3	33.8	1010.4	0.00	0.0	0	0.00	0	0.0	0.00	0.0	0.000	0.034	29.5	71	23.7	34.2	12.85	1.1300	0.00	112	1	98.2	5
11/08/19	9:00 p	28.1	28.1	28.0	90	26.3	0.4	N	0.13	1.3	NNE	28.1	34.3	34.3	33.8	1010.5	0.00	0.0	0	0.00	0	0.0	0.00	0.0	0.000	0.034	29.4	71	23.6	34.1	12.85	1.1305	0.00	114	1	100.0	5
11/08/19	9:05 p	27.9	28.1	27.9	91	26.3	0.4	ENE	0.13	0.9	NE	27.9	34.2	34.2	33.7	1010.5	0.00	0.0	0	0.00	0	0.0	0.00	0.0	0.000	0.033	29.4	71	23.6	34.1	12.85	1.1305	0.00	109	1	95.6	5
11/08/19	9:10 p	27.9	27.9	27.8	91	26.3	0.4	ESE	0.13	1.3	ESE	27.9	34.1	34.1	33.6	1010.6	0.00	0.0	0	0.00	0	0.0	0.00	0.0	0.000	0.033	29.4	72	23.9	34.3	13.25	1.1301	0.00	115	1	100.0	5
11/08/19	9:15 p	27.9	27.9	27.8	91	26.3	0.4	E	0.13	1.3	E	27.9	34.1	34.1	33.6	1010.6	0.00	0.0	0	0.00	0	0.0	0.00	0.0	0.000	0.033	29.4	72	23.9	34.3	13.25	1.1300	0.00	110	1	96.5	5
11/08/19	9:20 p	27.8	27.9	27.8	91	26.2	0.9	E	0.27	1.3	E	27.8	33.9	33.9	33.4	1010.6	0.00	0.0	0	0.00	0	0.0	0.00	0.0	0.000	0.033	29.4	72	23.9	34.3	13.25	1.1300	0.00	109	1	95.6	5
11/08/19	9:25 p	27.8	27.8	27.8	91	26.2	0.9	E	0.27	1.3	ENE	27.8	33.9	33.9	33.4	1010.6	0.00	0.0	0	0.00	0	0.0	0.00	0.0	0.000	0.033	29.4	72	23.8	34.2	13.25	1.1304	0.00	111	1	97.4	5
11/08/19	9:30 p	27.8	27.9	27.8	92	26.4	0.9	ENE	0.27	1.8	NNE	27.8	34.1	34.1	33.6	1010.5	0.00	0.0	0	0.00	0	0.0	0.00	0.0	0.000	0.033	29.4	72	23.8	34.2	13.25	1.1303	0.00	116	1	100.0	5
11/08/19	9:35 p	27.9	27.9	27.9	93	26.7	1.8	NE	0.54	2.7	NE	27.9	34.7	34.7	34.2	1010.6	0.25	0.0	0	0.00	0	0.0	0.00	0.0	0.000	0.033	29.4	72	23.8	34.2	13.25	1.1303	0.00	117	1	100.0	5
11/08/19	9:40 p	27.8	27.9	27.8	94	26.7	0.9	NE	0.27	1.3	NE	27.8	34.3	34.3	33.9	1010.7	0.25	2.8	0	0.00	0	0.0	0.00	0.0	0.000	0.033	29.4	72	23.8	34.2	13.25	1.1305	0.00	114	1	100.0	5
11/08/19	9:45 p	27.7	27.8	27.7	95	26.8	0.4	NE	0.13	1.8	NNE	27.7	34.4	34.4	33.9	1010.8	1.78	71.4	0	0.00	0	0.0	0.00	0.0	0.000	0.033	29.4	72	23.8	34.2	13.25	1.1306	0.00	116	1	100.0	5
11/08/19	9:50 p	27.8	27.8	27.7	95	26.9	1.3	NE	0.40	3.1	WNW	27.8	34.6	34.6	34.1	1010.8	4.06	98.3	0	0.00	0	0.0	0.00	0.0	0.000	0.033	29.3	72	23.8	34.1	13.25	1.1309	0.00	117	1	100.0	5
11/08/19	9:55 p	27.9	27.9	27.8	93	26.7	1.8	NW	0.54	4.5	WNW	27.9	34.7	34.7	34.2	1010.6	2.54	101.6	0	0.00	0	0.0	0.00	0.0	0.000	0.033	29.3	72	23.8	34.1	13.25	1.1307	0.00	114	1	100.0	5
11/08/19	10:00 p	28.2	28.2	27.9	94	27.1	1.3	NE	0.40	2.7	NW	28.2	35.6	35.6	35.1	1010.7	1.02	47.2	0	0.00	0	0.0	0.00	0.0	0.000	0.034	29.3	72	23.8	34.1	13.25	1.1308	0.00	115	1	100.0	5
11/08/19	10:05 p	28.0	28.2	28.0	94	26.9	0.0	NNE	0.00	0.9	NNE	28.0	35.1	35.1	34.6	1010.9	0.00	2.0	0	0.00	0	0.0	0.00	0.0	0.000	0.034	29.3	72	23.8	34.1	13.25	1.1310	0.00	117	1	100.0	5
11/08/19	10:10 p	27.9	28.1	27.9	94	26.8	0.0	NNE	0.00	0.9	NNE	27.9	34.7	34.7	34.2	1010.8	0.00	1.3	0	0.00	0	0.0	0.00	0.0	0.000	0.033	29.3	73	24.0	34.3	13.55	1.1305	0.00	116	1	100.0	5
11/08/19	10:15 p	27.8	27.9	27.8	94	26.8	0.4	NNE	0.13	0.9	NNE	27.8	34.5	34.5	34.1	1010.8	0.00	0.0	0	0.00	0	0.0	0.00	0.0	0.000	0.033	29.3	73	24.0	34.3	13.55	1.1305	0.00	118	1	100.0	5
11/08/19	10:20 p	27.8	27.8	27.8	95	27.0	0.0	NNE	0.00	0.9	NNE	27.8	34.7	34.7	34.3	1010.9	0.00	0.0	0	0.00	0	0.0	0.00	0.0	0.000	0.033	29.3	73	23.9	34.1	13.56	1.1309	0.00	117	1	100.0	5
11/08/19	10:25 p	27.7	27.8	27.7	95	26.8	0.4	NNE	0.13	0.9	NNE	27.7	34.4	34.4	33.9	1011.1	0.00	0.0	0	0.00	0	0.0	0.00	0.0	0.000	0.033	29.3	73	23.9	34.1	13.56	1.1312	0.00	116	1	100.0	5
11/08/19	10:30 p	27.8	27.8	27.7	96	27.1	0.0	NNE	0.00	0.4	NNE	27.8	34.8	34.8	34.3	1010.8	0.00	0.0	0	0.00	0	0.0	0.00	0.0	0.000	0.033	29.3	73	23.9	34.1	13.56	1.1308	0.00	114	1	100.0	5
11/08/19	10:35 p	27.7	27.8	27.7	96	27.0	0.4	NE	0.13	0.9	NE	27.7	34.6	34.6	34.2	1010.9	0.00	0.0	0	0.00	0	0.0	0.00	0.0	0.000	0.033	29.3	73	23.9	34.1	13.56	1.1309	0.00	115	1	100.0	5
11/08/19	10:40 p	27.8	27.8	27.7	97	27.3	0.4	SE	0.13	0.9	NE	27.8	35.0	35.0	34.6	1011.1	0.00	0.0	0	0.00	0	0.0	0.00	0.0	0.000	0.033	29.2	73	23.9	34.0	13.56	1.1314	0.00	117	1	100.0	5
11/08/19	10:45 p	27.7	27.8	27.7	97	27.2	0.4	SE	0.13	0.9	SE	27.7	34.8	34.8	34.4	1011.0	0.00	0.0	0	0.00	0	0.0	0.00	0.0	0.000	0.033	29.3	74	24.2	34.3	13.86	1.1306	0.00	117	1	100.0	5
11/08/19	10:50 p	27.7	27.8	27.7	96	27.0	0.9	SSW	0.27	1.8	SSW	27.7	34.6	34.6	34.2	1011.0	0.00	0.0	0	0.00	0	0.0	0.00	0.0	0.000	0.033	29.3	73	23.9	34.1	13.56	1.1310	0.00	117	1	100.0	5
11/08/19	10:55 p	27.4	27.7	27.4	95	26.6	1.8	SSW	0.54	5.4	SSE	27.4	33.6	33.6	33.1	1010.9	0.00	0.0	0	0.00	0	0.0	0.00	0.0	0.000	0.032	29.2	74	24.1	34.2	13.86	1.1307	0.00	115	1	100.0	5
11/08/19	11:00 p	27.0	27.4	27.0	95	26.1	2.2	S	0.67	5.8	S	27.0	32.3	32.3	31.8	1011.1	0.25	0.0	0	0.00	0	0.0	0.00	0.0	0.000	0.030	29.2	74	24.1	34.2	13.86	1.1310	0.00	108	1	94.7	5
11/08/19	11:05 p	26.7	27.0	26.7	96	26.0	1.3	S	0.40	3.6	WSW	26.7	31.7	31.7	31.2	1011.1	1.27	17.5	0	0.00	0	0.0	0.00	0.0	0.000	0.029	29.2	74	24.1	34.2	13.86	1.1310	0.00	109	1	95.6	5
11/08/19	11:10 p	26.4	26.7	26.4	96	25.8	2.7	SSW	0.80	4.9	SW	26.4	30.9	30.9	30.4	1011.1	4.32	67.1	0	0.00	0	0.0	0.00	0.0	0.000	0.028	29.2	74	24.1	34.1	13.86	1.1313	0.00	116	1	100.0	5
11/08/19	11:15 p	26.2	26.4	26.2	96	25.5	2.2	S	0.67	5.4	WSW	26.2	30.4	30.4	29.8	1011.3	2.03	102.4	0	0.00	0	0.0	0.00	0.0	0.000	0.027	29.2	74	24.1	34.1	13.86	1.1315	0.00	115	1	100.0	5
11/08/19	11:20 p	25.9	26.2	25.9	96	25.3	2.2	SSW	0.67	4.5	SSW	25.9	29.7	29.7	29.2	1011.3	1.78	61.5	0	0.00	0	0.0	0.00	0.0	0.000	0.026	29.1	74	24.0	33.9	13.86	1.1319	0.00	116	1	100.0	5
11/08/19	11:25 p	25.8	25.9	25.8	97	25.3	2.2	SSW	0.67	5.4	S	25.8	29.4	29.4	28.9	1011.3	0.76	24.9	0	0.00	0	0.0	0.00	0.0	0.000	0.026	29.1	74	23.9	33.8	13.86	1.1322	0.00	117	1	100.0	5
11/08/19	11:30 p	25.7	25.8	25.7	97	25.2	0.4	ESE	0.13	1.8	S	25.7	29.3	29.3	28.8	1011.3	0.25	5.3	0	0.00	0	0.0	0.00	0.0	0.000	0.026	29.0	74	23.9	33.7	13.87	1.1325	0.00	116	1	100.0	5
11/08/19	11:35 p	25.7	25.7	25.7	97	25.2	0.9	NE	0.27	1.8	NNE	25.7	29.3	29.3	28.8	1011.4	0.00	2.3	0	0.00	0	0.0	0.00	0.0	0.000	0.026	29.0	74	23.9	33.7	13.87	1.1326	0.00	114	1	100.0	5
11/08/19	11:40 p	25.7	25.8	25.7	97	25.2	0.9	NNE	0.27	1.3	N	25.7	29.3	29.3	28.8	1011.3	0.00	1.3	0	0.00	0	0.0	0.00	0.0	0.000	0.026	28.9	73	23.6	33.4	13.57	1.1333	0.00	114	1	100.0	5
11/08/19	11:45 p	25.8	25.9	25.7	98	25.5	0.9	NE	0.27	2.2	N	25.8	29.7	29.7	29.2	1011.0	0.25	1.3	0	0.00	0	0.0	0.00	0.0	0.000	0.026	28.9	73	23.6	33.4	13.57	1.1329	0.00	115	1	100.0	5
11/08/19	11:50 p	25.8	25.9	25.8	97	25.3	0.9	N	0.27	2.2	WNW	25.8	29.6	29.6	29.0	1010.9	0.00	1.0	0	0.00	0	0.0	0.00	0.0	0.000	0.026	28.9	73	23.6	33.4	13.57	1.1328	0.00	113	1	99.1	5
11/08/19	11:55 p	25.7	25.9	25.6	96	25.0	0.9	NNW	0.27	1.8	NNW	25.7	29.2	29.2	28.6	1011.1	0.25	1.8	0	0.00	0	0.0	0.00	0.0	0.000	0.026	28.9	73	23.6	33.4	13.57	1.1330	0.00	116	1	100.0	5
