		Temp	Hi	Low	Out	Dew	Wind	Wind	Wind	Hi	Hi	Wind	Heat	THW	THSW			Rain	Solar	Solar	Hi Solar	UV 	UV 	Hi 	Heat	Cool	In 	In	In 	In 	In 	In Air		Wind	Wind	ISS 	Arc.
Date	Time	Out	Temp	Temp	Hum	Pt.	Speed	Dir	Run	Speed	Dir	Chill	Index	Index	Index	Bar  	Rain	Rate	Rad.	Energy	Rad. 	Index	Dose	UV 	D-D 	D-D 	Temp	Hum	Dew	Heat	EMC	Density	ET 	Samp	Tx 	Recept	Int.
22/06/19	12:00 a	26.2	26.2	26.2	95	25.3	0.0	N	0.00	0.4	N	26.2	30.1	30.1	29.6	1013.0	0.00	0.8	0	0.00	0	0.0	0.00	0.0	0.000	0.027	28.3	66	21.4	30.8	11.89	1.1418	0.00	112	1	98.2	5
22/06/19	12:05 a	26.1	26.2	26.1	95	25.2	0.4	NNE	0.13	1.3	NNE	26.1	29.8	29.8	29.3	1013.0	0.00	0.0	0	0.00	0	0.0	0.00	0.0	0.000	0.027	28.3	66	21.4	30.8	11.89	1.1418	0.00	110	1	96.5	5
22/06/19	12:10 a	26.0	26.1	25.9	96	25.3	0.4	NNE	0.13	0.9	NNE	26.0	29.8	29.8	29.3	1013.1	0.00	0.0	0	0.00	0	0.0	0.00	0.0	0.000	0.027	28.4	67	21.7	31.1	12.09	1.1411	0.00	110	1	96.5	5
22/06/19	12:15 a	25.9	26.0	25.9	95	25.1	0.4	NE	0.13	0.9	NE	25.9	29.6	29.6	29.0	1013.1	0.00	0.0	0	0.00	0	0.0	0.00	0.0	0.000	0.026	28.4	67	21.7	31.1	12.09	1.1412	0.00	111	1	97.4	5
22/06/19	12:20 a	26.0	26.0	25.9	95	25.1	0.4	NNW	0.13	0.9	NNW	26.0	29.7	29.7	29.1	1013.2	0.00	0.0	0	0.00	0	0.0	0.00	0.0	0.000	0.027	28.4	67	21.7	31.1	12.09	1.1412	0.00	113	1	99.1	5
22/06/19	12:25 a	25.9	26.0	25.8	94	24.8	0.9	NNW	0.27	1.8	NNW	25.9	29.3	29.3	28.7	1013.1	0.00	0.0	0	0.00	0	0.0	0.00	0.0	0.000	0.026	28.4	67	21.7	31.1	12.09	1.1411	0.00	111	1	97.4	5
22/06/19	12:30 a	25.8	25.9	25.7	94	24.7	0.9	NW	0.27	1.8	NNW	25.8	29.1	29.1	28.5	1013.0	0.00	0.0	0	0.00	0	0.0	0.00	0.0	0.000	0.026	28.4	68	22.0	31.4	12.29	1.1403	0.00	113	1	99.1	5
22/06/19	12:35 a	25.7	25.8	25.7	93	24.5	0.4	WNW	0.13	1.3	NW	25.7	28.8	28.8	28.2	1012.9	0.00	0.0	0	0.00	0	0.0	0.00	0.0	0.000	0.026	28.4	68	22.0	31.4	12.29	1.1402	0.00	112	1	98.2	5
22/06/19	12:40 a	25.7	25.7	25.7	93	24.4	0.4	WNW	0.13	1.3	NNW	25.7	28.7	28.7	28.1	1012.7	0.00	0.0	0	0.00	0	0.0	0.00	0.0	0.000	0.025	28.4	68	22.0	31.4	12.29	1.1399	0.00	110	1	96.5	5
22/06/19	12:45 a	25.6	25.7	25.6	93	24.4	0.0	NW	0.00	0.4	NW	25.6	28.6	28.6	27.9	1012.7	0.00	0.0	0	0.00	0	0.0	0.00	0.0	0.000	0.025	28.4	69	22.2	31.6	12.42	1.1395	0.00	110	1	96.5	5
22/06/19	12:50 a	25.6	25.7	25.6	94	24.5	0.0	NW	0.00	0.9	NW	25.6	28.6	28.6	28.0	1012.6	0.00	0.0	0	0.00	0	0.0	0.00	0.0	0.000	0.025	28.4	69	22.2	31.6	12.42	1.1394	0.00	109	1	95.6	5
22/06/19	12:55 a	25.4	25.6	25.4	94	24.4	0.0	NW	0.00	0.4	NW	25.4	28.3	28.3	27.7	1012.6	0.00	0.0	0	0.00	0	0.0	0.00	0.0	0.000	0.025	28.4	70	22.4	31.7	12.66	1.1389	0.00	112	1	98.2	5
22/06/19	1:00 a	25.5	25.5	25.4	94	24.5	0.0	---	0.00	0.0	---	25.5	28.4	28.4	27.9	1012.6	0.00	0.0	0	0.00	0	0.0	0.00	0.0	0.000	0.025	28.4	70	22.4	31.7	12.66	1.1389	0.00	112	1	98.2	5
22/06/19	1:05 a	25.4	25.5	25.4	94	24.4	0.0	---	0.00	0.0	---	25.4	28.3	28.3	27.7	1012.4	0.00	0.0	0	0.00	0	0.0	0.00	0.0	0.000	0.025	28.4	70	22.4	31.7	12.66	1.1387	0.00	112	1	98.2	5
22/06/19	1:10 a	25.4	25.4	25.4	94	24.4	0.4	NW	0.13	0.9	NNE	25.4	28.3	28.3	27.7	1012.5	0.00	0.0	0	0.00	0	0.0	0.00	0.0	0.000	0.025	28.4	71	22.7	31.9	12.92	1.1383	0.00	112	1	98.2	5
22/06/19	1:15 a	25.4	25.5	25.4	95	24.6	0.0	NE	0.00	0.4	NE	25.4	28.4	28.4	27.9	1012.4	0.00	0.0	0	0.00	0	0.0	0.00	0.0	0.000	0.025	28.4	71	22.7	31.9	12.92	1.1382	0.00	112	1	98.2	5
22/06/19	1:20 a	25.4	25.5	25.4	94	24.4	0.0	E	0.00	0.9	NE	25.4	28.3	28.3	27.7	1012.3	0.00	0.0	0	0.00	0	0.0	0.00	0.0	0.000	0.025	28.4	71	22.7	31.9	12.92	1.1381	0.00	110	1	96.5	5
22/06/19	1:25 a	25.4	25.4	25.4	95	24.6	0.4	ESE	0.13	0.9	E	25.4	28.4	28.4	27.9	1012.2	0.00	0.0	0	0.00	0	0.0	0.00	0.0	0.000	0.025	28.4	71	22.7	31.9	12.92	1.1380	0.00	110	1	96.5	5
22/06/19	1:30 a	25.5	25.5	25.4	95	24.6	0.4	ESE	0.13	1.3	ESE	25.5	28.6	28.6	28.0	1012.1	0.00	0.0	0	0.00	0	0.0	0.00	0.0	0.000	0.025	28.4	71	22.6	31.8	12.93	1.1382	0.00	113	1	99.1	5
22/06/19	1:35 a	25.4	25.6	25.4	95	24.6	0.4	SE	0.13	0.9	ESE	25.4	28.4	28.4	27.9	1012.2	0.20	0.0	0	0.00	0	0.0	0.00	0.0	0.000	0.025	28.4	72	22.9	32.1	13.25	1.1375	0.00	114	1	100.0	5
22/06/19	1:40 a	25.4	25.4	25.4	95	24.5	0.4	SE	0.13	0.9	SE	25.4	28.3	28.3	27.8	1012.1	0.00	0.0	0	0.00	0	0.0	0.00	0.0	0.000	0.024	28.4	72	22.9	31.9	13.25	1.1378	0.00	107	1	93.9	5
22/06/19	1:45 a	25.4	25.4	25.4	95	24.6	1.3	ESE	0.40	2.7	E	25.4	28.4	28.4	27.9	1012.2	0.00	0.0	0	0.00	0	0.0	0.00	0.0	0.000	0.025	28.4	72	22.9	31.9	13.25	1.1378	0.00	109	1	95.6	5
22/06/19	1:50 a	25.5	25.5	25.4	96	24.8	0.4	SE	0.13	2.7	E	25.5	28.7	28.7	28.1	1012.1	0.00	0.0	0	0.00	0	0.0	0.00	0.0	0.000	0.025	28.4	72	22.9	31.9	13.25	1.1377	0.00	113	1	99.1	5
22/06/19	1:55 a	25.4	25.5	25.4	96	24.8	0.4	SSE	0.13	1.3	ESE	25.4	28.6	28.6	28.0	1012.2	0.00	0.0	0	0.00	0	0.0	0.00	0.0	0.000	0.025	28.4	72	22.9	32.1	13.25	1.1375	0.00	105	1	92.1	5
22/06/19	2:00 a	25.4	25.4	25.3	96	24.7	0.9	SE	0.27	1.8	SE	25.4	28.4	28.4	27.9	1012.0	0.00	0.0	0	0.00	0	0.0	0.00	0.0	0.000	0.024	28.4	73	23.1	32.1	13.59	1.1372	0.00	107	1	93.9	5
22/06/19	2:05 a	25.3	25.4	25.3	96	24.6	0.9	SE	0.27	1.8	SSE	25.3	28.3	28.3	27.8	1012.2	0.20	0.0	0	0.00	0	0.0	0.00	0.0	0.000	0.024	28.4	73	23.1	32.1	13.59	1.1374	0.00	106	1	93.0	5
22/06/19	2:10 a	25.3	25.3	25.3	96	24.6	0.9	SSE	0.27	2.2	SSE	25.3	28.3	28.3	27.8	1012.2	0.00	0.0	0	0.00	0	0.0	0.00	0.0	0.000	0.024	28.4	73	23.1	32.1	13.59	1.1374	0.00	112	1	98.2	5
22/06/19	2:15 a	25.3	25.3	25.3	96	24.6	0.9	S	0.27	2.2	SE	25.3	28.2	28.2	27.7	1012.3	0.00	0.0	0	0.00	0	0.0	0.00	0.0	0.000	0.024	28.4	73	23.1	32.1	13.59	1.1375	0.00	112	1	98.2	5
22/06/19	2:20 a	25.2	25.3	25.2	96	24.5	0.9	S	0.27	2.2	SSW	25.2	27.9	27.9	27.4	1012.3	0.00	0.0	0	0.00	0	0.0	0.00	0.0	0.000	0.024	28.4	73	23.1	32.2	13.59	1.1373	0.00	111	1	97.4	5
22/06/19	2:25 a	25.2	25.2	25.1	96	24.5	0.9	SSE	0.27	2.2	S	25.2	27.9	27.9	27.4	1012.4	0.00	0.0	0	0.00	0	0.0	0.00	0.0	0.000	0.024	28.4	73	23.1	32.1	13.59	1.1377	0.00	112	1	98.2	5
22/06/19	2:30 a	25.0	25.1	25.0	95	24.1	0.9	SSE	0.27	2.2	SSE	25.0	27.5	27.5	26.9	1012.5	0.00	0.0	0	0.00	0	0.0	0.00	0.0	0.000	0.023	28.4	74	23.3	32.3	13.89	1.1373	0.00	108	1	94.7	5
22/06/19	2:35 a	25.0	25.1	25.0	95	24.1	0.9	SE	0.27	2.2	SSE	25.0	27.5	27.5	26.9	1012.4	0.00	0.0	0	0.00	0	0.0	0.00	0.0	0.000	0.023	28.4	74	23.3	32.3	13.89	1.1372	0.00	105	1	92.1	5
22/06/19	2:40 a	24.9	25.0	24.9	95	24.0	0.4	SSE	0.13	2.2	SSE	24.9	27.3	27.3	26.7	1012.3	0.00	0.0	0	0.00	0	0.0	0.00	0.0	0.000	0.023	28.4	74	23.3	32.3	13.89	1.1371	0.00	113	1	99.1	5
22/06/19	2:45 a	24.8	24.9	24.8	95	24.0	0.4	SE	0.13	1.3	SE	24.8	27.2	27.2	26.6	1012.4	0.20	0.0	0	0.00	0	0.0	0.00	0.0	0.000	0.023	28.4	74	23.3	32.3	13.89	1.1372	0.00	108	1	94.7	5
22/06/19	2:50 a	24.8	24.9	24.8	95	24.0	0.4	ESE	0.13	1.3	ESE	24.8	27.2	27.2	26.6	1012.4	0.00	0.0	0	0.00	0	0.0	0.00	0.0	0.000	0.023	28.3	74	23.3	32.2	13.89	1.1375	0.00	104	1	91.2	5
22/06/19	2:55 a	24.8	24.8	24.8	95	23.9	0.9	S	0.27	1.8	SSE	24.8	27.1	27.1	26.5	1012.4	0.00	0.0	0	0.00	0	0.0	0.00	0.0	0.000	0.022	28.3	74	23.3	32.2	13.89	1.1376	0.00	103	1	90.4	5
22/06/19	3:00 a	24.7	24.8	24.7	95	23.8	0.9	SE	0.27	1.8	SE	24.7	26.9	26.9	26.3	1012.4	0.00	0.0	0	0.00	0	0.0	0.00	0.0	0.000	0.022	28.3	75	23.5	32.3	14.29	1.1371	0.00	103	1	90.4	5
22/06/19	3:05 a	24.7	24.7	24.6	95	23.8	0.9	SSE	0.27	1.8	SSE	24.7	26.9	26.9	26.3	1012.4	0.00	0.0	0	0.00	0	0.0	0.00	0.0	0.000	0.022	28.3	75	23.5	32.3	14.29	1.1371	0.00	100	1	87.7	5
22/06/19	3:10 a	24.6	24.7	24.6	94	23.5	0.9	SE	0.27	2.2	SSE	24.6	26.6	26.6	26.0	1012.3	0.00	0.0	0	0.00	0	0.0	0.00	0.0	0.000	0.022	28.3	75	23.5	32.3	14.29	1.1370	0.00	99	1	86.8	5
22/06/19	3:15 a	24.6	24.6	24.6	94	23.5	0.9	SE	0.27	1.8	SE	24.6	26.6	26.6	26.0	1012.3	0.00	0.0	0	0.00	0	0.0	0.00	0.0	0.000	0.022	28.3	75	23.5	32.3	14.29	1.1369	0.00	102	1	89.5	5
22/06/19	3:20 a	24.5	24.6	24.5	94	23.5	0.9	SSE	0.27	2.2	SSE	24.5	26.5	26.5	25.9	1012.3	0.00	0.0	0	0.00	0	0.0	0.00	0.0	0.000	0.021	28.3	75	23.5	32.3	14.29	1.1370	0.00	111	1	97.4	5
22/06/19	3:25 a	24.4	24.6	24.4	93	23.2	0.9	SE	0.27	2.2	ESE	24.4	26.3	26.3	25.7	1012.3	0.00	0.0	0	0.00	0	0.0	0.00	0.0	0.000	0.021	28.3	75	23.5	32.3	14.29	1.1370	0.00	107	1	93.9	5
22/06/19	3:30 a	24.5	24.5	24.4	94	23.5	0.4	SSE	0.13	1.8	SSE	24.5	26.5	26.5	25.9	1012.1	0.00	0.0	0	0.00	0	0.0	0.00	0.0	0.000	0.021	28.3	75	23.4	32.2	14.29	1.1371	0.00	106	1	93.0	5
22/06/19	3:35 a	24.4	24.5	24.4	94	23.4	0.9	SE	0.27	1.3	SE	24.4	26.4	26.4	25.8	1012.0	0.00	0.0	0	0.00	0	0.0	0.00	0.0	0.000	0.021	28.3	75	23.5	32.3	14.29	1.1366	0.00	108	1	94.7	5
22/06/19	3:40 a	24.4	24.4	24.4	94	23.4	0.9	SSE	0.27	2.2	SSE	24.4	26.4	26.4	25.8	1012.0	0.00	0.0	0	0.00	0	0.0	0.00	0.0	0.000	0.021	28.3	75	23.4	32.2	14.29	1.1369	0.00	102	1	89.5	5
22/06/19	3:45 a	24.3	24.4	24.3	94	23.3	0.9	SSE	0.27	2.2	SSE	24.3	26.3	26.3	25.6	1011.9	0.00	0.0	0	0.00	0	0.0	0.00	0.0	0.000	0.021	28.3	75	23.4	32.2	14.29	1.1368	0.00	106	1	93.0	5
22/06/19	3:50 a	24.3	24.3	24.3	94	23.3	0.4	ESE	0.13	1.3	SSE	24.3	26.3	26.3	25.6	1011.8	0.00	0.0	0	0.00	0	0.0	0.00	0.0	0.000	0.021	28.3	75	23.4	32.2	14.29	1.1367	0.00	112	1	98.2	5
22/06/19	3:55 a	24.4	24.4	24.3	94	23.4	0.9	ESE	0.27	1.3	ESE	24.4	26.3	26.3	25.7	1011.7	0.00	0.0	0	0.00	0	0.0	0.00	0.0	0.000	0.021	28.2	75	23.4	32.1	14.29	1.1369	0.00	108	1	94.7	5
22/06/19	4:00 a	24.4	24.4	24.4	94	23.4	0.4	SE	0.13	1.3	SE	24.4	26.3	26.3	25.7	1011.8	0.00	0.0	0	0.00	0	0.0	0.00	0.0	0.000	0.021	28.2	75	23.4	32.1	14.29	1.1371	0.00	109	1	95.6	5
22/06/19	4:05 a	24.4	24.4	24.4	94	23.4	0.4	SSE	0.13	0.9	SE	24.4	26.3	26.3	25.7	1011.8	0.00	0.0	0	0.00	0	0.0	0.00	0.0	0.000	0.021	28.2	75	23.4	32.1	14.29	1.1370	0.00	111	1	97.4	5
22/06/19	4:10 a	24.4	24.4	24.4	94	23.4	0.4	ESE	0.13	0.9	ESE	24.4	26.4	26.4	25.8	1011.8	0.00	0.0	0	0.00	0	0.0	0.00	0.0	0.000	0.021	28.2	75	23.4	32.1	14.29	1.1370	0.00	109	1	95.6	5
22/06/19	4:15 a	24.6	24.6	24.4	94	23.5	0.0	E	0.00	0.4	E	24.6	26.6	26.6	26.0	1011.7	0.00	0.0	0	0.00	0	0.0	0.00	0.0	0.000	0.022	28.2	75	23.4	32.1	14.29	1.1369	0.00	105	1	92.1	5
22/06/19	4:20 a	24.4	24.6	24.4	94	23.4	0.0	---	0.00	0.0	---	24.4	26.4	26.4	25.8	1011.9	0.00	0.0	0	0.00	0	0.0	0.00	0.0	0.000	0.021	28.2	75	23.3	31.9	14.30	1.1374	0.00	104	1	91.2	5
22/06/19	4:25 a	24.4	24.4	24.4	94	23.4	0.0	E	0.00	0.4	E	24.4	26.4	26.4	25.8	1011.8	0.00	0.0	0	0.00	0	0.0	0.00	0.0	0.000	0.021	28.2	75	23.3	31.9	14.30	1.1374	0.00	108	1	94.7	5
22/06/19	4:30 a	24.4	24.4	24.4	94	23.4	0.0	---	0.00	0.0	---	24.4	26.4	26.4	25.8	1011.9	0.00	0.0	0	0.00	0	0.0	0.00	0.0	0.000	0.021	28.2	75	23.3	31.9	14.30	1.1374	0.00	110	1	96.5	5
22/06/19	4:35 a	24.4	24.5	24.4	94	23.4	0.4	ESE	0.13	0.9	ESE	24.4	26.4	26.4	25.8	1011.8	0.00	0.0	0	0.00	0	0.0	0.00	0.0	0.000	0.021	28.2	75	23.3	31.9	14.30	1.1373	0.00	111	1	97.4	5
22/06/19	4:40 a	24.3	24.4	24.3	94	23.3	0.0	ESE	0.00	0.9	ESE	24.3	26.3	26.3	25.6	1011.8	0.00	0.0	0	0.00	0	0.0	0.00	0.0	0.000	0.021	28.2	75	23.3	31.9	14.30	1.1374	0.00	112	1	98.2	5
22/06/19	4:45 a	24.4	24.4	24.3	94	23.4	0.0	---	0.00	0.0	---	24.4	26.3	26.3	25.7	1011.8	0.00	0.0	0	0.00	0	0.0	0.00	0.0	0.000	0.021	28.2	75	23.3	31.9	14.30	1.1373	0.00	109	1	95.6	5
22/06/19	4:50 a	24.4	24.4	24.4	94	23.4	0.0	---	0.00	0.0	---	24.4	26.3	26.3	25.7	1011.7	0.00	0.0	0	0.00	0	0.0	0.00	0.0	0.000	0.021	28.2	75	23.3	31.9	14.30	1.1372	0.00	104	1	91.2	5
22/06/19	4:55 a	24.4	24.5	24.4	95	23.6	0.0	---	0.00	0.0	---	24.4	26.5	26.5	25.9	1011.7	0.00	0.0	0	0.00	0	0.0	0.00	0.0	0.000	0.021	28.2	75	23.3	31.9	14.30	1.1373	0.00	102	1	89.5	5
22/06/19	5:00 a	24.4	24.5	24.4	95	23.6	0.0	---	0.00	0.0	---	24.4	26.5	26.5	25.9	1011.6	0.00	0.0	0	0.00	0	0.0	0.00	0.0	0.000	0.021	28.2	75	23.3	31.9	14.30	1.1371	0.00	109	1	95.6	5
22/06/19	5:05 a	24.4	24.4	24.4	95	23.6	0.0	---	0.00	0.0	---	24.4	26.5	26.5	25.9	1011.6	0.00	0.0	0	0.00	0	0.0	0.00	0.0	0.000	0.021	28.2	75	23.3	31.9	14.30	1.1371	0.00	109	1	95.6	5
22/06/19	5:10 a	24.4	24.4	24.4	96	23.8	0.0	---	0.00	0.0	---	24.4	26.6	26.6	25.9	1011.6	0.00	0.0	0	0.00	0	0.0	0.00	0.0	0.000	0.021	28.2	75	23.3	31.9	14.30	1.1371	0.00	110	1	96.5	5
22/06/19	5:15 a	24.5	24.5	24.4	96	23.8	0.0	---	0.00	0.0	---	24.5	26.7	26.7	26.1	1011.6	0.00	0.0	0	0.00	0	0.0	0.00	0.0	0.000	0.021	28.2	75	23.3	31.9	14.30	1.1371	0.00	111	1	97.4	5
22/06/19	5:20 a	24.4	24.6	24.4	96	23.8	0.0	---	0.00	0.0	---	24.4	26.6	26.6	25.9	1011.6	0.00	0.0	0	0.00	0	0.0	0.00	0.0	0.000	0.021	28.1	75	23.3	31.8	14.30	1.1375	0.00	111	1	97.4	5
22/06/19	5:25 a	24.4	24.4	24.4	96	23.8	0.0	---	0.00	0.0	---	24.4	26.6	26.6	25.9	1011.7	0.00	0.0	0	0.00	0	0.0	0.00	0.0	0.000	0.021	28.1	75	23.3	31.8	14.30	1.1375	0.00	102	1	89.5	5
22/06/19	5:30 a	24.4	24.4	24.4	96	23.8	0.0	---	0.00	0.0	---	24.4	26.6	26.6	25.9	1011.6	0.00	0.0	0	0.00	0	0.0	0.00	0.0	0.000	0.021	28.1	75	23.3	31.8	14.30	1.1374	0.00	104	1	91.2	5
22/06/19	5:35 a	24.4	24.5	24.4	96	23.8	0.0	---	0.00	0.0	---	24.4	26.6	26.6	25.9	1011.6	0.00	0.0	0	0.00	0	0.0	0.00	0.0	0.000	0.021	28.1	75	23.3	31.8	14.30	1.1374	0.00	109	1	95.6	5
22/06/19	5:40 a	24.5	24.5	24.4	96	23.8	0.0	---	0.00	0.0	---	24.5	26.7	26.7	26.1	1011.9	0.00	0.0	0	0.00	0	0.0	0.00	0.0	0.000	0.021	28.1	75	23.3	31.8	14.30	1.1378	0.00	104	1	91.2	5
22/06/19	5:45 a	24.6	24.6	24.4	96	23.9	0.0	---	0.00	0.0	---	24.6	26.8	26.8	26.2	1011.9	0.00	0.0	0	0.00	0	0.0	0.00	0.0	0.000	0.022	28.2	75	23.3	31.9	14.30	1.1375	0.00	103	1	90.4	5
22/06/19	5:50 a	24.6	24.6	24.6	95	23.8	0.0	---	0.00	0.0	---	24.6	26.8	26.8	26.2	1012.0	0.00	0.0	0	0.00	0	0.0	0.00	0.0	0.000	0.022	28.1	75	23.2	31.7	14.30	1.1382	0.00	102	1	89.5	5
22/06/19	5:55 a	24.6	24.6	24.6	96	23.9	0.0	---	0.00	0.0	---	24.6	26.8	26.8	26.2	1012.0	0.00	0.0	0	0.00	0	0.0	0.00	0.0	0.000	0.022	28.1	75	23.3	31.8	14.30	1.1379	0.00	108	1	94.7	5
22/06/19	6:00 a	24.6	24.6	24.6	96	23.9	0.0	---	0.00	0.0	---	24.6	26.9	26.9	26.3	1012.0	0.00	0.0	1	0.01	5	0.0	0.00	0.0	0.000	0.022	28.1	75	23.3	31.8	14.30	1.1379	0.00	102	1	89.5	5
22/06/19	6:05 a	24.6	24.7	24.6	96	23.9	0.0	---	0.00	0.0	---	24.6	26.9	26.9	26.4	1011.9	0.00	0.0	7	0.05	9	0.0	0.00	0.0	0.000	0.022	28.1	75	23.2	31.7	14.30	1.1381	0.00	103	1	90.4	5
22/06/19	6:10 a	24.7	24.7	24.6	96	24.0	0.0	---	0.00	0.0	---	24.7	27.0	27.0	26.6	1012.0	0.00	0.0	10	0.07	11	0.0	0.00	0.0	0.000	0.022	28.1	75	23.2	31.7	14.30	1.1382	0.00	105	1	92.1	5
22/06/19	6:15 a	24.8	24.8	24.7	96	24.1	0.0	---	0.00	0.0	---	24.8	27.2	27.2	26.8	1011.9	0.00	0.0	14	0.10	14	0.0	0.00	0.0	0.000	0.022	28.1	75	23.2	31.7	14.30	1.1381	0.00	103	1	90.4	5
22/06/19	6:20 a	24.9	24.9	24.8	96	24.2	0.0	---	0.00	0.0	---	24.9	27.4	27.4	27.0	1012.0	0.00	0.0	14	0.10	14	0.0	0.00	0.0	0.000	0.023	28.1	75	23.2	31.7	14.30	1.1382	0.00	106	1	93.0	5
22/06/19	6:25 a	24.9	24.9	24.9	96	24.3	0.0	---	0.00	0.0	---	24.9	27.5	27.5	27.1	1012.1	0.00	0.0	12	0.09	14	0.0	0.00	0.0	0.000	0.023	28.1	76	23.4	31.9	14.60	1.1379	0.00	105	1	92.1	5
22/06/19	6:30 a	25.1	25.1	24.9	96	24.4	0.4	E	0.13	1.3	E	25.1	27.7	27.7	27.3	1012.3	0.00	0.0	11	0.08	12	0.0	0.00	0.0	0.000	0.023	28.1	76	23.4	31.9	14.60	1.1381	0.00	103	1	90.4	5
22/06/19	6:35 a	25.1	25.1	25.0	96	24.4	0.4	E	0.13	1.3	E	25.1	27.7	27.7	27.3	1012.3	0.00	0.0	14	0.10	16	0.0	0.00	0.0	0.000	0.023	28.1	76	23.4	31.9	14.60	1.1381	0.00	105	1	92.1	5
22/06/19	6:40 a	25.1	25.1	25.1	96	24.4	0.4	ENE	0.13	1.3	NNE	25.1	27.7	27.7	27.4	1012.3	0.00	0.0	20	0.14	21	0.0	0.00	0.0	0.000	0.023	28.1	76	23.4	31.9	14.60	1.1382	0.00	100	1	87.7	5
22/06/19	6:45 a	25.1	25.1	25.1	96	24.4	0.4	NNE	0.13	0.9	NNE	25.1	27.8	27.8	27.6	1012.4	0.00	0.0	28	0.20	32	0.0	0.00	0.0	0.000	0.024	28.1	76	23.4	31.9	14.60	1.1383	0.00	108	1	94.7	5
22/06/19	6:50 a	25.2	25.2	25.1	96	24.5	0.4	NNE	0.13	0.9	NNE	25.2	27.9	27.9	27.9	1012.5	0.00	0.0	37	0.27	39	0.0	0.00	0.0	0.000	0.024	28.1	76	23.4	31.9	14.60	1.1383	0.00	104	1	91.2	5
22/06/19	6:55 a	25.2	25.3	25.2	97	24.7	0.4	NNE	0.13	0.9	NNE	25.2	28.2	28.2	28.1	1012.6	0.00	0.0	36	0.26	39	0.0	0.00	0.0	0.000	0.024	28.1	76	23.4	31.9	14.60	1.1385	0.00	103	1	90.4	5
22/06/19	7:00 a	25.4	25.4	25.3	97	24.9	0.0	NE	0.00	0.9	NE	25.4	28.7	28.7	28.4	1012.6	0.20	0.0	25	0.18	28	0.0	0.00	0.0	0.000	0.025	28.1	76	23.4	31.9	14.60	1.1385	0.03	107	1	93.9	5
22/06/19	7:05 a	25.5	25.5	25.4	96	24.8	0.4	NE	0.13	0.9	NE	25.5	28.7	28.7	28.7	1012.6	0.00	0.0	43	0.31	53	0.0	0.00	0.0	0.000	0.025	28.1	76	23.4	31.9	14.60	1.1385	0.00	107	1	93.9	5
22/06/19	7:10 a	25.6	25.6	25.5	96	24.9	0.4	NNE	0.13	0.9	NE	25.6	28.9	28.9	29.2	1012.7	0.00	0.0	64	0.46	72	0.0	0.00	0.0	0.000	0.025	28.1	76	23.5	32.0	14.60	1.1382	0.00	104	1	91.2	5
22/06/19	7:15 a	25.8	25.8	25.6	96	25.1	0.0	NE	0.00	0.9	NE	25.8	29.3	29.3	29.9	1012.7	0.00	0.0	88	0.63	97	0.2	0.01	0.5	0.000	0.026	28.1	76	23.5	32.0	14.60	1.1383	0.00	107	1	93.9	5
22/06/19	7:20 a	26.0	26.0	25.8	95	25.1	0.0	NE	0.00	0.9	NE	26.0	29.7	29.7	30.6	1012.7	0.00	0.0	107	0.77	111	0.6	0.02	0.6	0.000	0.027	28.1	76	23.5	32.0	14.60	1.1382	0.00	105	1	92.1	5
22/06/19	7:25 a	26.2	26.2	26.0	95	25.3	0.0	NE	0.00	0.4	NE	26.2	30.1	30.1	31.1	1012.7	0.00	0.0	110	0.79	113	0.7	0.03	0.7	0.000	0.027	28.2	76	23.5	32.1	14.60	1.1380	0.00	102	1	89.5	5
22/06/19	7:30 a	26.4	26.4	26.2	95	25.5	0.0	NE	0.00	0.4	NE	26.4	30.7	30.7	31.7	1012.7	0.00	0.0	119	0.85	121	0.8	0.03	0.8	0.000	0.028	28.1	76	23.5	32.0	14.60	1.1383	0.00	104	1	91.2	5
22/06/19	7:35 a	26.6	26.6	26.4	94	25.5	0.4	E	0.13	1.3	E	26.6	30.9	30.9	32.3	1012.8	0.00	0.0	142	1.02	156	0.8	0.03	0.9	0.000	0.029	28.1	76	23.5	32.0	14.60	1.1384	0.00	109	1	95.6	5
22/06/19	7:40 a	26.7	26.7	26.6	93	25.5	0.4	ESE	0.13	0.9	E	26.7	31.2	31.2	32.9	1012.8	0.00	0.0	165	1.18	171	0.9	0.03	1.0	0.000	0.029	28.1	77	23.7	32.2	14.90	1.1379	0.00	107	1	93.9	5
22/06/19	7:45 a	26.8	26.8	26.7	92	25.4	0.4	ESE	0.13	0.9	ESE	26.8	31.3	31.3	35.2	1012.7	0.00	0.0	183	1.31	192	1.1	0.04	1.2	0.000	0.030	28.2	77	23.8	32.3	14.90	1.1375	0.00	105	1	92.1	5
22/06/19	7:50 a	27.0	27.1	26.8	92	25.6	0.4	ESE	0.13	0.9	ESE	27.0	31.8	31.8	36.2	1012.7	0.00	0.0	206	1.48	213	1.3	0.05	1.3	0.000	0.030	28.2	78	24.0	32.5	15.20	1.1371	0.00	108	1	94.7	5
22/06/19	7:55 a	27.1	27.1	26.9	92	25.7	0.4	ESE	0.13	1.3	ESE	27.1	32.1	32.1	36.6	1012.7	0.00	0.0	220	1.58	227	1.4	0.05	1.4	0.000	0.030	28.2	78	24.0	32.6	15.19	1.1368	0.00	113	1	99.1	5
22/06/19	8:00 a	27.4	27.4	27.1	91	25.8	0.4	E	0.13	0.9	E	27.4	32.6	32.6	37.3	1012.8	0.00	0.0	230	1.65	234	1.5	0.05	1.5	0.000	0.031	28.2	78	24.0	32.6	15.19	1.1368	0.10	110	1	96.5	5
22/06/19	8:05 a	27.5	27.5	27.4	90	25.7	0.4	E	0.13	0.9	E	27.5	32.7	32.7	37.3	1012.8	0.00	0.0	231	1.66	236	1.6	0.06	1.6	0.000	0.032	28.3	79	24.3	32.9	15.49	1.1361	0.00	114	1	100.0	5
22/06/19	8:10 a	27.4	27.6	27.4	90	25.7	0.4	E	0.13	0.9	E	27.4	32.6	32.6	36.7	1012.8	0.00	0.0	220	1.58	225	1.7	0.06	1.7	0.000	0.032	28.3	78	24.1	32.7	15.19	1.1365	0.00	104	1	91.2	5
22/06/19	8:15 a	27.4	27.4	27.3	89	25.5	0.0	E	0.00	0.9	E	27.4	32.4	32.4	36.2	1012.9	0.00	0.0	181	1.30	185	1.6	0.06	1.6	0.000	0.032	28.3	78	24.1	32.9	15.19	1.1363	0.00	107	1	93.9	5
22/06/19	8:20 a	27.3	27.5	27.3	90	25.5	0.0	E	0.00	0.4	E	27.3	32.3	32.3	35.8	1012.9	0.00	0.0	174	1.25	178	1.5	0.05	1.5	0.000	0.031	28.3	78	24.1	32.9	15.19	1.1363	0.00	103	1	90.4	5
22/06/19	8:25 a	27.6	27.6	27.3	91	26.0	0.4	WSW	0.13	0.9	SSE	27.6	33.1	33.1	36.8	1013.0	0.00	0.0	183	1.31	202	1.5	0.05	1.5	0.000	0.032	28.3	79	24.3	33.1	15.49	1.1360	0.00	107	1	93.9	5
22/06/19	8:30 a	27.5	27.6	27.5	90	25.7	0.4	WSW	0.13	0.9	WSW	27.5	32.7	32.7	35.6	1013.0	0.00	0.0	144	1.03	149	1.4	0.05	1.5	0.000	0.032	28.4	79	24.4	33.2	15.49	1.1357	0.00	111	1	97.4	5
22/06/19	8:35 a	27.6	27.6	27.4	91	26.0	0.4	SW	0.13	0.9	WSW	27.6	33.2	33.2	36.6	1013.2	0.00	0.0	173	1.24	188	1.6	0.06	1.8	0.000	0.032	28.4	79	24.4	33.2	15.49	1.1359	0.00	109	1	95.6	5
22/06/19	8:40 a	27.6	27.6	27.6	91	26.0	0.4	SW	0.13	1.8	SW	27.6	33.2	33.2	37.7	1013.1	0.00	0.0	243	1.74	343	2.1	0.07	2.5	0.000	0.032	28.4	79	24.4	33.3	15.49	1.1355	0.00	111	1	97.4	5
22/06/19	8:45 a	27.9	27.9	27.6	90	26.1	0.9	WSW	0.27	2.2	SW	27.9	33.8	33.8	39.3	1013.1	0.00	0.0	319	2.29	352	2.7	0.10	2.7	0.000	0.033	28.4	79	24.4	33.3	15.49	1.1355	0.00	109	1	95.6	5
22/06/19	8:50 a	27.8	27.9	27.8	90	26.0	0.9	SW	0.27	1.8	SSW	27.8	33.7	33.7	37.9	1013.1	0.00	0.0	240	1.72	255	2.7	0.10	2.7	0.000	0.033	28.5	79	24.5	33.4	15.48	1.1352	0.00	112	1	98.2	5
22/06/19	8:55 a	28.0	28.0	27.9	89	26.0	0.4	W	0.13	1.8	WNW	28.0	34.0	34.0	38.8	1013.2	0.00	0.0	279	2.00	311	2.9	0.10	3.1	0.000	0.034	28.5	79	24.5	33.4	15.48	1.1352	0.00	110	1	96.5	5
22/06/19	9:00 a	28.1	28.1	27.9	89	26.1	0.9	W	0.27	2.7	WNW	28.1	34.3	34.3	40.3	1013.0	0.00	0.0	385	2.76	462	3.5	0.13	3.7	0.000	0.034	28.5	78	24.3	33.3	15.18	1.1355	0.15	106	1	93.0	5
22/06/19	9:05 a	28.4	28.4	28.2	87	26.1	0.9	W	0.27	2.7	W	28.4	34.9	34.9	41.9	1013.0	0.00	0.0	500	3.58	545	3.9	0.14	4.1	0.000	0.035	28.6	78	24.3	33.4	15.18	1.1352	0.00	108	1	94.7	5
22/06/19	9:10 a	28.4	28.5	28.4	88	26.3	0.9	SW	0.27	1.8	SW	28.4	35.1	35.1	40.1	1013.0	0.00	0.0	309	2.21	445	2.8	0.10	3.7	0.000	0.035	28.6	78	24.4	33.6	15.18	1.1349	0.00	112	1	98.2	5
22/06/19	9:15 a	28.2	28.4	28.2	89	26.2	0.9	W	0.27	1.8	SW	28.2	34.6	34.6	37.6	1013.1	0.00	0.0	177	1.27	190	1.8	0.06	1.9	0.000	0.034	28.6	78	24.4	33.6	15.18	1.1350	0.00	115	1	100.0	5
22/06/19	9:20 a	27.8	28.2	27.8	89	25.8	1.3	SSW	0.40	3.1	S	27.8	33.3	33.3	35.3	1013.2	0.00	0.0	128	0.92	144	1.3	0.05	1.5	0.000	0.033	28.7	78	24.4	33.7	15.18	1.1347	0.00	114	1	100.0	5
22/06/19	9:25 a	27.4	27.8	27.4	91	25.8	1.3	SSW	0.40	3.1	SSW	27.4	32.6	32.6	34.4	1013.2	0.00	0.0	124	0.89	135	1.3	0.05	1.4	0.000	0.031	28.7	78	24.4	33.7	15.18	1.1348	0.00	113	1	99.1	5
22/06/19	9:30 a	27.3	27.4	27.3	90	25.5	1.3	SW	0.40	3.1	W	27.3	32.1	32.1	34.4	1013.2	0.00	0.0	153	1.10	188	1.8	0.06	2.2	0.000	0.031	28.7	79	24.7	33.9	15.48	1.1343	0.00	109	1	95.6	5
22/06/19	9:35 a	27.3	27.3	27.2	91	25.7	0.9	SSW	0.27	2.7	W	27.3	32.4	32.4	35.9	1013.2	0.00	0.0	228	1.63	253	2.7	0.10	2.9	0.000	0.031	28.7	79	24.7	33.9	15.48	1.1343	0.00	109	1	95.6	5
22/06/19	9:40 a	27.4	27.5	27.4	90	25.7	1.3	SW	0.40	3.6	WSW	27.4	32.6	32.6	36.0	1013.2	0.00	0.0	231	1.66	250	2.7	0.10	2.9	0.000	0.032	28.7	79	24.7	33.9	15.48	1.1343	0.00	106	1	93.0	5
22/06/19	9:45 a	27.3	27.5	27.3	90	25.5	1.8	SW	0.54	3.1	SSW	27.3	32.3	32.3	35.9	1013.2	0.00	0.0	253	1.81	343	2.8	0.10	3.1	0.000	0.031	28.7	79	24.7	34.0	15.48	1.1340	0.00	105	1	92.1	5
22/06/19	9:50 a	27.4	27.4	27.3	90	25.6	1.3	SSW	0.40	3.1	W	27.4	32.4	32.4	36.0	1013.2	0.00	0.0	252	1.81	260	2.8	0.10	2.9	0.000	0.031	28.7	80	24.9	34.2	15.80	1.1336	0.00	106	1	93.0	5
22/06/19	9:55 a	27.4	27.4	27.4	89	25.4	1.3	SSW	0.40	2.7	SSW	27.4	32.3	32.3	35.7	1013.3	0.00	0.0	243	1.74	279	2.7	0.10	3.0	0.000	0.031	28.7	80	24.9	34.2	15.80	1.1337	0.00	111	1	97.4	5
22/06/19	10:00 a	27.3	27.4	27.3	90	25.5	1.3	SSW	0.40	3.6	WSW	27.3	32.3	32.3	34.2	1013.3	0.00	0.0	144	1.03	156	1.6	0.06	1.9	0.000	0.031	28.7	80	24.9	34.2	15.80	1.1337	0.15	116	1	100.0	5
22/06/19	10:05 a	27.4	27.4	27.3	90	25.7	0.9	SW	0.27	2.2	SSE	27.4	32.6	32.6	36.3	1013.3	0.00	0.0	272	1.95	376	2.9	0.10	3.8	0.000	0.032	28.8	80	25.0	34.3	15.80	1.1333	0.00	112	1	98.2	5
22/06/19	10:10 a	27.6	27.6	27.4	89	25.6	0.9	SSW	0.27	2.2	SSW	27.6	32.7	32.7	36.7	1013.2	0.00	0.0	296	2.12	388	3.2	0.11	3.9	0.000	0.032	28.8	80	25.0	34.3	15.80	1.1332	0.00	112	1	98.2	5
22/06/19	10:15 a	27.7	27.7	27.6	88	25.6	0.9	WSW	0.27	2.2	S	27.7	33.1	33.1	37.1	1013.3	0.00	0.0	304	2.18	343	3.4	0.12	3.7	0.000	0.033	28.8	80	25.0	34.3	15.80	1.1333	0.00	109	1	95.6	5
22/06/19	10:20 a	27.8	27.8	27.6	89	25.8	1.3	SW	0.40	2.2	WSW	27.8	33.3	33.3	37.5	1013.2	0.00	0.0	321	2.30	345	3.7	0.13	3.8	0.000	0.033	28.8	80	25.0	34.3	15.80	1.1333	0.00	115	1	100.0	5
22/06/19	10:25 a	28.1	28.1	27.7	89	26.1	0.9	WSW	0.27	1.8	WSW	28.1	34.1	34.1	40.3	1013.1	0.00	0.0	531	3.81	744	6.0	0.21	7.2	0.000	0.034	28.8	80	25.0	34.3	15.80	1.1331	0.00	109	1	95.6	5
22/06/19	10:30 a	28.3	28.4	28.1	87	26.0	1.3	SSW	0.40	2.2	SSW	28.3	34.6	34.6	39.7	1013.1	0.00	0.0	413	2.96	422	6.1	0.22	6.9	0.000	0.035	28.8	80	25.0	34.5	15.79	1.1328	0.00	109	1	95.6	5
22/06/19	10:35 a	28.7	28.7	28.3	87	26.3	1.3	SSW	0.40	2.7	S	28.7	35.7	35.7	42.4	1013.1	0.00	0.0	612	4.39	682	6.9	0.25	7.7	0.000	0.036	28.8	80	25.0	34.5	15.79	1.1327	0.00	114	1	100.0	5
22/06/19	10:40 a	28.4	28.7	28.4	87	26.0	1.3	SSW	0.40	3.1	SSW	28.4	34.7	34.7	41.1	1013.1	0.00	0.0	566	4.06	633	6.5	0.23	6.9	0.000	0.035	28.9	80	25.1	34.6	15.79	1.1325	0.00	109	1	95.6	5
22/06/19	10:45 a	28.3	28.5	28.3	88	26.2	1.3	SW	0.40	2.7	SW	28.3	34.7	34.7	40.0	1013.1	0.00	0.0	443	3.18	464	5.5	0.20	6.0	0.000	0.035	28.9	79	24.9	34.6	15.47	1.1326	0.00	110	1	96.5	5
22/06/19	10:50 a	28.7	28.7	28.3	87	26.3	0.9	SW	0.27	2.2	SSW	28.7	35.7	35.7	42.2	1013.0	0.00	0.0	600	4.30	647	7.2	0.26	7.9	0.000	0.036	28.9	79	24.9	34.6	15.47	1.1325	0.00	112	1	98.2	5
22/06/19	10:55 a	28.7	28.8	28.7	86	26.1	1.3	WSW	0.40	3.1	WSW	28.7	35.5	35.5	41.7	1013.0	0.00	0.0	559	4.01	577	7.5	0.27	7.9	0.000	0.036	29.0	79	25.0	34.7	15.47	1.1321	0.00	105	1	92.1	5
22/06/19	11:00 a	28.7	28.7	28.6	87	26.3	1.3	WSW	0.40	2.7	W	28.7	35.6	35.6	41.0	1013.0	0.00	0.0	470	3.37	499	6.5	0.23	6.8	0.000	0.036	29.1	79	25.0	34.9	15.46	1.1318	0.30	109	1	95.6	5
22/06/19	11:05 a	29.2	29.2	28.7	86	26.6	0.9	SW	0.27	1.8	WNW	29.2	36.8	36.8	42.7	1012.9	0.00	0.0	526	3.77	635	6.8	0.24	7.9	0.000	0.038	29.1	79	25.0	34.9	15.46	1.1317	0.00	115	1	100.0	5
22/06/19	11:10 a	29.3	29.3	29.2	85	26.5	1.3	WSW	0.40	3.1	NW	29.3	36.9	36.9	43.1	1012.9	0.00	0.0	557	3.99	599	7.5	0.27	9.0	0.000	0.038	29.1	79	25.1	35.0	15.46	1.1314	0.00	109	1	95.6	5
22/06/19	11:15 a	29.2	29.3	29.1	86	26.6	0.9	WSW	0.27	2.7	W	29.2	36.8	36.8	42.1	1012.9	0.00	0.0	458	3.28	519	6.0	0.21	6.4	0.000	0.038	29.2	79	25.1	35.2	15.46	1.1311	0.00	105	1	92.1	5
22/06/19	11:20 a	29.1	29.3	29.1	84	26.1	0.9	W	0.27	2.7	W	29.1	36.2	36.2	41.0	1012.8	0.00	0.0	407	2.92	420	5.2	0.19	5.3	0.000	0.037	29.2	79	25.1	35.2	15.46	1.1309	0.00	103	1	90.4	5
22/06/19	11:25 a	29.1	29.1	28.9	86	26.5	0.9	WSW	0.27	1.8	WSW	29.1	36.5	36.5	41.0	1012.8	0.00	0.0	381	2.73	388	4.9	0.17	5.1	0.000	0.037	29.2	79	25.2	35.3	15.46	1.1306	0.00	108	1	94.7	5
22/06/19	11:30 a	28.9	29.1	28.8	85	26.1	0.9	SW	0.27	1.8	SW	28.9	35.8	35.8	41.2	1012.8	0.00	0.0	477	3.42	520	6.4	0.23	6.6	0.000	0.037	29.2	79	25.2	35.3	15.46	1.1306	0.00	113	1	99.1	5
22/06/19	11:35 a	29.1	29.1	28.8	85	26.3	0.9	WNW	0.27	1.8	WNW	29.1	36.4	36.4	42.1	1012.6	0.00	0.0	500	3.58	571	6.4	0.23	6.9	0.000	0.037	29.3	79	25.3	35.4	15.46	1.1301	0.00	108	1	94.7	5
22/06/19	11:40 a	29.2	29.3	29.1	84	26.2	0.9	NW	0.27	2.2	WSW	29.2	36.6	36.6	41.8	1012.6	0.00	0.0	467	3.35	499	6.2	0.22	6.6	0.000	0.038	29.3	79	25.3	35.4	15.46	1.1300	0.00	113	1	99.1	5
22/06/19	11:45 a	29.0	29.2	29.0	84	26.0	0.9	SW	0.27	2.7	W	29.0	35.9	35.9	40.5	1012.6	0.00	0.0	399	2.86	443	5.7	0.20	6.1	0.000	0.037	29.3	79	25.3	35.6	15.45	1.1297	0.00	115	1	100.0	5
22/06/19	11:50 a	29.1	29.2	29.0	83	25.9	0.4	SW	0.13	0.9	SW	29.1	35.9	35.9	40.5	1012.5	0.00	0.0	389	2.79	482	5.6	0.20	6.6	0.000	0.037	29.3	79	25.3	35.6	15.45	1.1296	0.00	113	1	99.1	5
22/06/19	11:55 a	29.2	29.2	29.1	84	26.2	0.4	SW	0.13	1.3	S	29.2	36.4	36.4	41.1	1012.5	0.00	0.0	398	2.85	434	5.8	0.21	6.7	0.000	0.038	29.4	79	25.4	35.8	15.45	1.1293	0.00	113	1	99.1	5
22/06/19	12:00 p	29.3	29.4	29.2	84	26.3	0.9	W	0.27	1.8	SW	29.3	36.8	36.8	42.3	1012.4	0.00	0.0	487	3.49	568	6.5	0.23	7.4	0.000	0.038	29.4	79	25.4	35.9	15.45	1.1288	0.30	111	1	97.4	5
22/06/19	12:05 p	29.1	29.3	29.1	84	26.1	1.3	SSW	0.40	2.7	SSW	29.1	36.2	36.2	40.9	1012.4	0.00	0.0	408	2.92	436	5.6	0.20	5.8	0.000	0.037	29.4	79	25.4	35.9	15.45	1.1289	0.00	110	1	96.5	5
22/06/19	12:10 p	29.2	29.2	29.0	85	26.4	1.3	SSW	0.40	2.2	S	29.2	36.8	36.8	41.7	1012.5	0.00	0.0	420	3.01	438	5.7	0.20	5.9	0.000	0.038	29.4	79	25.4	35.9	15.45	1.1289	0.00	118	1	100.0	5
22/06/19	12:15 p	29.3	29.4	29.2	84	26.3	1.3	S	0.40	2.7	SSE	29.3	36.8	36.8	41.5	1012.3	0.00	0.0	401	2.87	410	5.8	0.21	6.5	0.000	0.038	29.5	79	25.5	36.1	15.44	1.1284	0.00	117	1	100.0	5
22/06/19	12:20 p	29.3	29.3	29.2	84	26.3	0.9	SE	0.27	2.2	SSE	29.3	36.8	36.8	41.8	1012.4	0.00	0.0	427	3.06	473	6.0	0.21	7.1	0.000	0.038	29.5	79	25.5	36.1	15.44	1.1285	0.00	117	1	100.0	5
22/06/19	12:25 p	29.6	29.6	29.3	83	26.4	0.9	SSE	0.27	2.2	S	29.6	37.3	37.3	43.6	1012.3	0.00	0.0	593	4.25	737	7.8	0.28	8.8	0.000	0.039	29.6	79	25.5	36.2	15.44	1.1281	0.00	115	1	100.0	5
22/06/19	12:30 p	29.8	29.8	29.6	83	26.6	1.3	S	0.40	3.1	S	29.8	37.9	37.9	44.8	1012.3	0.00	0.0	686	4.92	768	8.3	0.30	8.6	0.000	0.040	29.6	79	25.5	36.2	15.44	1.1281	0.00	114	1	100.0	5
22/06/19	12:35 p	29.6	29.8	29.6	83	26.4	1.3	SSE	0.40	2.2	SSE	29.6	37.3	37.3	42.7	1012.3	0.00	0.0	479	3.43	490	8.0	0.29	9.8	0.000	0.039	29.6	79	25.6	36.4	15.43	1.1278	0.00	116	1	100.0	5
22/06/19	12:40 p	29.9	29.9	29.6	82	26.5	0.9	S	0.27	2.2	S	29.9	38.2	38.2	45.4	1012.2	0.00	0.0	855	6.13	923	9.8	0.35	10.2	0.000	0.040	29.6	79	25.6	36.4	15.43	1.1276	0.00	117	1	100.0	5
22/06/19	12:45 p	30.3	30.3	29.9	81	26.7	0.9	W	0.27	2.2	S	30.3	39.1	39.1	46.3	1012.2	0.00	0.0	771	5.53	851	9.5	0.34	9.7	0.000	0.042	29.7	78	25.4	36.3	15.12	1.1277	0.00	117	1	100.0	5
22/06/19	12:50 p	30.4	30.4	30.3	80	26.6	0.9	W	0.27	2.7	W	30.4	39.1	39.1	46.3	1012.0	0.00	0.0	753	5.40	951	9.2	0.33	10.5	0.000	0.042	29.7	78	25.5	36.4	15.11	1.1272	0.00	117	1	100.0	5
22/06/19	12:55 p	30.4	30.7	30.4	80	26.6	0.9	W	0.27	2.7	W	30.4	39.1	39.1	45.8	1011.9	0.00	0.0	951	6.82	951	9.4	0.34	11.0	0.000	0.042	29.8	78	25.5	36.6	15.10	1.1268	0.00	117	1	100.0	5
22/06/19	1:00 p	30.6	30.6	30.3	80	26.7	0.9	WNW	0.27	1.8	WSW	30.6	39.4	39.4	45.8	1011.8	0.00	0.0	585	4.19	615	9.3	0.33	10.4	0.000	0.042	29.8	78	25.5	36.6	15.10	1.1266	0.43	116	1	100.0	5
22/06/19	1:05 p	31.2	31.2	30.6	78	26.9	0.4	N	0.13	1.3	NNW	31.2	40.7	40.7	46.3	1011.8	0.00	0.0	495	3.55	580	6.7	0.24	7.7	0.000	0.045	29.8	78	25.6	36.7	15.09	1.1264	0.00	114	1	100.0	5
22/06/19	1:10 p	31.3	31.4	31.2	78	27.0	0.9	NNW	0.27	1.8	NNW	31.3	41.1	41.1	46.7	1011.8	0.00	0.0	495	3.55	679	6.0	0.21	6.9	0.000	0.045	29.8	78	25.6	36.7	15.09	1.1264	0.00	116	1	100.0	5
22/06/19	1:15 p	30.6	31.3	30.6	80	26.7	0.9	SSE	0.27	1.8	S	30.6	39.4	39.4	43.4	1011.8	0.00	0.0	323	2.32	396	4.0	0.14	4.9	0.000	0.042	29.9	78	25.6	36.9	15.09	1.1259	0.00	118	1	100.0	5
22/06/19	1:20 p	30.2	30.6	30.2	80	26.3	0.9	SSW	0.27	2.2	SSW	30.2	38.2	38.2	41.5	1011.7	0.00	0.0	269	1.93	297	3.3	0.12	3.5	0.000	0.041	29.9	78	25.6	36.9	15.09	1.1258	0.00	116	1	100.0	5
22/06/19	1:25 p	29.7	30.1	29.7	82	26.3	0.9	SSW	0.27	1.8	SW	29.7	37.3	37.3	39.6	1011.6	0.00	0.0	193	1.38	227	2.4	0.09	3.0	0.000	0.039	29.9	78	25.6	36.9	15.09	1.1258	0.00	116	1	100.0	5
22/06/19	1:30 p	29.6	29.8	29.6	82	26.2	0.9	SSE	0.27	2.7	SSE	29.6	37.2	37.2	38.3	1011.6	0.00	0.0	109	0.78	142	1.3	0.05	1.7	0.000	0.039	29.9	78	25.7	37.1	15.08	1.1255	0.00	117	1	100.0	5
22/06/19	1:35 p	29.6	29.6	29.5	83	26.4	0.9	SSW	0.27	1.8	SSW	29.6	37.3	37.3	38.2	1011.6	0.00	0.0	92	0.66	98	1.2	0.04	1.3	0.000	0.039	29.9	78	25.7	37.1	15.08	1.1255	0.00	117	1	100.0	5
22/06/19	1:40 p	29.4	29.6	29.4	83	26.2	0.9	SSW	0.27	1.8	S	29.4	36.8	36.8	38.1	1011.4	0.00	0.0	121	0.87	146	1.4	0.05	1.8	0.000	0.038	29.9	78	25.7	37.1	15.08	1.1252	0.00	113	1	99.1	5
22/06/19	1:45 p	29.4	29.4	29.3	83	26.3	0.4	WSW	0.13	1.3	WSW	29.4	36.9	36.9	39.8	1011.4	0.00	0.0	232	1.66	279	2.8	0.10	3.3	0.000	0.039	29.9	78	25.7	37.1	15.08	1.1252	0.00	114	1	100.0	5
22/06/19	1:50 p	29.8	29.8	29.4	83	26.6	0.9	W	0.27	1.8	W	29.8	38.1	38.1	41.3	1011.2	0.00	0.0	262	1.88	288	3.2	0.11	3.3	0.000	0.040	29.9	78	25.7	37.1	15.08	1.1250	0.00	115	1	100.0	5
22/06/19	1:55 p	30.1	30.1	29.8	80	26.2	1.3	WNW	0.40	3.1	WNW	30.1	37.9	37.9	41.9	1011.2	0.00	0.0	338	2.42	355	3.9	0.14	4.1	0.000	0.041	29.9	78	25.7	37.1	15.08	1.1250	0.00	113	1	99.1	5
22/06/19	2:00 p	30.3	30.3	30.1	80	26.4	0.9	NNW	0.27	1.8	NNW	30.3	38.6	38.6	42.9	1011.3	0.00	0.0	370	2.65	427	4.4	0.16	4.7	0.000	0.041	29.9	78	25.7	37.1	15.08	1.1251	0.20	114	1	100.0	5
22/06/19	2:05 p	30.2	30.3	30.2	80	26.3	0.9	NNW	0.27	2.2	WNW	30.2	38.2	38.2	42.6	1011.2	0.00	0.0	372	2.67	434	4.5	0.16	5.0	0.000	0.041	29.9	78	25.7	37.1	15.08	1.1250	0.00	117	1	100.0	5
22/06/19	2:10 p	29.9	30.2	29.9	81	26.3	0.9	SSW	0.27	1.8	WNW	29.9	37.9	37.9	42.4	1011.2	0.00	0.0	387	2.77	413	4.7	0.17	4.8	0.000	0.040	29.9	78	25.7	37.1	15.08	1.1250	0.00	116	1	100.0	5
22/06/19	2:15 p	30.3	30.3	29.9	81	26.7	0.0	NE	0.00	0.4	NNW	30.3	39.1	39.1	44.3	1011.0	0.00	0.0	464	3.33	499	5.0	0.18	5.1	0.000	0.042	29.9	77	25.5	36.8	14.80	1.1253	0.00	114	1	100.0	5
22/06/19	2:20 p	30.3	30.4	30.3	81	26.7	0.4	WSW	0.13	1.3	SSE	30.3	38.9	38.9	43.9	1011.1	0.00	0.0	436	3.13	483	4.6	0.16	4.9	0.000	0.041	30.0	77	25.5	36.9	14.79	1.1250	0.00	116	1	100.0	5
22/06/19	2:25 p	30.3	30.3	30.2	82	26.9	0.9	WSW	0.27	1.8	WSW	30.3	39.2	39.2	42.3	1011.1	0.00	0.0	249	1.78	322	2.8	0.10	3.5	0.000	0.041	30.0	77	25.5	36.9	14.79	1.1251	0.00	117	1	100.0	5
22/06/19	2:30 p	29.9	30.2	29.9	81	26.3	0.4	WNW	0.13	1.3	W	29.9	37.9	37.9	40.6	1011.0	0.00	0.0	231	1.66	248	2.6	0.09	2.8	0.000	0.040	30.1	77	25.6	37.1	14.78	1.1246	0.00	117	1	100.0	5
22/06/19	2:35 p	30.2	30.2	29.9	82	26.8	0.0	WNW	0.00	0.4	WNW	30.2	38.8	38.8	41.5	1011.0	0.00	0.0	224	1.61	265	2.4	0.09	2.5	0.000	0.041	30.1	78	25.8	37.3	15.06	1.1241	0.00	115	1	100.0	5
22/06/19	2:40 p	30.1	30.2	30.1	82	26.6	0.9	WNW	0.27	1.8	W	30.1	38.5	38.5	40.6	1011.0	0.00	0.0	183	1.31	230	1.9	0.07	2.3	0.000	0.041	30.1	77	25.6	37.1	14.78	1.1246	0.00	117	1	100.0	5
22/06/19	2:45 p	29.9	30.1	29.9	83	26.7	0.9	WSW	0.27	1.8	WSW	29.9	38.4	38.4	40.7	1011.0	0.00	0.0	194	1.39	234	1.9	0.07	2.2	0.000	0.040	30.1	78	25.8	37.3	15.06	1.1241	0.00	117	1	100.0	5
22/06/19	2:50 p	30.1	30.1	29.9	82	26.6	0.9	W	0.27	1.3	WNW	30.1	38.5	38.5	41.8	1011.0	0.00	0.0	273	1.96	350	2.3	0.08	2.5	0.000	0.041	30.1	77	25.6	37.1	14.78	1.1246	0.00	115	1	100.0	5
22/06/19	2:55 p	30.1	30.1	29.9	83	26.9	0.9	WSW	0.27	1.3	SW	30.1	39.0	39.0	42.6	1010.8	0.00	0.0	295	2.11	329	2.9	0.10	3.3	0.000	0.041	30.1	77	25.6	37.1	14.78	1.1244	0.00	114	1	100.0	5
22/06/19	3:00 p	30.3	30.3	30.1	82	26.9	0.4	SW	0.13	1.8	WNW	30.3	39.4	39.4	42.8	1010.8	0.00	0.0	279	2.00	341	2.9	0.10	3.3	0.000	0.042	30.1	78	25.8	37.3	15.06	1.1239	0.20	117	1	100.0	5
22/06/19	3:05 p	30.3	30.3	30.3	81	26.7	0.4	WNW	0.13	1.3	WNW	30.3	38.9	38.9	41.6	1010.9	0.00	0.0	226	1.62	237	2.3	0.08	2.4	0.000	0.041	30.1	78	25.8	37.5	15.05	1.1236	0.00	117	1	100.0	5
22/06/19	3:10 p	30.3	30.3	30.2	81	26.7	0.9	NW	0.27	1.8	NW	30.3	38.9	38.9	41.9	1010.7	0.00	0.0	244	1.75	272	2.7	0.10	2.9	0.000	0.041	30.1	78	25.8	37.5	15.05	1.1234	0.00	117	1	100.0	5
22/06/19	3:15 p	30.4	30.4	30.3	81	26.8	0.9	NNW	0.27	2.2	NNW	30.4	39.4	39.4	43.7	1010.7	0.00	0.0	353	2.53	376	3.3	0.12	3.4	0.000	0.042	30.1	78	25.8	37.5	15.05	1.1234	0.00	111	1	97.4	5
22/06/19	3:20 p	30.4	30.4	30.4	81	26.8	0.9	NW	0.27	1.8	N	30.4	39.4	39.4	43.4	1010.6	0.00	0.0	328	2.35	371	3.2	0.11	3.4	0.000	0.042	30.1	78	25.8	37.5	15.05	1.1234	0.00	116	1	100.0	5
22/06/19	3:25 p	30.4	30.5	30.4	81	26.8	0.9	NNW	0.27	1.8	NNW	30.4	39.4	39.4	43.9	1010.6	0.00	0.0	367	2.63	373	3.2	0.11	3.3	0.000	0.042	30.1	77	25.6	37.2	14.78	1.1238	0.00	115	1	100.0	5
22/06/19	3:30 p	30.4	30.4	30.2	82	27.0	0.4	NNW	0.13	1.8	ENE	30.4	39.8	39.8	43.8	1010.6	0.00	0.0	326	2.34	359	2.8	0.10	3.0	0.000	0.042	30.1	77	25.6	37.2	14.78	1.1238	0.00	114	1	100.0	5
22/06/19	3:35 p	30.5	30.6	30.4	81	26.9	0.4	NE	0.13	1.3	NE	30.5	39.6	39.6	43.2	1010.5	0.00	0.0	285	2.04	323	2.5	0.09	2.6	0.000	0.042	30.2	77	25.7	37.4	14.77	1.1233	0.00	117	1	100.0	5
22/06/19	3:40 p	30.4	30.5	30.4	82	27.0	0.9	NNE	0.27	1.8	N	30.4	39.8	39.8	43.4	1010.4	0.00	0.0	289	2.07	308	2.6	0.09	2.6	0.000	0.042	30.2	77	25.7	37.4	14.77	1.1233	0.00	117	1	100.0	5
22/06/19	3:45 p	30.3	30.4	30.3	81	26.7	0.9	NW	0.27	1.3	NW	30.3	39.1	39.1	42.6	1010.5	0.00	0.0	276	1.98	299	2.3	0.08	2.5	0.000	0.042	30.2	77	25.7	37.4	14.77	1.1234	0.00	117	1	100.0	5
22/06/19	3:50 p	30.3	30.3	30.2	82	26.9	0.4	N	0.13	1.8	NNW	30.3	39.4	39.4	42.9	1010.4	0.00	0.0	271	1.94	278	2.2	0.08	2.3	0.000	0.042	30.2	77	25.7	37.4	14.77	1.1233	0.00	117	1	100.0	5
22/06/19	3:55 p	30.4	30.4	30.3	82	27.0	0.4	NNE	0.13	1.3	N	30.4	39.8	39.8	43.2	1010.4	0.00	0.0	261	1.87	271	1.9	0.07	2.0	0.000	0.042	30.2	77	25.7	37.4	14.77	1.1233	0.00	117	1	100.0	5
22/06/19	4:00 p	30.2	30.4	30.2	82	26.8	0.9	NE	0.27	2.2	N	30.2	39.1	39.1	42.1	1010.5	0.00	0.0	230	1.65	269	1.7	0.06	1.9	0.000	0.041	30.2	77	25.7	37.4	14.77	1.1234	0.20	115	1	100.0	5
22/06/19	4:05 p	30.2	30.2	30.2	82	26.8	0.4	NNE	0.13	1.3	NNE	30.2	39.1	39.1	41.6	1010.5	0.00	0.0	196	1.40	204	1.6	0.06	1.6	0.000	0.041	30.2	77	25.7	37.6	14.77	1.1231	0.00	114	1	100.0	5
22/06/19	4:10 p	30.2	30.2	30.2	82	26.8	0.4	NNW	0.13	1.8	NNW	30.2	38.8	38.8	41.4	1010.6	0.00	0.0	191	1.37	193	1.4	0.05	1.4	0.000	0.041	30.2	77	25.7	37.6	14.77	1.1231	0.00	114	1	100.0	5
22/06/19	4:15 p	30.3	30.3	30.2	83	27.1	0.9	NNE	0.27	1.3	NNE	30.3	39.6	39.6	41.9	1010.5	0.00	0.0	175	1.25	183	1.3	0.05	1.3	0.000	0.041	30.2	77	25.7	37.6	14.77	1.1231	0.00	117	1	100.0	5
22/06/19	4:20 p	30.1	30.3	30.1	83	26.8	0.4	NW	0.13	1.3	NW	30.1	38.8	38.8	40.7	1010.5	0.00	0.0	144	1.03	160	1.1	0.04	1.2	0.000	0.041	30.2	77	25.7	37.6	14.77	1.1230	0.00	117	1	100.0	5
22/06/19	4:25 p	30.1	30.2	30.1	83	26.9	0.9	N	0.27	1.8	N	30.1	39.0	39.0	40.7	1010.5	0.00	0.0	126	0.90	128	0.9	0.03	0.9	0.000	0.041	30.2	77	25.7	37.6	14.77	1.1230	0.00	117	1	100.0	5
22/06/19	4:30 p	30.0	30.1	30.0	84	27.0	0.9	N	0.27	1.8	N	30.0	38.9	38.9	40.6	1010.5	0.00	0.0	124	0.89	127	0.8	0.03	0.8	0.000	0.041	30.2	77	25.7	37.6	14.77	1.1231	0.00	118	1	100.0	5
22/06/19	4:35 p	29.9	30.0	29.9	84	26.9	0.9	NNW	0.27	2.2	N	29.9	38.7	38.7	40.4	1010.6	0.00	0.0	123	0.88	130	0.7	0.03	0.8	0.000	0.040	30.2	77	25.7	37.4	14.77	1.1235	0.00	115	1	100.0	5
22/06/19	4:40 p	29.9	29.9	29.9	84	26.9	0.4	NW	0.13	1.8	NW	29.9	38.6	38.6	40.3	1010.5	0.00	0.0	126	0.90	134	0.7	0.03	0.7	0.000	0.040	30.2	77	25.7	37.6	14.77	1.1230	0.00	114	1	100.0	5
22/06/19	4:45 p	29.9	29.9	29.8	85	27.1	0.4	NW	0.13	1.8	NNW	29.9	39.1	39.1	41.4	1010.5	0.00	0.0	159	1.14	169	0.7	0.03	0.8	0.000	0.040	30.2	77	25.7	37.6	14.77	1.1231	0.00	115	1	100.0	5
22/06/19	4:50 p	29.9	29.9	29.9	85	27.1	0.9	NW	0.27	1.3	NNW	29.9	39.1	39.1	41.3	1010.5	0.00	0.0	152	1.09	169	0.8	0.03	0.8	0.000	0.040	30.2	77	25.7	37.4	14.77	1.1234	0.00	117	1	100.0	5
22/06/19	4:55 p	29.9	29.9	29.8	84	26.9	0.9	NW	0.27	1.8	WNW	29.9	38.7	38.7	40.8	1010.6	0.00	0.0	139	1.00	142	0.7	0.03	0.7	0.000	0.040	30.2	77	25.7	37.4	14.77	1.1234	0.00	117	1	100.0	5
22/06/19	5:00 p	29.9	29.9	29.9	85	27.1	0.4	NE	0.13	1.8	NW	29.9	39.1	39.1	41.1	1010.7	0.00	0.0	129	0.92	137	0.6	0.02	0.6	0.000	0.040	30.2	77	25.7	37.4	14.77	1.1236	0.10	117	1	100.0	5
22/06/19	5:05 p	29.8	29.9	29.8	85	27.0	0.4	N	0.13	0.9	NNE	29.8	38.5	38.5	40.5	1010.6	0.00	0.0	126	0.90	128	0.5	0.02	0.6	0.000	0.040	30.2	77	25.7	37.4	14.77	1.1235	0.00	116	1	100.0	5
22/06/19	5:10 p	29.8	29.8	29.8	85	27.0	0.4	N	0.13	1.3	N	29.8	38.5	38.5	40.5	1010.7	0.00	0.0	125	0.90	128	0.5	0.02	0.6	0.000	0.040	30.2	77	25.7	37.4	14.77	1.1236	0.00	115	1	100.0	5
22/06/19	5:15 p	29.8	29.8	29.8	85	27.0	0.4	NNE	0.13	1.3	NNE	29.8	38.7	38.7	40.6	1010.7	0.00	0.0	115	0.82	120	0.4	0.01	0.5	0.000	0.040	30.2	77	25.7	37.4	14.77	1.1236	0.00	114	1	100.0	5
22/06/19	5:20 p	29.8	29.8	29.8	85	27.0	0.4	NNE	0.13	0.9	NNE	29.8	38.5	38.5	40.2	1010.7	0.00	0.0	104	0.75	107	0.0	0.00	0.0	0.000	0.040	30.2	77	25.7	37.4	14.77	1.1236	0.00	115	1	100.0	5
22/06/19	5:25 p	29.8	29.8	29.8	86	27.2	0.4	N	0.13	1.8	WNW	29.8	39.0	39.0	40.6	1010.7	0.00	0.0	93	0.67	97	0.0	0.00	0.0	0.000	0.040	30.2	77	25.7	37.4	14.77	1.1236	0.00	117	1	100.0	5
22/06/19	5:30 p	29.8	29.8	29.8	85	27.0	0.4	NE	0.13	0.9	NE	29.8	38.5	38.5	39.8	1010.8	0.00	0.0	80	0.57	86	0.0	0.00	0.0	0.000	0.040	30.1	77	25.6	37.2	14.78	1.1240	0.00	117	1	100.0	5
22/06/19	5:35 p	29.8	29.8	29.7	86	27.2	0.4	NNE	0.13	0.9	NE	29.8	39.0	39.0	40.1	1010.8	0.00	0.0	66	0.47	70	0.0	0.00	0.0	0.000	0.040	30.2	77	25.7	37.4	14.77	1.1237	0.00	118	1	100.0	5
22/06/19	5:40 p	29.8	29.8	29.8	86	27.2	0.4	NNE	0.13	1.3	NNW	29.8	38.8	38.8	39.6	1010.8	0.00	0.0	54	0.39	60	0.0	0.00	0.0	0.000	0.040	30.2	77	25.7	37.4	14.77	1.1237	0.00	116	1	100.0	5
22/06/19	5:45 p	29.7	29.8	29.7	87	27.3	0.4	NNE	0.13	1.3	N	29.7	38.7	38.7	39.3	1010.8	0.00	0.0	43	0.31	46	0.0	0.00	0.0	0.000	0.039	30.1	77	25.6	37.2	14.78	1.1241	0.00	115	1	100.0	5
22/06/19	5:50 p	29.6	29.7	29.6	87	27.2	0.0	NNE	0.00	0.9	NNE	29.6	38.6	38.6	39.1	1010.8	0.00	0.0	37	0.27	39	0.0	0.00	0.0	0.000	0.039	30.1	77	25.6	37.2	14.78	1.1240	0.00	114	1	100.0	5
22/06/19	5:55 p	29.6	29.6	29.6	87	27.2	0.0	NNE	0.00	0.4	NNE	29.6	38.3	38.3	38.6	1010.8	0.00	0.0	28	0.20	32	0.0	0.00	0.0	0.000	0.039	30.1	78	25.8	37.5	15.05	1.1235	0.00	116	1	100.0	5
22/06/19	6:00 p	29.5	29.6	29.4	87	27.1	0.0	NNE	0.00	0.9	NNE	29.5	38.2	38.2	38.3	1010.9	0.00	0.0	19	0.14	23	0.0	0.00	0.0	0.000	0.039	30.1	78	25.8	37.5	15.05	1.1237	0.05	117	1	100.0	5
22/06/19	6:05 p	29.4	29.5	29.4	87	27.1	0.4	NNE	0.13	0.9	NNE	29.4	38.0	38.0	37.9	1011.0	0.00	0.0	13	0.09	14	0.0	0.00	0.0	0.000	0.039	30.1	78	25.8	37.3	15.06	1.1241	0.00	117	1	100.0	5
22/06/19	6:10 p	29.4	29.5	29.4	87	27.1	0.4	NNE	0.13	0.9	NNE	29.4	38.0	38.0	37.8	1010.9	0.00	0.0	7	0.05	11	0.0	0.00	0.0	0.000	0.039	30.1	78	25.8	37.3	15.06	1.1240	0.00	117	1	100.0	5
22/06/19	6:15 p	29.4	29.4	29.4	88	27.2	0.0	NNE	0.00	1.3	NNE	29.4	38.2	38.2	38.0	1010.9	0.00	0.0	5	0.04	5	0.0	0.00	0.0	0.000	0.039	30.1	78	25.8	37.3	15.06	1.1240	0.00	117	1	100.0	5
22/06/19	6:20 p	29.4	29.4	29.4	88	27.2	0.4	NE	0.13	0.9	NNE	29.4	38.1	38.1	37.7	1010.9	0.00	0.0	2	0.01	5	0.0	0.00	0.0	0.000	0.038	30.1	78	25.8	37.3	15.06	1.1240	0.00	114	1	100.0	5
22/06/19	6:25 p	29.4	29.4	29.3	88	27.2	0.4	NE	0.13	0.9	NE	29.4	38.1	38.1	37.7	1010.9	0.00	0.0	0	0.00	0	0.0	0.00	0.0	0.000	0.038	30.1	78	25.8	37.3	15.06	1.1240	0.00	114	1	100.0	5
22/06/19	6:30 p	29.4	29.4	29.4	88	27.2	0.9	NNE	0.27	2.7	NNW	29.4	38.1	38.1	37.7	1010.9	0.00	0.0	0	0.00	0	0.0	0.00	0.0	0.000	0.038	30.1	78	25.8	37.3	15.06	1.1240	0.00	117	1	100.0	5
22/06/19	6:35 p	29.3	29.4	29.3	88	27.1	0.0	NNE	0.00	0.9	NNE	29.3	37.9	37.9	37.5	1011.0	0.00	0.0	0	0.00	0	0.0	0.00	0.0	0.000	0.038	30.1	78	25.8	37.3	15.06	1.1241	0.00	117	1	100.0	5
22/06/19	6:40 p	29.3	29.4	29.3	89	27.3	0.4	NNE	0.13	1.3	N	29.3	38.2	38.2	37.8	1010.9	0.00	0.0	0	0.00	0	0.0	0.00	0.0	0.000	0.038	30.0	78	25.7	37.2	15.07	1.1243	0.00	118	1	100.0	5
22/06/19	6:45 p	29.3	29.4	29.3	89	27.3	0.4	NNE	0.13	0.9	NNE	29.3	38.2	38.2	37.7	1011.0	0.00	0.0	0	0.00	0	0.0	0.00	0.0	0.000	0.038	29.9	78	25.7	37.1	15.08	1.1248	0.00	117	1	100.0	5
22/06/19	6:50 p	29.3	29.3	29.3	89	27.3	0.4	NE	0.13	2.2	N	29.3	37.9	37.9	37.5	1010.9	0.00	0.0	0	0.00	0	0.0	0.00	0.0	0.000	0.038	30.0	78	25.7	37.2	15.07	1.1244	0.00	117	1	100.0	5
22/06/19	6:55 p	29.3	29.3	29.3	89	27.3	1.3	NNE	0.40	2.7	N	29.3	37.9	37.9	37.5	1011.0	0.00	0.0	0	0.00	0	0.0	0.00	0.0	0.000	0.038	29.9	78	25.7	37.1	15.08	1.1247	0.00	114	1	100.0	5
22/06/19	7:00 p	29.3	29.3	29.3	89	27.3	1.8	NNE	0.54	4.0	NNE	29.3	37.9	37.9	37.5	1010.9	0.00	0.0	0	0.00	0	0.0	0.00	0.0	0.000	0.038	29.9	78	25.7	37.1	15.08	1.1247	0.00	115	1	100.0	5
22/06/19	7:05 p	29.3	29.3	29.3	89	27.3	1.3	NNE	0.40	4.0	N	29.3	37.9	37.9	37.5	1011.0	0.00	0.0	0	0.00	0	0.0	0.00	0.0	0.000	0.038	29.9	78	25.7	37.1	15.08	1.1248	0.00	117	1	100.0	5
22/06/19	7:10 p	29.3	29.3	29.3	88	27.1	1.8	NNE	0.54	3.1	N	29.3	37.7	37.7	37.3	1011.0	0.00	0.0	0	0.00	0	0.0	0.00	0.0	0.000	0.038	29.9	78	25.7	37.1	15.08	1.1247	0.00	116	1	100.0	5
22/06/19	7:15 p	29.2	29.3	29.2	88	27.0	1.8	NE	0.54	3.6	ENE	29.2	37.5	37.5	37.1	1011.1	0.00	0.0	0	0.00	0	0.0	0.00	0.0	0.000	0.038	29.9	78	25.7	37.1	15.08	1.1249	0.00	116	1	100.0	5
22/06/19	7:20 p	29.2	29.3	29.2	88	27.0	1.8	N	0.54	4.0	NNE	29.2	37.5	37.5	37.1	1011.1	0.00	0.0	0	0.00	0	0.0	0.00	0.0	0.000	0.038	29.9	78	25.6	36.9	15.09	1.1252	0.00	117	1	100.0	5
22/06/19	7:25 p	29.1	29.2	29.1	88	26.9	1.8	NNE	0.54	3.6	NNE	29.1	37.2	37.2	36.7	1011.2	0.00	0.0	0	0.00	0	0.0	0.00	0.0	0.000	0.037	29.9	78	25.6	36.9	15.09	1.1254	0.00	116	1	100.0	5
22/06/19	7:30 p	29.1	29.2	29.1	89	27.1	1.8	NE	0.54	2.7	NNE	29.1	37.2	37.2	36.8	1011.2	0.00	0.0	0	0.00	0	0.0	0.00	0.0	0.000	0.037	29.9	78	25.6	36.9	15.09	1.1253	0.00	115	1	100.0	5
22/06/19	7:35 p	28.9	29.1	28.9	89	26.9	1.3	NNE	0.40	2.7	NNE	28.9	36.8	36.8	36.4	1011.3	0.00	0.0	0	0.00	0	0.0	0.00	0.0	0.000	0.037	29.9	78	25.6	36.9	15.09	1.1254	0.00	115	1	100.0	5
22/06/19	7:40 p	28.9	29.0	28.9	89	26.9	1.3	NNE	0.40	2.2	NNE	28.9	36.8	36.8	36.4	1011.5	0.00	0.0	0	0.00	0	0.0	0.00	0.0	0.000	0.037	29.9	78	25.6	36.9	15.09	1.1257	0.00	117	1	100.0	5
22/06/19	7:45 p	28.9	28.9	28.9	89	26.9	1.3	NE	0.40	3.1	NE	28.9	36.8	36.8	36.4	1011.7	0.00	0.0	0	0.00	0	0.0	0.00	0.0	0.000	0.037	29.9	78	25.6	36.9	15.09	1.1258	0.00	118	1	100.0	5
22/06/19	7:50 p	28.9	28.9	28.9	89	26.9	1.3	NE	0.40	2.7	NE	28.9	36.7	36.7	36.2	1011.8	0.00	0.0	0	0.00	0	0.0	0.00	0.0	0.000	0.037	29.9	78	25.6	36.9	15.09	1.1259	0.00	117	1	100.0	5
22/06/19	7:55 p	28.9	28.9	28.8	89	26.9	1.3	NE	0.40	3.1	NE	28.9	36.7	36.7	36.2	1011.8	0.00	0.0	0	0.00	0	0.0	0.00	0.0	0.000	0.037	29.8	78	25.6	36.7	15.09	1.1264	0.00	117	1	100.0	5
22/06/19	8:00 p	28.8	28.9	28.8	90	27.0	1.8	NE	0.54	3.1	NE	28.8	36.7	36.7	36.3	1011.9	0.00	0.0	0	0.00	0	0.0	0.00	0.0	0.000	0.036	29.8	78	25.6	36.7	15.09	1.1264	0.03	116	1	100.0	5
22/06/19	8:05 p	28.8	28.9	28.8	90	27.0	0.9	ENE	0.27	2.2	NE	28.8	36.7	36.7	36.3	1012.1	0.00	0.0	0	0.00	0	0.0	0.00	0.0	0.000	0.036	29.8	78	25.6	36.7	15.09	1.1266	0.00	114	1	100.0	5
22/06/19	8:10 p	28.8	28.8	28.7	90	27.0	1.3	NE	0.40	2.7	NE	28.8	36.6	36.6	36.1	1012.1	0.00	0.0	0	0.00	0	0.0	0.00	0.0	0.000	0.036	29.8	78	25.6	36.7	15.09	1.1266	0.00	116	1	100.0	5
22/06/19	8:15 p	28.7	28.8	28.7	90	26.9	1.8	NE	0.54	3.6	NNE	28.7	36.3	36.3	35.9	1012.2	0.00	0.0	0	0.00	0	0.0	0.00	0.0	0.000	0.036	29.8	78	25.6	36.7	15.09	1.1268	0.00	116	1	100.0	5
22/06/19	8:20 p	28.8	28.8	28.7	90	27.0	1.3	NE	0.40	2.7	NNE	28.8	36.6	36.6	36.1	1012.2	0.00	0.0	0	0.00	0	0.0	0.00	0.0	0.000	0.036	29.8	78	25.6	36.7	15.09	1.1268	0.00	117	1	100.0	5
22/06/19	8:25 p	28.7	28.7	28.7	90	26.9	1.8	NE	0.54	3.6	NNE	28.7	36.3	36.3	35.9	1012.3	0.00	0.0	0	0.00	0	0.0	0.00	0.0	0.000	0.036	29.8	78	25.6	36.7	15.09	1.1269	0.00	117	1	100.0	5
22/06/19	8:30 p	28.7	28.7	28.7	90	26.9	1.8	NNE	0.54	4.5	NNE	28.7	36.3	36.3	35.9	1012.5	0.00	0.0	0	0.00	0	0.0	0.00	0.0	0.000	0.036	29.8	78	25.5	36.6	15.10	1.1275	0.00	117	1	100.0	5
22/06/19	8:35 p	28.7	28.7	28.7	90	26.9	2.2	NE	0.67	4.5	NE	28.7	36.3	36.3	35.9	1012.5	0.00	0.0	0	0.00	0	0.0	0.00	0.0	0.000	0.036	29.8	78	25.5	36.6	15.10	1.1275	0.00	115	1	100.0	5
22/06/19	8:40 p	28.7	28.7	28.7	90	26.9	1.3	NNE	0.40	2.7	NNE	28.7	36.2	36.2	35.7	1012.6	0.00	0.0	0	0.00	0	0.0	0.00	0.0	0.000	0.036	29.8	78	25.5	36.6	15.10	1.1276	0.00	114	1	100.0	5
22/06/19	8:45 p	28.7	28.7	28.6	90	26.9	0.9	NE	0.27	3.1	NNE	28.7	36.2	36.2	35.7	1012.6	0.00	0.0	0	0.00	0	0.0	0.00	0.0	0.000	0.036	29.8	78	25.5	36.6	15.10	1.1276	0.00	116	1	100.0	5
22/06/19	8:50 p	28.6	28.7	28.6	90	26.8	1.3	NNE	0.40	2.2	N	28.6	36.0	36.0	35.6	1012.7	0.00	0.0	0	0.00	0	0.0	0.00	0.0	0.000	0.036	29.7	78	25.5	36.4	15.11	1.1280	0.00	118	1	100.0	5
22/06/19	8:55 p	28.5	28.6	28.5	90	26.7	1.3	NNE	0.40	2.2	N	28.5	35.7	35.7	35.2	1012.5	0.00	0.0	0	0.00	0	0.0	0.00	0.0	0.000	0.035	29.7	78	25.5	36.4	15.11	1.1277	0.00	116	1	100.0	5
22/06/19	9:00 p	28.5	28.5	28.5	91	26.9	1.3	NNE	0.40	2.2	NNE	28.5	35.9	35.9	35.4	1012.4	0.00	0.0	0	0.00	0	0.0	0.00	0.0	0.000	0.035	29.7	78	25.5	36.4	15.11	1.1277	0.03	117	1	100.0	5
22/06/19	9:05 p	28.4	28.5	28.4	91	26.8	1.3	NNE	0.40	2.7	NE	28.4	35.7	35.7	35.3	1012.3	0.00	0.0	0	0.00	0	0.0	0.00	0.0	0.000	0.035	29.7	78	25.5	36.4	15.11	1.1275	0.00	117	1	100.0	5
22/06/19	9:10 p	28.4	28.4	28.4	91	26.8	1.3	NNE	0.40	3.1	NNE	28.4	35.6	35.6	35.1	1012.3	0.00	0.0	0	0.00	0	0.0	0.00	0.0	0.000	0.035	29.7	79	25.7	36.7	15.42	1.1270	0.00	115	1	100.0	5
22/06/19	9:15 p	28.4	28.4	28.4	91	26.8	1.3	NE	0.40	4.5	NNE	28.4	35.6	35.6	35.1	1012.4	0.00	0.0	0	0.00	0	0.0	0.00	0.0	0.000	0.035	29.7	79	25.7	36.7	15.42	1.1271	0.00	114	1	100.0	5
22/06/19	9:20 p	28.4	28.4	28.3	91	26.8	1.3	NE	0.40	3.1	NNE	28.4	35.6	35.6	35.1	1012.3	0.00	0.0	0	0.00	0	0.0	0.00	0.0	0.000	0.035	29.7	79	25.6	36.6	15.43	1.1274	0.00	116	1	100.0	5
22/06/19	9:25 p	28.3	28.4	28.3	91	26.7	1.8	NNE	0.54	3.6	NNE	28.3	35.3	35.3	34.9	1012.4	0.00	0.0	0	0.00	0	0.0	0.00	0.0	0.000	0.035	29.7	78	25.4	36.3	15.12	1.1280	0.00	117	1	100.0	5
22/06/19	9:30 p	28.3	28.4	28.3	91	26.7	1.8	NE	0.54	2.7	ENE	28.3	35.3	35.3	34.9	1012.4	0.00	0.0	0	0.00	0	0.0	0.00	0.0	0.000	0.035	29.7	79	25.6	36.6	15.43	1.1276	0.00	116	1	100.0	5
22/06/19	9:35 p	28.4	28.4	28.3	91	26.8	1.3	NE	0.40	2.7	NE	28.4	35.6	35.6	35.1	1012.4	0.00	0.0	0	0.00	0	0.0	0.00	0.0	0.000	0.035	29.7	79	25.6	36.6	15.43	1.1276	0.00	117	1	100.0	5
22/06/19	9:40 p	28.3	28.4	28.3	91	26.7	1.3	NE	0.40	2.2	NE	28.3	35.3	35.3	34.9	1012.3	0.00	0.0	0	0.00	0	0.0	0.00	0.0	0.000	0.035	29.7	79	25.6	36.6	15.43	1.1274	0.00	117	1	100.0	5
22/06/19	9:45 p	28.3	28.3	28.3	91	26.7	1.8	NE	0.54	2.7	NE	28.3	35.3	35.3	34.9	1012.5	0.00	0.0	0	0.00	0	0.0	0.00	0.0	0.000	0.035	29.7	79	25.6	36.6	15.43	1.1276	0.00	114	1	100.0	5
22/06/19	9:50 p	28.3	28.3	28.3	91	26.7	0.9	NE	0.27	2.7	NE	28.3	35.3	35.3	34.9	1012.6	0.00	0.0	0	0.00	0	0.0	0.00	0.0	0.000	0.035	29.7	79	25.6	36.6	15.43	1.1277	0.00	114	1	100.0	5
22/06/19	9:55 p	28.3	28.3	28.2	91	26.7	0.4	ENE	0.13	1.3	ENE	28.3	35.2	35.2	34.7	1012.6	0.00	0.0	0	0.00	0	0.0	0.00	0.0	0.000	0.035	29.6	79	25.6	36.4	15.43	1.1281	0.00	116	1	100.0	5
22/06/19	10:00 p	28.3	28.3	28.3	91	26.7	0.4	ENE	0.13	0.9	ENE	28.3	35.2	35.2	34.7	1012.7	0.00	0.0	0	0.00	0	0.0	0.00	0.0	0.000	0.035	29.6	79	25.6	36.4	15.43	1.1282	0.03	117	1	100.0	5
22/06/19	10:05 p	28.2	28.3	28.2	91	26.6	0.4	ENE	0.13	1.3	ENE	28.2	35.0	35.0	34.5	1012.7	0.00	0.0	0	0.00	0	0.0	0.00	0.0	0.000	0.034	29.6	79	25.6	36.4	15.43	1.1282	0.00	117	1	100.0	5
22/06/19	10:10 p	28.2	28.2	28.2	91	26.6	0.0	NE	0.00	0.9	NE	28.2	34.9	34.9	34.4	1012.6	0.00	0.0	0	0.00	0	0.0	0.00	0.0	0.000	0.034	29.6	79	25.6	36.4	15.43	1.1281	0.00	117	1	100.0	5
22/06/19	10:15 p	28.1	28.2	28.1	92	26.7	0.0	NE	0.00	0.4	NE	28.1	34.9	34.9	34.5	1012.8	0.00	0.0	0	0.00	0	0.0	0.00	0.0	0.000	0.034	29.6	79	25.5	36.2	15.44	1.1287	0.00	117	1	100.0	5
22/06/19	10:20 p	28.2	28.2	28.1	92	26.7	0.0	---	0.00	0.0	---	28.2	35.1	35.1	34.7	1012.7	0.00	0.0	0	0.00	0	0.0	0.00	0.0	0.000	0.034	29.6	79	25.5	36.2	15.44	1.1285	0.00	114	1	100.0	5
22/06/19	10:25 p	28.1	28.1	28.1	92	26.6	0.0	NE	0.00	0.4	NE	28.1	34.8	34.8	34.3	1012.6	0.00	0.0	0	0.00	0	0.0	0.00	0.0	0.000	0.034	29.6	79	25.5	36.2	15.44	1.1284	0.00	114	1	100.0	5
22/06/19	10:30 p	28.0	28.1	28.0	92	26.6	0.4	NE	0.13	0.9	NE	28.0	34.6	34.6	34.1	1012.6	0.00	0.0	0	0.00	0	0.0	0.00	0.0	0.000	0.034	29.6	79	25.5	36.2	15.44	1.1284	0.00	116	1	100.0	5
22/06/19	10:35 p	27.9	28.0	27.9	92	26.5	0.0	NE	0.00	0.9	NE	27.9	34.4	34.4	33.9	1012.5	0.00	0.0	0	0.00	0	0.0	0.00	0.0	0.000	0.033	29.6	79	25.5	36.2	15.44	1.1283	0.00	117	1	100.0	5
22/06/19	10:40 p	27.8	27.9	27.8	93	26.6	0.4	NE	0.13	0.9	NE	27.8	34.3	34.3	33.8	1012.4	0.00	0.0	0	0.00	0	0.0	0.00	0.0	0.000	0.033	29.6	79	25.5	36.2	15.44	1.1282	0.00	117	1	100.0	5
22/06/19	10:45 p	27.8	27.8	27.7	93	26.5	0.4	ENE	0.13	1.3	ENE	27.8	34.1	34.1	33.6	1012.6	0.00	0.0	0	0.00	0	0.0	0.00	0.0	0.000	0.033	29.6	79	25.5	36.2	15.44	1.1284	0.00	117	1	100.0	5
22/06/19	10:50 p	27.8	27.8	27.7	93	26.5	0.4	ENE	0.13	1.3	ENE	27.8	34.1	34.1	33.6	1012.5	0.00	0.0	0	0.00	0	0.0	0.00	0.0	0.000	0.033	29.6	79	25.5	36.2	15.44	1.1282	0.00	117	1	100.0	5
22/06/19	10:55 p	27.8	27.8	27.7	93	26.5	0.4	ENE	0.13	0.9	E	27.8	34.1	34.1	33.6	1012.5	0.00	0.0	0	0.00	0	0.0	0.00	0.0	0.000	0.033	29.5	79	25.5	36.1	15.44	1.1286	0.00	114	1	100.0	5
22/06/19	11:00 p	27.7	27.8	27.7	93	26.5	0.0	ENE	0.00	0.9	ENE	27.7	34.0	34.0	33.5	1012.4	0.00	0.0	0	0.00	0	0.0	0.00	0.0	0.000	0.033	29.5	79	25.5	36.1	15.44	1.1285	0.00	115	1	100.0	5
22/06/19	11:05 p	27.7	27.7	27.7	94	26.6	0.4	ENE	0.13	0.9	ENE	27.7	34.0	34.0	33.5	1012.5	0.00	0.0	0	0.00	0	0.0	0.00	0.0	0.000	0.032	29.5	79	25.5	36.1	15.44	1.1287	0.00	116	1	100.0	5
22/06/19	11:10 p	27.7	27.7	27.7	94	26.6	0.4	ENE	0.13	0.9	ENE	27.7	34.0	34.0	33.5	1012.6	0.00	0.0	0	0.00	0	0.0	0.00	0.0	0.000	0.032	29.5	79	25.5	36.1	15.44	1.1287	0.00	117	1	100.0	5
22/06/19	11:15 p	27.7	27.7	27.7	94	26.6	0.4	E	0.13	0.9	E	27.7	34.0	34.0	33.5	1012.5	0.00	0.0	0	0.00	0	0.0	0.00	0.0	0.000	0.032	29.5	79	25.5	36.1	15.44	1.1287	0.00	117	1	100.0	5
22/06/19	11:20 p	27.7	27.7	27.6	94	26.6	0.0	E	0.00	0.4	E	27.7	34.0	34.0	33.5	1012.5	0.00	0.0	0	0.00	0	0.0	0.00	0.0	0.000	0.032	29.5	79	25.5	36.1	15.44	1.1286	0.00	117	1	100.0	5
22/06/19	11:25 p	27.6	27.7	27.6	94	26.6	0.0	E	0.00	0.4	E	27.6	33.9	33.9	33.4	1012.4	0.00	0.0	0	0.00	0	0.0	0.00	0.0	0.000	0.032	29.4	79	25.4	35.9	15.45	1.1289	0.00	115	1	100.0	5
22/06/19	11:30 p	27.5	27.6	27.5	94	26.4	0.0	E	0.00	0.4	E	27.5	33.6	33.6	33.1	1012.4	0.00	0.0	0	0.00	0	0.0	0.00	0.0	0.000	0.032	29.4	79	25.4	35.9	15.45	1.1289	0.00	115	1	100.0	5
22/06/19	11:35 p	27.5	27.5	27.4	94	26.4	0.0	E	0.00	0.4	E	27.5	33.6	33.6	33.1	1012.5	0.00	0.0	0	0.00	0	0.0	0.00	0.0	0.000	0.032	29.4	79	25.4	35.9	15.45	1.1290	0.00	115	1	100.0	5
22/06/19	11:40 p	27.5	27.5	27.4	94	26.4	0.0	E	0.00	0.9	E	27.5	33.6	33.6	33.1	1012.4	0.00	0.0	0	0.00	0	0.0	0.00	0.0	0.000	0.032	29.4	79	25.4	35.8	15.45	1.1292	0.00	117	1	100.0	5
22/06/19	11:45 p	27.5	27.5	27.4	94	26.4	0.4	E	0.13	0.9	E	27.5	33.6	33.6	33.1	1012.3	0.00	0.0	0	0.00	0	0.0	0.00	0.0	0.000	0.032	29.4	79	25.4	35.9	15.45	1.1287	0.00	117	1	100.0	5
22/06/19	11:50 p	27.4	27.5	27.4	95	26.5	0.4	NE	0.13	1.3	ENE	27.4	33.4	33.4	32.9	1012.2	0.00	0.0	0	0.00	0	0.0	0.00	0.0	0.000	0.031	29.4	79	25.4	35.8	15.45	1.1290	0.00	117	1	100.0	5
22/06/19	11:55 p	27.4	27.4	27.4	95	26.5	0.9	NE	0.27	1.3	NE	27.4	33.4	33.4	32.9	1012.2	0.00	0.0	0	0.00	0	0.0	0.00	0.0	0.000	0.031	29.4	80	25.6	36.0	15.75	1.1284	0.00	115	1	100.0	5
