		Temp	Hi	Low	Out	Dew	Wind	Wind	Wind	Hi	Hi	Wind	Heat	THW	THSW			Rain	Solar	Solar	Hi Solar	UV 	UV 	Hi 	Heat	Cool	In 	In	In 	In 	In 	In Air		Wind	Wind	ISS 	Arc.
Date	Time	Out	Temp	Temp	Hum	Pt.	Speed	Dir	Run	Speed	Dir	Chill	Index	Index	Index	Bar  	Rain	Rate	Rad.	Energy	Rad. 	Index	Dose	UV 	D-D 	D-D 	Temp	Hum	Dew	Heat	EMC	Density	ET 	Samp	Tx 	Recept	Int.
26/02/20	12:00 a	26.2	26.2	26.1	94	25.1	0.4	NNE	0.13	1.3	NNE	26.2	29.9	29.9	29.3	1013.3	0.00	0.0	0	0.00	0	0.0	0.00	0.0	0.000	0.027	27.6	72	22.1	30.3	13.25	1.1438	0.00	115	1	100.0	5
26/02/20	12:05 a	26.2	26.2	26.2	94	25.1	0.9	NNE	0.27	1.8	ENE	26.2	29.9	29.9	29.3	1013.3	0.00	0.0	0	0.00	0	0.0	0.00	0.0	0.000	0.027	27.6	72	22.1	30.3	13.25	1.1438	0.00	110	1	96.5	5
26/02/20	12:10 a	26.2	26.2	26.1	94	25.1	0.9	NNE	0.27	2.2	NE	26.2	29.9	29.9	29.3	1013.2	0.00	0.0	0	0.00	0	0.0	0.00	0.0	0.000	0.027	27.6	72	22.1	30.3	13.25	1.1437	0.00	116	1	100.0	5
26/02/20	12:15 a	26.2	26.2	26.2	94	25.1	0.9	N	0.27	1.8	NE	26.2	29.9	29.9	29.3	1013.0	0.00	0.0	0	0.00	0	0.0	0.00	0.0	0.000	0.027	27.6	72	22.1	30.3	13.25	1.1435	0.00	111	1	97.4	5
26/02/20	12:20 a	26.2	26.2	26.2	94	25.1	0.4	NE	0.13	1.3	NE	26.2	29.9	29.9	29.3	1012.9	0.00	0.0	0	0.00	0	0.0	0.00	0.0	0.000	0.027	27.5	72	22.0	30.2	13.25	1.1437	0.00	114	1	100.0	5
26/02/20	12:25 a	26.2	26.2	26.2	94	25.1	0.4	NE	0.13	1.3	NE	26.2	29.9	29.9	29.3	1012.9	0.00	0.0	0	0.00	0	0.0	0.00	0.0	0.000	0.027	27.6	72	22.1	30.3	13.25	1.1434	0.00	113	1	99.1	5
26/02/20	12:30 a	26.2	26.2	26.2	94	25.1	0.4	NE	0.13	1.3	NE	26.2	29.9	29.9	29.3	1012.9	0.00	0.0	0	0.00	0	0.0	0.00	0.0	0.000	0.027	27.6	72	22.1	30.3	13.25	1.1433	0.00	112	1	98.2	5
26/02/20	12:35 a	26.2	26.2	26.1	94	25.1	0.4	NE	0.13	1.3	NE	26.2	29.9	29.9	29.3	1012.6	0.00	0.0	0	0.00	0	0.0	0.00	0.0	0.000	0.027	27.6	72	22.1	30.3	13.25	1.1431	0.00	113	1	99.1	5
26/02/20	12:40 a	26.1	26.2	26.1	94	25.1	0.4	NE	0.13	1.3	NE	26.1	29.8	29.8	29.2	1012.6	0.00	0.0	0	0.00	0	0.0	0.00	0.0	0.000	0.027	27.6	72	22.1	30.3	13.25	1.1431	0.00	113	1	99.1	5
26/02/20	12:45 a	26.1	26.1	26.1	94	25.0	0.4	NE	0.13	1.3	NE	26.1	29.7	29.7	29.1	1012.5	0.00	0.0	0	0.00	0	0.0	0.00	0.0	0.000	0.027	27.6	72	22.1	30.3	13.25	1.1429	0.00	115	1	100.0	5
26/02/20	12:50 a	26.1	26.1	26.1	94	25.1	0.4	NE	0.13	1.3	NE	26.1	29.8	29.8	29.2	1012.5	0.00	0.0	0	0.00	0	0.0	0.00	0.0	0.000	0.027	27.6	72	22.1	30.3	13.25	1.1430	0.00	116	1	100.0	5
26/02/20	12:55 a	26.1	26.1	26.1	94	25.0	0.4	NNE	0.13	1.3	NNE	26.1	29.7	29.7	29.1	1012.5	0.00	0.0	0	0.00	0	0.0	0.00	0.0	0.000	0.027	27.5	72	22.0	30.2	13.25	1.1432	0.00	115	1	100.0	5
26/02/20	1:00 a	26.0	26.1	26.0	94	25.0	0.9	NNE	0.27	1.3	NNE	26.0	29.6	29.6	28.9	1012.3	0.00	0.0	0	0.00	0	0.0	0.00	0.0	0.000	0.027	27.5	72	22.0	30.2	13.25	1.1430	0.00	117	1	100.0	5
26/02/20	1:05 a	25.9	26.0	25.9	94	24.9	0.9	NE	0.27	1.8	NE	25.9	29.4	29.4	28.8	1012.4	0.00	0.0	0	0.00	0	0.0	0.00	0.0	0.000	0.026	27.5	72	22.0	30.2	13.25	1.1431	0.00	116	1	100.0	5
26/02/20	1:10 a	25.9	25.9	25.9	94	24.9	1.3	NNE	0.40	1.8	NE	25.9	29.4	29.4	28.8	1012.4	0.00	0.0	0	0.00	0	0.0	0.00	0.0	0.000	0.026	27.5	72	22.0	30.2	13.25	1.1431	0.00	113	1	99.1	5
26/02/20	1:15 a	26.0	26.0	25.9	94	25.0	0.9	NE	0.27	1.8	NE	26.0	29.6	29.6	28.9	1012.4	0.00	0.0	0	0.00	0	0.0	0.00	0.0	0.000	0.027	27.5	72	22.0	30.2	13.25	1.1431	0.00	116	1	100.0	5
26/02/20	1:20 a	25.9	26.0	25.9	94	24.9	1.3	NE	0.40	1.8	ENE	25.9	29.4	29.4	28.8	1012.3	0.00	0.0	0	0.00	0	0.0	0.00	0.0	0.000	0.026	27.5	72	22.0	30.2	13.25	1.1430	0.00	116	1	100.0	5
26/02/20	1:25 a	26.0	26.0	25.9	94	25.0	1.3	NE	0.40	2.2	NE	26.0	29.6	29.6	28.9	1012.4	0.00	0.0	0	0.00	0	0.0	0.00	0.0	0.000	0.027	27.5	72	22.0	30.2	13.25	1.1431	0.00	114	1	100.0	5
26/02/20	1:30 a	25.9	26.0	25.9	94	24.9	0.9	NNE	0.27	1.8	NNE	25.9	29.4	29.4	28.8	1012.2	0.00	0.0	0	0.00	0	0.0	0.00	0.0	0.000	0.026	27.4	72	21.9	30.1	13.25	1.1432	0.00	115	1	100.0	5
26/02/20	1:35 a	26.0	26.0	25.9	94	25.0	0.9	NNE	0.27	1.8	ENE	26.0	29.6	29.6	28.9	1012.2	0.00	0.0	0	0.00	0	0.0	0.00	0.0	0.000	0.027	27.5	72	22.0	30.2	13.25	1.1429	0.00	115	1	100.0	5
26/02/20	1:40 a	26.0	26.1	26.0	94	25.0	1.3	NE	0.40	1.8	NE	26.0	29.6	29.6	28.9	1012.3	0.00	0.0	0	0.00	0	0.0	0.00	0.0	0.000	0.027	27.5	72	22.0	30.2	13.25	1.1430	0.00	114	1	100.0	5
26/02/20	1:45 a	26.1	26.1	26.0	94	25.0	0.9	N	0.27	1.3	NNE	26.1	29.7	29.7	29.1	1012.2	0.00	0.0	0	0.00	0	0.0	0.00	0.0	0.000	0.027	27.4	72	21.9	30.1	13.25	1.1431	0.00	114	1	100.0	5
26/02/20	1:50 a	26.1	26.1	26.1	94	25.0	1.8	NE	0.54	2.2	ENE	26.1	29.7	29.7	29.1	1012.3	0.00	0.0	0	0.00	0	0.0	0.00	0.0	0.000	0.027	27.4	72	21.9	30.1	13.25	1.1433	0.00	115	1	100.0	5
26/02/20	1:55 a	26.1	26.1	26.1	94	25.0	0.9	NE	0.27	1.8	NE	26.1	29.7	29.7	29.1	1012.2	0.00	0.0	0	0.00	0	0.0	0.00	0.0	0.000	0.027	27.4	72	21.9	30.1	13.25	1.1432	0.00	116	1	100.0	5
26/02/20	2:00 a	26.1	26.1	26.1	94	25.1	0.4	NE	0.13	1.3	NE	26.1	29.8	29.8	29.2	1012.2	0.00	0.0	0	0.00	0	0.0	0.00	0.0	0.000	0.027	27.5	72	22.0	30.2	13.25	1.1429	0.00	117	1	100.0	5
26/02/20	2:05 a	26.1	26.1	26.1	94	25.0	0.4	NE	0.13	1.8	NE	26.1	29.7	29.7	29.1	1012.3	0.00	0.0	0	0.00	0	0.0	0.00	0.0	0.000	0.027	27.4	72	21.9	30.1	13.25	1.1433	0.00	116	1	100.0	5
26/02/20	2:10 a	26.1	26.1	26.1	94	25.0	0.9	NE	0.27	1.3	NE	26.1	29.7	29.7	29.1	1012.3	0.00	0.0	0	0.00	0	0.0	0.00	0.0	0.000	0.027	27.4	72	21.9	30.1	13.25	1.1433	0.00	117	1	100.0	5
26/02/20	2:15 a	26.1	26.1	26.1	94	25.0	0.9	NNE	0.27	1.8	NE	26.1	29.7	29.7	29.1	1012.4	0.00	0.0	0	0.00	0	0.0	0.00	0.0	0.000	0.027	27.4	72	21.9	30.1	13.25	1.1434	0.00	113	1	99.1	5
26/02/20	2:20 a	26.2	26.2	26.1	94	25.1	0.4	NE	0.13	1.3	NE	26.2	29.9	29.9	29.3	1012.3	0.00	0.0	0	0.00	0	0.0	0.00	0.0	0.000	0.027	27.5	72	22.0	30.2	13.25	1.1429	0.00	115	1	100.0	5
26/02/20	2:25 a	26.1	26.2	26.1	94	25.1	0.4	NE	0.13	0.9	NE	26.1	29.8	29.8	29.2	1012.3	0.00	0.0	0	0.00	0	0.0	0.00	0.0	0.000	0.027	27.4	72	21.9	30.1	13.25	1.1433	0.00	114	1	100.0	5
26/02/20	2:30 a	26.1	26.2	26.1	94	25.0	0.4	NE	0.13	1.3	NE	26.1	29.7	29.7	29.1	1012.2	0.00	0.0	0	0.00	0	0.0	0.00	0.0	0.000	0.027	27.4	72	21.9	30.1	13.25	1.1432	0.00	113	1	99.1	5
26/02/20	2:35 a	26.1	26.1	26.1	94	25.0	0.4	NE	0.13	1.3	NE	26.1	29.7	29.7	29.1	1012.2	0.00	0.0	0	0.00	0	0.0	0.00	0.0	0.000	0.027	27.4	72	21.9	30.1	13.25	1.1432	0.00	116	1	100.0	5
26/02/20	2:40 a	26.0	26.1	26.0	94	25.0	0.0	NE	0.00	0.9	NE	26.0	29.6	29.6	28.9	1012.3	0.00	0.0	0	0.00	0	0.0	0.00	0.0	0.000	0.027	27.4	72	21.9	30.1	13.25	1.1433	0.00	117	1	100.0	5
26/02/20	2:45 a	26.0	26.1	25.9	94	25.0	0.4	NE	0.13	0.9	NE	26.0	29.6	29.6	28.9	1012.4	0.00	0.0	0	0.00	0	0.0	0.00	0.0	0.000	0.027	27.4	72	21.9	30.1	13.25	1.1435	0.00	112	1	98.2	5
26/02/20	2:50 a	25.9	26.0	25.9	94	24.9	0.4	NE	0.13	0.9	NE	25.9	29.4	29.4	28.8	1012.3	0.00	0.0	0	0.00	0	0.0	0.00	0.0	0.000	0.026	27.4	72	21.9	30.1	13.25	1.1433	0.00	111	1	97.4	5
26/02/20	2:55 a	25.9	26.0	25.9	94	24.9	0.0	---	0.00	0.0	---	25.9	29.4	29.4	28.8	1012.3	0.00	0.0	0	0.00	0	0.0	0.00	0.0	0.000	0.026	27.4	72	21.9	30.1	13.25	1.1433	0.00	113	1	99.1	5
26/02/20	3:00 a	25.9	25.9	25.9	94	24.9	0.0	NE	0.00	0.9	NE	25.9	29.4	29.4	28.8	1012.2	0.00	0.0	0	0.00	0	0.0	0.00	0.0	0.000	0.026	27.5	72	22.0	30.2	13.25	1.1428	0.00	116	1	100.0	5
26/02/20	3:05 a	25.9	25.9	25.9	94	24.8	0.4	NE	0.13	0.9	NE	25.9	29.3	29.3	28.7	1012.1	0.00	0.0	0	0.00	0	0.0	0.00	0.0	0.000	0.026	27.4	72	21.9	30.1	13.25	1.1431	0.00	115	1	100.0	5
26/02/20	3:10 a	25.9	25.9	25.8	94	24.8	0.0	NE	0.00	0.4	NE	25.9	29.3	29.3	28.7	1012.2	0.00	0.0	0	0.00	0	0.0	0.00	0.0	0.000	0.026	27.5	72	22.0	30.2	13.25	1.1429	0.00	116	1	100.0	5
26/02/20	3:15 a	25.7	25.9	25.7	94	24.7	0.0	NE	0.00	0.4	NE	25.7	28.9	28.9	28.3	1012.2	0.00	0.0	0	0.00	0	0.0	0.00	0.0	0.000	0.026	27.4	72	21.9	30.1	13.25	1.1432	0.00	113	1	99.1	5
26/02/20	3:20 a	25.7	25.7	25.7	95	24.8	0.0	NE	0.00	0.9	NE	25.7	28.9	28.9	28.3	1012.2	0.00	0.0	0	0.00	0	0.0	0.00	0.0	0.000	0.025	27.4	72	21.9	30.1	13.25	1.1431	0.00	112	1	98.2	5
26/02/20	3:25 a	25.7	25.7	25.6	95	24.8	0.0	NE	0.00	0.4	NE	25.7	28.9	28.9	28.3	1012.2	0.00	0.0	0	0.00	0	0.0	0.00	0.0	0.000	0.025	27.4	72	21.9	30.1	13.25	1.1431	0.00	111	1	97.4	5
26/02/20	3:30 a	25.7	25.7	25.7	95	24.8	0.0	NE	0.00	0.9	NE	25.7	28.9	28.9	28.3	1012.1	0.00	0.0	0	0.00	0	0.0	0.00	0.0	0.000	0.025	27.4	72	21.9	30.1	13.25	1.1430	0.00	115	1	100.0	5
26/02/20	3:35 a	25.6	25.7	25.6	95	24.8	0.0	NE	0.00	0.4	NE	25.6	28.8	28.8	28.2	1012.1	0.00	0.0	0	0.00	0	0.0	0.00	0.0	0.000	0.025	27.4	72	21.9	30.1	13.25	1.1431	0.00	114	1	100.0	5
26/02/20	3:40 a	25.6	25.6	25.6	95	24.8	0.4	NE	0.13	0.9	NE	25.6	28.8	28.8	28.2	1012.2	0.00	0.0	0	0.00	0	0.0	0.00	0.0	0.000	0.025	27.4	72	21.9	30.1	13.25	1.1432	0.00	114	1	100.0	5
26/02/20	3:45 a	25.6	25.6	25.6	95	24.7	0.4	NE	0.13	0.9	NE	25.6	28.7	28.7	28.1	1012.2	0.00	0.0	0	0.00	0	0.0	0.00	0.0	0.000	0.025	27.4	73	22.2	30.2	13.62	1.1428	0.00	115	1	100.0	5
26/02/20	3:50 a	25.4	25.5	25.4	96	24.8	0.4	NE	0.13	0.9	NE	25.4	28.6	28.6	27.9	1012.2	0.00	0.0	0	0.00	0	0.0	0.00	0.0	0.000	0.025	27.4	73	22.2	30.2	13.62	1.1428	0.00	116	1	100.0	5
26/02/20	3:55 a	25.4	25.5	25.4	96	24.8	0.0	NE	0.00	0.4	NE	25.4	28.6	28.6	27.9	1012.2	0.00	0.0	0	0.00	0	0.0	0.00	0.0	0.000	0.025	27.4	73	22.2	30.2	13.62	1.1427	0.00	114	1	100.0	5
26/02/20	4:00 a	25.4	25.4	25.4	96	24.8	0.4	NE	0.13	0.9	NE	25.4	28.6	28.6	27.9	1012.3	0.00	0.0	0	0.00	0	0.0	0.00	0.0	0.000	0.025	27.4	73	22.1	30.1	13.62	1.1432	0.00	115	1	100.0	5
26/02/20	4:05 a	25.4	25.4	25.4	96	24.8	0.0	NE	0.00	0.4	NE	25.4	28.6	28.6	27.9	1012.3	0.00	0.0	0	0.00	0	0.0	0.00	0.0	0.000	0.025	27.4	73	22.1	30.1	13.62	1.1432	0.00	117	1	100.0	5
26/02/20	4:10 a	25.4	25.4	25.4	96	24.7	0.4	NE	0.13	0.9	NE	25.4	28.4	28.4	27.8	1012.3	0.00	0.0	0	0.00	0	0.0	0.00	0.0	0.000	0.024	27.4	73	22.1	30.1	13.62	1.1432	0.00	117	1	100.0	5
26/02/20	4:15 a	25.4	25.4	25.3	96	24.7	0.0	NE	0.00	0.4	NE	25.4	28.4	28.4	27.8	1012.3	0.00	0.0	0	0.00	0	0.0	0.00	0.0	0.000	0.024	27.4	73	22.1	30.1	13.62	1.1431	0.00	115	1	100.0	5
26/02/20	4:20 a	25.4	25.4	25.3	95	24.5	0.4	NE	0.13	0.9	NE	25.4	28.3	28.3	27.7	1012.3	0.00	0.0	0	0.00	0	0.0	0.00	0.0	0.000	0.024	27.4	73	22.1	30.1	13.62	1.1432	0.00	117	1	100.0	5
26/02/20	4:25 a	25.4	25.4	25.3	95	24.5	0.0	NE	0.00	0.4	NE	25.4	28.3	28.3	27.7	1012.3	0.00	0.0	0	0.00	0	0.0	0.00	0.0	0.000	0.024	27.4	73	22.1	30.1	13.62	1.1432	0.00	115	1	100.0	5
26/02/20	4:30 a	25.4	25.4	25.4	95	24.6	0.4	NE	0.13	0.9	NE	25.4	28.4	28.4	27.8	1012.5	0.00	0.0	0	0.00	0	0.0	0.00	0.0	0.000	0.025	27.4	73	22.1	30.1	13.62	1.1434	0.00	108	1	94.7	5
26/02/20	4:35 a	25.4	25.4	25.3	95	24.5	0.4	NE	0.13	0.9	NE	25.4	28.3	28.3	27.7	1012.3	0.00	0.0	0	0.00	0	0.0	0.00	0.0	0.000	0.024	27.4	73	22.1	30.1	13.62	1.1431	0.00	112	1	98.2	5
26/02/20	4:40 a	25.4	25.4	25.3	95	24.5	0.4	NE	0.13	1.3	NE	25.4	28.3	28.3	27.7	1012.3	0.00	0.0	0	0.00	0	0.0	0.00	0.0	0.000	0.024	27.4	73	22.1	30.1	13.62	1.1432	0.00	114	1	100.0	5
26/02/20	4:45 a	25.4	25.4	25.3	95	24.5	0.4	ENE	0.13	1.3	NNE	25.4	28.3	28.3	27.7	1012.4	0.00	0.0	0	0.00	0	0.0	0.00	0.0	0.000	0.024	27.4	72	21.9	29.9	13.25	1.1438	0.00	114	1	100.0	5
26/02/20	4:50 a	25.3	25.4	25.3	95	24.4	0.0	ENE	0.00	0.4	ENE	25.3	28.1	28.1	27.4	1012.5	0.00	0.0	0	0.00	0	0.0	0.00	0.0	0.000	0.024	27.3	72	21.8	29.8	13.25	1.1442	0.00	113	1	99.1	5
26/02/20	4:55 a	25.2	25.3	25.2	95	24.4	0.4	ENE	0.13	0.9	ENE	25.2	27.9	27.9	27.3	1012.6	0.00	0.0	0	0.00	0	0.0	0.00	0.0	0.000	0.024	27.3	71	21.6	29.7	13.00	1.1447	0.00	116	1	100.0	5
26/02/20	5:00 a	25.2	25.3	25.2	95	24.4	0.0	ENE	0.00	0.9	ENE	25.2	27.9	27.9	27.3	1012.7	0.00	0.0	0	0.00	0	0.0	0.00	0.0	0.000	0.024	27.2	67	20.6	29.0	12.13	1.1471	0.00	115	1	100.0	5
26/02/20	5:05 a	25.2	25.2	25.2	95	24.3	0.4	ENE	0.13	0.9	ENE	25.2	27.8	27.8	27.2	1012.7	0.00	0.0	0	0.00	0	0.0	0.00	0.0	0.000	0.024	27.1	64	19.7	28.3	11.54	1.1493	0.00	114	1	100.0	5
26/02/20	5:10 a	25.1	25.2	25.1	95	24.3	0.4	ENE	0.13	0.9	ENE	25.1	27.7	27.7	27.1	1012.8	0.00	0.0	0	0.00	0	0.0	0.00	0.0	0.000	0.024	26.8	61	18.7	27.7	10.95	1.1518	0.00	116	1	100.0	5
26/02/20	5:15 a	25.1	25.2	25.1	95	24.3	0.4	ENE	0.13	0.9	ENE	25.1	27.7	27.7	27.1	1012.8	0.00	0.0	0	0.00	0	0.0	0.00	0.0	0.000	0.024	26.7	58	17.7	27.2	10.35	1.1539	0.00	117	1	100.0	5
26/02/20	5:20 a	25.0	25.1	25.0	95	24.1	0.4	ENE	0.13	1.3	ENE	25.0	27.5	27.5	26.8	1012.8	0.00	0.0	0	0.00	0	0.0	0.00	0.0	0.000	0.023	26.4	54	16.4	26.7	9.76	1.1566	0.00	117	1	100.0	5
26/02/20	5:25 a	25.0	25.1	25.0	96	24.3	0.0	ENE	0.00	0.9	ENE	25.0	27.6	27.6	27.0	1012.8	0.00	0.0	1	0.01	5	0.0	0.00	0.0	0.000	0.023	26.2	52	15.6	26.3	9.47	1.1586	0.00	117	1	100.0	5
26/02/20	5:30 a	24.9	25.0	24.9	96	24.2	0.0	ENE	0.00	0.4	ENE	24.9	27.4	27.4	26.8	1012.8	0.00	0.0	5	0.04	5	0.0	0.00	0.0	0.000	0.023	26.1	51	15.1	26.1	9.35	1.1598	0.00	117	1	100.0	5
26/02/20	5:35 a	24.8	24.9	24.8	96	24.2	0.4	ENE	0.13	0.9	ENE	24.8	27.3	27.3	26.7	1012.9	0.00	0.0	7	0.05	9	0.0	0.00	0.0	0.000	0.023	25.9	54	15.9	26.1	9.78	1.1597	0.00	114	1	100.0	5
26/02/20	5:40 a	24.8	24.8	24.8	96	24.1	0.4	ENE	0.13	0.9	ENE	24.8	27.2	27.2	26.7	1013.3	0.00	0.0	14	0.10	19	0.0	0.00	0.0	0.000	0.022	25.8	53	15.5	25.9	9.65	1.1607	0.00	113	1	99.1	5
26/02/20	5:45 a	24.8	24.8	24.8	96	24.2	0.0	ENE	0.00	0.9	ENE	24.8	27.3	27.3	26.8	1013.3	0.00	0.0	13	0.09	16	0.0	0.00	0.0	0.000	0.023	25.7	53	15.4	25.8	9.65	1.1614	0.00	117	1	100.0	5
26/02/20	5:50 a	24.8	24.9	24.8	96	24.2	0.4	ENE	0.13	0.9	ENE	24.8	27.3	27.3	27.1	1013.3	0.00	0.0	31	0.22	35	0.0	0.00	0.0	0.000	0.023	25.6	51	14.7	25.7	9.35	1.1627	0.00	115	1	100.0	5
26/02/20	5:55 a	24.9	24.9	24.8	96	24.2	0.4	ENE	0.13	0.9	ENE	24.9	27.4	27.4	27.1	1013.3	0.00	0.0	29	0.21	33	0.0	0.00	0.0	0.000	0.023	25.4	50	14.3	25.4	9.19	1.1639	0.00	117	1	100.0	5
26/02/20	6:00 a	24.9	25.0	24.9	96	24.3	0.4	ENE	0.13	0.9	ENE	24.9	27.5	27.5	27.1	1013.4	0.00	0.0	21	0.15	25	0.0	0.00	0.0	0.000	0.023	25.4	53	15.1	25.4	9.65	1.1632	0.00	117	1	100.0	5
26/02/20	6:05 a	25.1	25.1	24.9	96	24.4	0.9	ENE	0.27	1.3	ENE	25.1	27.7	27.7	27.3	1013.5	0.00	0.0	19	0.14	23	0.0	0.00	0.0	0.000	0.023	25.4	53	15.1	25.4	9.65	1.1633	0.00	116	1	100.0	5
26/02/20	6:10 a	25.1	25.1	25.0	96	24.4	0.9	E	0.27	1.3	ENE	25.1	27.7	27.7	27.6	1013.4	0.00	0.0	36	0.26	47	0.0	0.00	0.0	0.000	0.023	25.3	50	14.1	25.2	9.20	1.1649	0.00	115	1	100.0	5
26/02/20	6:15 a	25.1	25.1	25.0	96	24.4	0.4	E	0.13	1.3	E	25.1	27.8	27.8	27.6	1013.5	0.00	0.0	29	0.21	44	0.0	0.00	0.0	0.000	0.024	25.2	52	14.6	25.2	9.50	1.1648	0.00	114	1	100.0	5
26/02/20	6:20 a	25.2	25.2	25.1	96	24.5	0.4	E	0.13	1.3	E	25.2	27.9	27.9	27.7	1013.7	0.00	0.0	25	0.18	28	0.0	0.00	0.0	0.000	0.024	25.2	53	14.9	25.2	9.65	1.1646	0.00	117	1	100.0	5
26/02/20	6:25 a	25.2	25.3	25.2	96	24.5	0.4	E	0.13	1.3	E	25.2	28.1	28.1	27.8	1013.8	0.00	0.0	32	0.23	39	0.0	0.00	0.0	0.000	0.024	25.1	51	14.3	25.1	9.35	1.1658	0.00	117	1	100.0	5
26/02/20	6:30 a	25.3	25.3	25.2	96	24.6	0.9	ESE	0.27	1.3	E	25.3	28.3	28.3	28.2	1013.9	0.00	0.0	36	0.26	40	0.0	0.00	0.0	0.000	0.024	25.0	51	14.2	25.0	9.35	1.1664	0.00	117	1	100.0	5
26/02/20	6:35 a	25.4	25.4	25.3	95	24.6	0.9	ESE	0.27	1.3	ESE	25.4	28.4	28.4	28.6	1014.0	0.00	0.0	60	0.43	83	0.3	0.01	0.5	0.000	0.025	25.0	53	14.8	25.1	9.65	1.1658	0.00	117	1	100.0	5
26/02/20	6:40 a	25.6	25.6	25.4	95	24.8	0.9	E	0.27	1.3	ESE	25.6	28.8	28.8	29.2	1014.1	0.00	0.0	75	0.54	107	0.5	0.02	0.6	0.000	0.025	25.0	51	14.2	25.0	9.35	1.1666	0.00	117	1	100.0	5
26/02/20	6:45 a	25.8	25.8	25.6	95	24.9	0.9	E	0.27	1.3	E	25.8	29.2	29.2	31.2	1014.0	0.00	0.0	112	0.80	144	0.6	0.02	0.6	0.000	0.026	24.9	51	14.1	24.9	9.35	1.1669	0.00	114	1	100.0	5
26/02/20	6:50 a	26.1	26.1	25.8	94	25.0	0.4	E	0.13	0.9	E	26.1	29.7	29.7	34.3	1014.1	0.00	0.0	219	1.57	260	0.8	0.03	0.9	0.000	0.027	24.9	53	14.7	25.0	9.65	1.1662	0.00	115	1	100.0	5
26/02/20	6:55 a	26.5	26.5	26.1	93	25.3	0.4	E	0.13	1.3	E	26.5	30.7	30.7	35.3	1014.1	0.00	0.0	223	1.60	269	0.9	0.03	1.0	0.000	0.028	24.9	52	14.4	24.9	9.51	1.1666	0.00	117	1	100.0	5
26/02/20	7:00 a	26.8	26.8	26.5	92	25.4	0.4	E	0.13	1.3	E	26.8	31.2	31.2	34.9	1014.2	0.00	0.0	194	1.39	213	1.1	0.04	1.1	0.000	0.029	24.9	51	14.1	24.9	9.35	1.1673	0.05	117	1	100.0	5
26/02/20	7:05 a	27.0	27.1	26.8	91	25.4	0.4	ENE	0.13	1.3	ENE	27.0	31.6	31.6	37.3	1014.2	0.00	0.0	286	2.05	330	1.2	0.04	1.3	0.000	0.030	24.8	54	14.9	24.9	9.82	1.1665	0.00	117	1	100.0	5
26/02/20	7:10 a	27.6	27.6	27.1	90	25.8	0.4	ENE	0.13	1.3	ENE	27.6	33.1	33.1	38.7	1014.4	0.00	0.0	286	2.05	353	1.3	0.05	1.4	0.000	0.032	24.9	53	14.7	25.0	9.65	1.1665	0.00	117	1	100.0	5
26/02/20	7:15 a	27.8	27.8	27.6	88	25.7	0.4	ENE	0.13	0.9	ENE	27.8	33.3	33.3	37.4	1014.3	0.00	0.0	199	1.43	241	1.3	0.05	1.4	0.000	0.033	24.8	51	14.0	24.8	9.35	1.1677	0.00	115	1	100.0	5
26/02/20	7:20 a	28.0	28.0	27.8	87	25.6	0.4	ENE	0.13	1.3	ENE	28.0	33.6	33.6	37.8	1014.4	0.00	0.0	208	1.49	227	1.4	0.05	1.4	0.000	0.034	24.8	56	15.5	25.0	10.18	1.1660	0.00	114	1	100.0	5
26/02/20	7:25 a	27.9	28.0	27.9	87	25.6	0.4	ENE	0.13	1.3	ENE	27.9	33.5	33.5	38.3	1014.4	0.00	0.0	246	1.76	304	1.5	0.05	1.6	0.000	0.033	24.8	60	16.5	25.1	10.88	1.1645	0.00	116	1	100.0	5
26/02/20	7:30 a	28.1	28.1	27.9	87	25.7	0.9	N	0.27	1.3	N	28.1	33.8	33.8	37.6	1014.6	0.00	0.0	191	1.37	272	1.5	0.05	1.6	0.000	0.034	24.8	56	15.5	25.0	10.18	1.1663	0.00	117	1	100.0	5
26/02/20	7:35 a	28.1	28.2	28.1	87	25.7	0.4	ENE	0.13	1.8	E	28.1	33.9	33.9	38.1	1014.6	0.00	0.0	214	1.53	239	1.8	0.06	2.0	0.000	0.034	24.8	59	16.2	25.0	10.69	1.1654	0.00	116	1	100.0	5
26/02/20	7:40 a	28.3	28.3	28.1	87	26.0	0.4	ENE	0.13	1.3	ENE	28.3	34.6	34.6	38.8	1014.6	0.00	0.0	229	1.64	292	1.9	0.07	2.0	0.000	0.035	24.8	60	16.5	25.1	10.88	1.1648	0.00	116	1	100.0	5
26/02/20	7:45 a	28.6	28.6	28.3	85	25.8	0.9	NNE	0.27	3.1	NNE	28.6	34.8	34.8	42.5	1014.7	0.00	0.0	475	3.40	494	2.3	0.08	2.5	0.000	0.035	24.8	58	16.0	25.1	10.48	1.1657	0.00	117	1	100.0	5
26/02/20	7:50 a	28.5	28.6	28.5	86	25.9	1.3	NNW	0.40	2.7	NNW	28.5	34.8	34.8	39.7	1014.8	0.00	0.0	279	2.00	316	2.1	0.07	2.4	0.000	0.035	24.8	61	16.8	25.2	11.02	1.1647	0.00	115	1	100.0	5
26/02/20	7:55 a	28.6	28.6	28.4	85	25.8	0.4	NNW	0.13	1.3	NNW	28.6	34.9	34.9	41.3	1014.8	0.00	0.0	432	3.10	536	2.8	0.10	3.1	0.000	0.036	24.9	59	16.4	25.2	10.67	1.1648	0.00	114	1	100.0	5
26/02/20	8:00 a	29.1	29.1	28.7	83	25.9	1.8	NE	0.54	3.1	ENE	29.1	35.8	35.8	41.9	1014.8	0.00	0.0	403	2.89	547	2.9	0.10	3.3	0.000	0.037	24.9	61	16.9	25.2	11.01	1.1644	0.18	117	1	100.0	5
26/02/20	8:05 a	29.4	29.4	29.1	81	25.8	1.3	NE	0.40	2.2	NE	29.4	36.4	36.4	44.7	1014.9	0.00	0.0	580	4.16	584	3.4	0.12	3.6	0.000	0.039	24.9	61	16.9	25.3	11.01	1.1642	0.00	116	1	100.0	5
26/02/20	8:10 a	29.6	29.6	29.4	81	25.9	0.9	NE	0.27	3.1	NNE	29.6	36.7	36.7	42.5	1014.9	0.00	0.0	375	2.69	589	3.2	0.11	3.8	0.000	0.039	24.9	57	15.8	25.1	10.27	1.1656	0.00	117	1	100.0	5
26/02/20	8:15 a	29.7	29.7	29.6	80	25.8	0.9	E	0.27	1.8	NE	29.7	36.8	36.8	43.2	1014.9	0.00	0.0	468	3.35	568	3.7	0.13	4.0	0.000	0.039	24.9	61	16.9	25.2	11.01	1.1645	0.00	116	1	100.0	5
26/02/20	8:20 a	30.4	30.4	29.7	77	26.0	1.3	NNE	0.40	2.7	NE	30.4	38.2	38.2	44.7	1015.0	0.00	0.0	512	3.67	534	4.2	0.15	4.2	0.000	0.042	25.0	59	16.4	25.2	10.67	1.1648	0.00	117	1	100.0	5
26/02/20	8:25 a	30.5	30.5	30.3	78	26.2	1.3	N	0.40	3.1	WNW	30.5	38.7	38.7	43.7	1015.0	0.00	0.0	333	2.39	366	3.6	0.13	4.2	0.000	0.042	25.0	59	16.4	25.2	10.67	1.1648	0.00	114	1	100.0	5
26/02/20	8:30 a	30.4	30.6	30.4	77	26.0	2.2	NW	0.67	5.4	NW	30.4	38.2	38.2	42.8	1015.1	0.00	0.0	304	2.18	309	4.2	0.15	4.6	0.000	0.042	25.0	61	17.0	25.3	11.01	1.1642	0.00	114	1	100.0	5
26/02/20	8:35 a	30.3	30.4	30.2	80	26.4	2.2	NW	0.67	5.4	NW	30.3	38.6	38.6	42.1	1015.1	0.00	0.0	235	1.68	257	4.7	0.17	4.8	0.000	0.041	25.1	58	16.2	25.3	10.47	1.1650	0.00	115	1	100.0	5
26/02/20	8:40 a	30.2	30.3	30.2	79	26.2	2.2	NW	0.67	4.0	W	30.2	38.1	38.1	41.4	1015.2	0.00	0.0	219	1.57	229	4.9	0.17	5.0	0.000	0.041	25.1	60	16.7	25.3	10.87	1.1643	0.00	115	1	100.0	5
26/02/20	8:45 a	30.1	30.2	30.0	79	26.1	1.8	NW	0.54	4.0	NW	30.1	37.8	37.8	40.8	1015.3	0.00	0.0	205	1.47	221	5.2	0.19	5.4	0.000	0.041	25.1	59	16.5	25.4	10.66	1.1646	0.00	116	1	100.0	5
26/02/20	8:50 a	30.0	30.3	30.0	78	25.7	2.2	NW	0.67	4.5	WNW	30.0	37.2	37.2	40.8	1015.3	0.00	0.0	252	1.81	272	4.6	0.16	5.3	0.000	0.041	25.2	60	16.9	25.5	10.86	1.1639	0.00	115	1	100.0	5
26/02/20	8:55 a	30.2	30.2	30.0	80	26.4	2.7	NW	0.80	4.5	WNW	30.2	38.4	38.4	42.7	1015.4	0.00	0.0	307	2.20	320	5.4	0.19	5.8	0.000	0.041	25.2	60	16.9	25.6	10.85	1.1638	0.00	113	1	99.1	5
26/02/20	9:00 a	29.9	30.2	29.9	81	26.3	2.7	WNW	0.80	4.5	W	29.9	37.9	37.9	41.2	1015.3	0.00	0.0	237	1.70	302	5.0	0.18	6.0	0.000	0.040	25.3	57	16.1	25.5	10.25	1.1645	0.25	112	1	98.2	5
26/02/20	9:05 a	30.1	30.1	29.9	80	26.2	1.8	W	0.54	4.0	W	30.1	37.9	37.9	40.5	1015.3	0.00	0.0	190	1.36	220	6.2	0.22	6.4	0.000	0.041	25.3	61	17.2	25.7	11.00	1.1630	0.00	113	1	99.1	5
26/02/20	9:10 a	30.7	30.7	30.1	79	26.6	1.3	WNW	0.40	3.1	WNW	30.7	39.5	39.5	43.5	1015.2	0.00	0.0	293	2.10	320	6.3	0.23	6.6	0.000	0.043	25.4	58	16.5	25.7	10.44	1.1634	0.00	115	1	100.0	5
26/02/20	9:15 a	30.3	30.7	30.3	81	26.7	2.2	W	0.67	4.5	NW	30.3	39.1	39.1	42.6	1015.2	0.00	0.0	263	1.89	329	6.8	0.24	6.9	0.000	0.042	25.3	59	16.7	25.6	10.65	1.1636	0.00	114	1	100.0	5
26/02/20	9:20 a	30.3	30.5	30.3	79	26.3	1.8	NW	0.54	3.6	NW	30.3	38.4	38.4	41.1	1015.3	0.00	0.0	198	1.42	213	4.8	0.17	6.2	0.000	0.042	25.3	58	16.5	25.6	10.45	1.1638	0.00	113	1	99.1	5
26/02/20	9:25 a	30.8	30.8	30.3	77	26.3	2.2	NNW	0.67	4.0	N	30.8	39.2	39.2	47.1	1015.3	0.00	0.0	842	6.04	879	7.2	0.26	7.3	0.000	0.043	25.3	56	15.9	25.5	10.15	1.1645	0.00	115	1	100.0	5
26/02/20	9:30 a	31.0	31.2	30.8	77	26.5	1.8	NW	0.54	3.6	WNW	31.0	39.9	39.9	47.6	1015.2	0.00	0.0	844	6.05	858	7.0	0.25	7.4	0.000	0.044	25.3	59	16.7	25.6	10.65	1.1633	0.00	115	1	100.0	5
26/02/20	9:35 a	31.3	31.4	30.9	74	26.1	1.8	NNW	0.54	3.6	NNW	31.3	39.7	39.7	47.0	1015.2	0.00	0.0	818	5.86	831	7.1	0.25	7.6	0.000	0.045	25.4	56	16.0	25.6	10.14	1.1641	0.00	114	1	100.0	5
26/02/20	9:40 a	31.2	31.3	31.2	75	26.2	2.7	NW	0.80	4.9	NNW	31.2	39.7	39.7	47.2	1015.2	0.00	0.0	850	6.09	882	7.8	0.28	7.8	0.000	0.045	25.3	57	16.2	25.6	10.25	1.1640	0.00	113	1	99.1	5
26/02/20	9:45 a	31.1	31.1	31.0	76	26.4	1.8	NE	0.54	4.5	NW	31.1	39.9	39.9	47.4	1015.2	0.00	0.0	877	6.29	881	7.2	0.26	8.1	0.000	0.044	25.4	58	16.5	25.7	10.44	1.1634	0.00	116	1	100.0	5
26/02/20	9:50 a	31.6	31.6	31.2	75	26.6	1.8	WNW	0.54	3.1	W	31.6	40.9	40.9	47.8	1015.1	0.00	0.0	706	5.06	868	7.2	0.26	8.2	0.000	0.046	25.4	56	16.0	25.7	10.14	1.1638	0.00	115	1	100.0	5
26/02/20	9:55 a	31.4	31.6	31.3	75	26.4	2.2	WNW	0.67	4.0	WNW	31.4	40.4	40.4	47.6	1015.1	0.00	0.0	868	6.22	888	8.3	0.30	8.5	0.000	0.045	25.5	59	16.9	25.8	10.63	1.1622	0.00	116	1	100.0	5
26/02/20	10:00 a	31.7	31.7	31.4	75	26.7	2.2	NW	0.67	4.0	NW	31.7	41.4	41.4	48.4	1015.0	0.00	0.0	857	6.14	877	8.5	0.30	8.5	0.000	0.046	25.6	58	16.7	25.9	10.43	1.1620	0.43	114	1	100.0	5
26/02/20	10:05 a	32.1	32.1	31.7	74	26.9	1.8	NW	0.54	4.0	WNW	32.1	42.3	42.3	49.3	1014.8	0.00	0.0	866	6.21	886	8.7	0.31	8.9	0.000	0.048	25.6	56	16.1	25.8	10.13	1.1628	0.00	114	1	100.0	5
26/02/20	10:10 a	32.1	32.2	32.1	72	26.4	2.2	NW	0.67	4.5	WNW	32.1	41.6	41.6	48.5	1014.8	0.00	0.0	874	6.26	891	8.9	0.32	8.9	0.000	0.048	25.6	60	17.3	26.0	10.83	1.1610	0.00	115	1	100.0	5
26/02/20	10:15 a	32.1	32.1	32.1	72	26.4	2.2	NNW	0.67	4.5	NNW	32.1	41.6	41.6	48.3	1014.6	0.00	0.0	866	6.21	870	9.0	0.32	9.1	0.000	0.048	25.7	57	16.5	25.9	10.22	1.1616	0.00	112	1	98.2	5
26/02/20	10:20 a	32.1	32.1	31.9	72	26.4	1.8	NW	0.54	3.6	WNW	32.1	41.4	41.4	48.1	1014.6	0.00	0.0	870	6.24	877	9.2	0.33	9.3	0.000	0.048	25.7	58	16.8	26.1	10.42	1.1609	0.00	114	1	100.0	5
26/02/20	10:25 a	31.8	32.1	31.8	74	26.6	2.7	WNW	0.80	4.5	W	31.8	41.4	41.4	48.1	1014.4	0.00	0.0	875	6.27	877	9.3	0.33	9.3	0.000	0.047	25.8	57	16.6	26.1	10.21	1.1608	0.00	114	1	100.0	5
26/02/20	10:30 a	31.9	31.9	31.7	74	26.7	2.2	WNW	0.67	4.0	WNW	31.9	41.7	41.7	48.4	1014.3	0.00	0.0	887	6.36	891	9.4	0.34	9.5	0.000	0.047	25.7	56	16.3	25.9	10.12	1.1614	0.00	114	1	100.0	5
26/02/20	10:35 a	32.1	32.1	31.9	73	26.6	2.7	WNW	0.80	4.5	W	32.1	41.7	41.7	48.3	1014.3	0.00	0.0	890	6.38	895	9.5	0.34	9.5	0.000	0.048	25.8	58	16.9	26.1	10.41	1.1602	0.00	117	1	100.0	5
26/02/20	10:40 a	32.3	32.3	32.1	73	26.8	2.7	NW	0.80	6.3	ENE	32.3	42.4	42.4	49.1	1014.2	0.00	0.0	900	6.45	900	9.7	0.35	9.7	0.000	0.048	25.8	55	16.1	26.1	9.91	1.1611	0.00	116	1	100.0	5
26/02/20	10:45 a	32.1	32.4	32.1	72	26.4	2.2	NW	0.67	5.4	W	32.1	41.6	41.6	48.2	1014.1	0.00	0.0	909	6.52	918	9.8	0.35	9.9	0.000	0.048	25.7	56	16.3	25.9	10.12	1.1611	0.00	114	1	100.0	5
26/02/20	10:50 a	31.8	32.1	31.7	73	26.3	2.7	NW	0.80	4.5	NW	31.8	40.9	40.9	47.6	1014.0	0.00	0.0	922	6.61	928	9.9	0.35	10.0	0.000	0.047	25.8	57	16.6	26.1	10.21	1.1603	0.00	114	1	100.0	5
26/02/20	10:55 a	31.9	31.9	31.8	72	26.3	3.1	NW	0.94	4.9	NW	31.9	41.0	41.0	47.6	1014.0	0.00	0.0	937	6.72	949	9.8	0.35	10.1	0.000	0.047	25.8	55	16.1	26.1	9.91	1.1608	0.00	115	1	100.0	5
26/02/20	11:00 a	32.3	32.3	31.9	71	26.3	2.7	NW	0.80	4.5	NNW	32.3	41.7	41.7	48.1	1013.9	0.00	0.0	911	6.53	960	10.1	0.36	10.3	0.000	0.048	25.8	55	16.1	26.0	9.91	1.1609	0.63	118	1	100.0	5
26/02/20	11:05 a	32.1	32.3	32.1	68	25.5	3.1	NW	0.94	4.9	WNW	32.1	40.1	40.1	46.6	1013.9	0.00	0.0	946	6.78	984	9.9	0.35	10.4	0.000	0.048	25.8	57	16.7	26.2	10.21	1.1599	0.00	116	1	100.0	5
26/02/20	11:10 a	32.4	32.6	32.1	68	25.8	2.7	NW	0.80	4.5	NNW	32.4	41.1	41.1	48.1	1013.8	0.00	0.0	1011	7.25	1032	10.3	0.37	10.5	0.000	0.049	25.8	54	15.8	26.0	9.78	1.1609	0.00	113	1	99.1	5
26/02/20	11:15 a	32.3	32.5	32.3	69	25.9	3.1	NW	0.94	5.4	WNW	32.3	40.9	40.9	47.8	1013.7	0.00	0.0	838	6.01	1072	9.1	0.33	10.8	0.000	0.048	25.8	54	15.8	25.9	9.78	1.1611	0.00	111	1	97.4	5
26/02/20	11:20 a	32.0	32.3	32.0	69	25.6	2.7	NW	0.80	6.3	NNW	32.0	40.1	40.1	46.3	1013.6	0.00	0.0	904	6.48	904	9.6	0.34	10.8	0.000	0.047	25.8	56	16.3	26.1	10.11	1.1603	0.00	111	1	97.4	5
26/02/20	11:25 a	32.5	32.5	32.0	70	26.3	2.7	NNW	0.80	4.9	N	32.5	41.9	41.9	48.4	1013.5	0.00	0.0	947	6.79	947	10.3	0.37	10.7	0.000	0.049	25.8	54	15.8	26.0	9.78	1.1606	0.00	115	1	100.0	5
26/02/20	11:30 a	32.4	32.7	32.4	66	25.2	3.1	NW	0.94	5.4	NW	32.4	40.2	40.2	47.3	1013.3	0.00	0.0	1067	7.65	1078	10.2	0.36	10.8	0.000	0.049	25.8	53	15.5	25.9	9.65	1.1611	0.00	117	1	100.0	5
26/02/20	11:35 a	32.7	32.7	32.3	67	25.7	2.2	NW	0.67	4.5	NW	32.7	41.3	41.3	47.9	1013.2	0.00	0.0	970	6.95	1051	9.6	0.34	10.7	0.000	0.050	25.8	55	16.1	26.1	9.91	1.1599	0.00	115	1	100.0	5
26/02/20	11:40 a	32.6	32.8	32.6	66	25.4	3.1	NW	0.94	4.9	NW	32.6	40.8	40.8	47.3	1013.1	0.00	0.0	985	7.06	1011	10.4	0.37	10.5	0.000	0.050	25.9	53	15.6	26.1	9.65	1.1603	0.00	117	1	100.0	5
26/02/20	11:45 a	32.7	32.7	32.6	67	25.8	2.7	NW	0.80	4.9	NNW	32.7	41.4	41.4	48.2	1013.1	0.00	0.0	991	7.10	993	10.4	0.37	10.5	0.000	0.050	25.8	55	16.1	26.1	9.91	1.1597	0.00	116	1	100.0	5
26/02/20	11:50 a	33.1	33.1	32.7	66	25.9	2.2	NW	0.67	4.9	NW	33.1	42.0	42.0	48.7	1012.9	0.00	0.0	983	7.05	993	10.1	0.36	10.4	0.000	0.051	25.9	54	15.9	26.1	9.78	1.1596	0.00	117	1	100.0	5
26/02/20	11:55 a	32.3	33.0	32.3	68	25.7	3.6	NW	1.07	5.4	WNW	32.3	40.7	40.7	46.8	1012.8	0.00	0.0	959	6.87	984	10.1	0.36	10.2	0.000	0.049	25.9	52	15.3	26.1	9.48	1.1600	0.00	114	1	100.0	5
26/02/20	12:00 p	32.6	32.7	32.3	65	25.2	3.1	NW	0.94	5.4	NNW	32.6	40.4	40.4	46.8	1012.7	0.00	0.0	971	6.96	1013	10.1	0.36	10.2	0.000	0.050	25.8	51	14.9	25.9	9.35	1.1608	0.69	114	1	100.0	5
26/02/20	12:05 p	32.8	32.9	32.5	67	25.9	2.7	NW	0.80	4.9	WNW	32.8	41.8	41.8	48.4	1012.6	0.00	0.0	973	6.97	990	9.8	0.35	10.1	0.000	0.050	25.8	54	15.8	26.0	9.78	1.1595	0.00	117	1	100.0	5
26/02/20	12:10 p	32.8	32.9	32.6	68	26.1	3.1	NW	0.94	4.9	NW	32.8	42.0	42.0	48.3	1012.6	0.00	0.0	944	6.77	974	9.6	0.34	10.0	0.000	0.050	25.9	53	15.6	26.1	9.65	1.1597	0.00	117	1	100.0	5
26/02/20	12:15 p	32.4	32.8	32.4	67	25.5	3.1	NW	0.94	5.8	WNW	32.4	40.7	40.7	47.3	1012.5	0.00	0.0	880	6.31	904	9.3	0.33	9.4	0.000	0.049	25.9	51	15.0	25.9	9.35	1.1603	0.00	116	1	100.0	5
26/02/20	12:20 p	32.7	32.7	32.3	65	25.2	2.7	NW	0.80	4.9	NW	32.7	40.6	40.6	46.8	1012.4	0.00	0.0	912	6.54	932	9.3	0.33	9.4	0.000	0.050	25.9	55	16.2	26.2	9.90	1.1583	0.00	116	1	100.0	5
26/02/20	12:25 p	33.0	33.1	32.7	65	25.5	2.7	NW	0.80	5.4	N	33.0	41.4	41.4	48.3	1012.4	0.00	0.0	857	6.14	872	8.9	0.32	9.0	0.000	0.051	26.0	53	15.7	26.2	9.65	1.1589	0.00	117	1	100.0	5
26/02/20	12:30 p	32.9	33.1	32.9	66	25.7	3.1	NNW	0.94	5.4	NNE	32.9	41.6	41.6	48.3	1012.3	0.00	0.0	853	6.11	868	8.8	0.31	8.9	0.000	0.051	26.0	54	16.0	26.2	9.77	1.1583	0.00	114	1	100.0	5
26/02/20	12:35 p	32.8	32.9	32.7	66	25.6	3.1	NNW	0.94	5.8	NW	32.8	41.2	41.2	48.0	1012.2	0.00	0.0	847	6.07	854	8.6	0.31	8.7	0.000	0.050	26.1	52	15.4	26.2	9.47	1.1587	0.00	112	1	98.2	5
26/02/20	12:40 p	32.8	32.8	32.6	66	25.6	2.7	NW	0.80	4.5	NW	32.8	41.4	41.4	48.3	1012.1	0.00	0.0	841	6.03	854	8.5	0.30	8.6	0.000	0.050	26.0	50	14.8	26.0	9.17	1.1597	0.00	115	1	100.0	5
26/02/20	12:45 p	32.8	32.9	32.8	64	25.1	3.1	NW	0.94	5.8	NNW	32.8	40.5	40.5	47.3	1012.1	0.00	0.0	835	5.98	842	8.4	0.30	8.4	0.000	0.050	26.1	54	16.0	26.3	9.77	1.1578	0.00	116	1	100.0	5
26/02/20	12:50 p	33.2	33.2	32.8	63	25.2	2.7	NNW	0.80	4.5	N	33.2	41.2	41.2	48.1	1012.0	0.00	0.0	829	5.94	844	8.2	0.29	8.4	0.000	0.052	26.1	51	15.2	26.2	9.35	1.1586	0.00	115	1	100.0	5
26/02/20	12:55 p	33.1	33.2	33.0	63	25.1	3.1	NW	0.94	5.4	N	33.1	40.9	40.9	47.6	1011.9	0.00	0.0	835	5.98	856	8.1	0.29	8.2	0.000	0.051	26.1	51	15.1	26.1	9.35	1.1588	0.00	116	1	100.0	5
26/02/20	1:00 p	33.3	33.4	33.1	63	25.3	2.7	NW	0.80	5.8	NW	33.3	41.4	41.4	48.3	1011.8	0.00	0.0	823	5.90	833	7.9	0.28	8.1	0.000	0.052	26.1	52	15.5	26.2	9.47	1.1580	0.66	116	1	100.0	5
26/02/20	1:05 p	32.9	33.3	32.9	63	25.0	3.6	NW	1.07	5.4	NNW	32.9	40.6	40.6	47.1	1011.8	0.00	0.0	807	5.78	844	7.7	0.28	7.9	0.000	0.051	26.1	50	14.8	26.1	9.17	1.1590	0.00	117	1	100.0	5
26/02/20	1:10 p	33.1	33.1	32.9	66	25.9	2.7	NW	0.80	5.8	N	33.1	42.2	42.2	49.1	1011.6	0.00	0.0	807	5.78	823	7.6	0.27	7.7	0.000	0.051	26.0	50	14.8	26.0	9.17	1.1591	0.00	114	1	100.0	5
26/02/20	1:15 p	33.2	33.3	33.1	63	25.2	3.1	NW	0.94	5.4	NNW	33.2	41.2	41.2	47.8	1011.7	0.00	0.0	810	5.81	819	7.4	0.26	7.5	0.000	0.052	26.0	53	15.7	26.2	9.65	1.1580	0.00	114	1	100.0	5
26/02/20	1:20 p	33.2	33.2	33.1	64	25.4	2.7	NNW	0.80	4.9	NNW	33.2	41.6	41.6	48.4	1011.5	0.00	0.0	783	5.61	795	7.1	0.25	7.2	0.000	0.052	26.1	50	14.8	26.1	9.17	1.1587	0.00	114	1	100.0	5
26/02/20	1:25 p	32.9	33.2	32.9	67	25.9	3.1	NNW	0.94	5.4	N	32.9	41.9	41.9	48.7	1011.4	0.00	0.0	763	5.47	786	6.8	0.24	7.0	0.000	0.051	26.0	49	14.5	25.9	8.97	1.1593	0.00	117	1	100.0	5
26/02/20	1:30 p	32.8	32.9	32.7	66	25.6	3.6	NNW	1.07	6.3	N	32.8	41.2	41.2	47.8	1011.6	0.00	0.0	762	5.46	779	6.7	0.24	6.8	0.000	0.050	26.0	52	15.4	26.1	9.47	1.1583	0.00	117	1	100.0	5
26/02/20	1:35 p	32.8	32.8	32.7	69	26.3	2.7	N	0.80	4.9	WNW	32.8	42.4	42.4	49.3	1011.4	0.00	0.0	739	5.30	749	6.4	0.23	6.4	0.000	0.050	26.1	51	15.2	26.2	9.35	1.1579	0.00	117	1	100.0	5
26/02/20	1:40 p	32.7	32.8	32.6	67	25.8	3.6	NNW	1.07	5.8	NNE	32.7	41.4	41.4	48.0	1011.4	0.00	0.0	736	5.28	745	6.2	0.22	6.3	0.000	0.050	26.1	50	14.8	26.1	9.17	1.1586	0.00	117	1	100.0	5
26/02/20	1:45 p	32.5	32.7	32.5	69	26.1	3.1	NW	0.94	5.8	N	32.5	41.6	41.6	48.3	1011.4	0.00	0.0	715	5.12	722	5.9	0.21	6.0	0.000	0.049	26.1	52	15.4	26.2	9.47	1.1578	0.00	116	1	100.0	5
26/02/20	1:50 p	32.5	32.5	32.4	69	26.1	2.7	NNW	0.80	5.8	WNW	32.5	41.6	41.6	48.4	1011.3	0.00	0.0	709	5.08	715	5.7	0.20	5.8	0.000	0.049	26.2	51	15.2	26.2	9.35	1.1575	0.00	114	1	100.0	5
26/02/20	1:55 p	32.2	32.4	32.2	70	26.0	3.6	NW	1.07	6.3	W	32.2	40.9	40.9	47.4	1011.2	0.00	0.0	690	4.95	703	5.5	0.20	5.6	0.000	0.048	26.1	53	15.8	26.3	9.65	1.1569	0.00	115	1	100.0	5
26/02/20	2:00 p	32.2	32.3	32.2	70	26.1	3.1	NW	0.94	4.9	N	32.2	41.1	41.1	47.8	1011.1	0.00	0.0	671	4.81	677	5.3	0.19	5.4	0.000	0.048	26.2	52	15.5	26.3	9.47	1.1569	0.58	116	1	100.0	5
26/02/20	2:05 p	32.2	32.3	32.2	69	25.8	3.1	NW	0.94	5.4	NW	32.2	40.8	40.8	47.4	1011.0	0.00	0.0	660	4.73	664	5.0	0.18	5.1	0.000	0.048	26.2	52	15.6	26.3	9.47	1.1565	0.00	117	1	100.0	5
26/02/20	2:10 p	32.5	32.5	32.3	69	26.1	3.1	NW	0.94	5.4	NE	32.5	41.6	41.6	48.2	1010.9	0.00	0.0	641	4.59	649	4.8	0.17	4.9	0.000	0.049	26.2	52	15.6	26.3	9.47	1.1564	0.00	117	1	100.0	5
26/02/20	2:15 p	32.3	32.5	32.3	71	26.3	3.1	NW	0.94	5.4	N	32.3	41.7	41.7	48.3	1010.9	0.00	0.0	626	4.49	635	4.6	0.16	4.7	0.000	0.048	26.2	51	15.3	26.3	9.35	1.1568	0.00	117	1	100.0	5
26/02/20	2:20 p	32.1	32.3	32.0	70	25.9	3.6	NNW	1.07	5.8	N	32.1	40.6	40.6	46.9	1010.8	0.00	0.0	609	4.37	619	4.3	0.15	4.4	0.000	0.048	26.3	52	15.6	26.4	9.46	1.1559	0.00	116	1	100.0	5
26/02/20	2:25 p	32.0	32.1	31.9	72	26.3	3.1	NNW	0.94	6.7	NNW	32.0	41.2	41.2	47.8	1010.8	0.00	0.0	592	4.24	594	4.1	0.15	4.1	0.000	0.047	26.3	52	15.6	26.4	9.46	1.1560	0.00	112	1	98.2	5
26/02/20	2:30 p	31.9	32.1	31.9	72	26.3	2.7	NNW	0.80	5.4	N	31.9	41.0	41.0	47.7	1010.6	0.00	0.0	575	4.12	584	3.9	0.14	3.9	0.000	0.047	26.2	50	14.9	26.2	9.17	1.1571	0.00	113	1	99.1	5
26/02/20	2:35 p	31.8	32.2	31.8	72	26.2	3.6	NW	1.07	6.3	NNW	31.8	40.7	40.7	46.9	1010.6	0.00	0.0	554	3.97	566	3.6	0.13	3.7	0.000	0.047	26.1	53	15.8	26.3	9.65	1.1562	0.00	116	1	100.0	5
26/02/20	2:40 p	31.5	31.8	31.4	75	26.5	3.6	NW	1.07	6.7	WNW	31.5	40.7	40.7	46.8	1010.5	0.00	0.0	535	3.83	545	3.4	0.12	3.5	0.000	0.046	26.2	52	15.6	26.3	9.47	1.1559	0.00	117	1	100.0	5
26/02/20	2:45 p	31.4	31.6	31.4	74	26.2	3.6	NNW	1.07	6.3	NNW	31.4	40.1	40.1	46.1	1010.4	0.00	0.0	515	3.69	524	3.2	0.11	3.3	0.000	0.045	26.2	51	15.2	26.2	9.35	1.1565	0.00	117	1	100.0	5
26/02/20	2:50 p	31.4	31.4	31.3	75	26.4	3.6	N	1.07	7.2	N	31.4	40.4	40.4	46.4	1010.4	0.00	0.0	498	3.57	506	3.0	0.11	3.1	0.000	0.045	26.1	51	15.2	26.2	9.35	1.1568	0.00	116	1	100.0	5
26/02/20	2:55 p	31.2	31.4	31.2	72	25.6	3.6	NNW	1.07	6.7	NNW	31.2	38.9	38.9	44.8	1010.4	0.00	0.0	483	3.46	489	2.8	0.10	2.9	0.000	0.045	26.1	53	15.8	26.3	9.65	1.1559	0.00	117	1	100.0	5
26/02/20	3:00 p	31.3	31.3	31.2	73	25.9	3.6	NNW	1.07	5.4	NW	31.2	39.4	39.3	45.2	1010.3	0.00	0.0	473	3.39	480	2.6	0.09	2.7	0.000	0.045	26.2	51	15.3	26.3	9.35	1.1561	0.43	115	1	100.0	5
26/02/20	3:05 p	31.5	31.5	31.3	73	26.1	3.6	NNW	1.07	6.3	NNW	31.5	40.1	40.1	45.9	1010.4	0.00	0.0	456	3.27	461	2.4	0.09	2.5	0.000	0.046	26.1	50	14.9	26.1	9.17	1.1571	0.00	111	1	97.4	5
26/02/20	3:10 p	31.2	31.5	31.2	75	26.3	3.6	NNW	1.07	7.6	NNE	31.2	39.9	39.8	45.6	1010.5	0.00	0.0	439	3.15	443	2.2	0.08	2.3	0.000	0.045	26.1	53	15.8	26.3	9.65	1.1561	0.00	116	1	100.0	5
26/02/20	3:15 p	31.2	31.3	31.2	75	26.3	3.6	NNW	1.07	5.8	NW	31.2	39.9	39.8	45.5	1010.4	0.00	0.0	421	3.02	431	2.1	0.07	2.2	0.000	0.045	26.1	51	15.2	26.2	9.35	1.1568	0.00	115	1	100.0	5
26/02/20	3:20 p	31.1	31.3	31.0	73	25.6	4.0	N	1.21	7.2	N	30.9	38.8	38.6	43.9	1010.3	0.00	0.0	401	2.87	410	1.9	0.07	2.0	0.000	0.044	26.1	50	14.9	26.1	9.17	1.1571	0.00	117	1	100.0	5
26/02/20	3:25 p	31.1	31.1	31.0	75	26.2	3.1	NNW	0.94	6.3	NW	31.1	39.6	39.6	45.2	1010.3	0.00	0.0	379	2.72	388	1.7	0.06	1.8	0.000	0.044	26.1	53	15.7	26.2	9.65	1.1561	0.00	117	1	100.0	5
26/02/20	3:30 p	30.8	31.1	30.8	76	26.1	3.6	NW	1.07	6.7	N	30.8	39.1	39.0	44.3	1010.3	0.00	0.0	361	2.59	367	1.6	0.06	1.6	0.000	0.043	26.1	52	15.5	26.2	9.47	1.1562	0.00	116	1	100.0	5
26/02/20	3:35 p	30.6	30.9	30.6	75	25.6	4.5	NNW	1.34	8.0	N	30.2	37.9	37.6	42.3	1010.3	0.00	0.0	341	2.44	352	1.4	0.05	1.5	0.000	0.042	26.1	52	15.5	26.2	9.47	1.1562	0.00	114	1	100.0	5
26/02/20	3:40 p	30.3	30.6	30.3	77	25.8	4.5	NNW	1.34	8.0	N	29.9	37.9	37.5	42.1	1010.3	0.00	0.0	321	2.30	327	1.3	0.05	1.3	0.000	0.042	26.1	52	15.5	26.2	9.47	1.1562	0.00	112	1	98.2	5
26/02/20	3:45 p	30.3	30.4	30.3	77	25.8	4.0	NNW	1.21	7.2	N	30.1	37.7	37.5	42.1	1010.3	0.00	0.0	303	2.17	313	1.2	0.04	1.2	0.000	0.041	26.1	54	16.1	26.3	9.77	1.1555	0.00	115	1	100.0	5
26/02/20	3:50 p	30.2	30.3	30.2	77	25.7	4.5	NNW	1.34	8.0	NNW	29.8	37.4	37.0	41.3	1010.2	0.00	0.0	286	2.05	295	1.0	0.04	1.1	0.000	0.041	26.2	53	15.8	26.3	9.65	1.1554	0.00	117	1	100.0	5
26/02/20	3:55 p	30.2	30.2	30.1	79	26.1	4.0	NNW	1.21	8.0	NNW	29.9	37.9	37.7	41.9	1010.4	0.00	0.0	262	1.88	272	0.9	0.03	0.9	0.000	0.041	26.1	53	15.8	26.3	9.65	1.1560	0.00	115	1	100.0	5
26/02/20	4:00 p	30.1	30.2	30.1	79	26.0	4.0	NNW	1.21	7.6	N	29.8	37.6	37.3	41.4	1010.4	0.00	0.0	245	1.76	253	0.8	0.03	0.8	0.000	0.041	26.1	55	16.4	26.4	9.89	1.1552	0.30	117	1	100.0	5
26/02/20	4:05 p	29.9	30.1	29.9	80	26.1	3.6	NNW	1.07	7.2	ENE	29.8	37.6	37.4	41.4	1010.4	0.00	0.0	222	1.59	230	0.7	0.03	0.7	0.000	0.040	26.1	52	15.5	26.2	9.47	1.1564	0.00	117	1	100.0	5
26/02/20	4:10 p	29.8	29.9	29.8	81	26.2	3.6	NNW	1.07	6.7	NNW	29.7	37.6	37.4	41.2	1010.6	0.00	0.0	202	1.45	211	0.6	0.02	0.6	0.000	0.040	26.1	55	16.4	26.4	9.89	1.1554	0.00	116	1	100.0	5
26/02/20	4:15 p	29.7	29.8	29.7	80	25.9	4.0	NNW	1.21	6.7	NNW	29.4	36.9	36.7	40.0	1010.6	0.00	0.0	186	1.33	192	0.5	0.02	0.5	0.000	0.040	26.1	53	15.8	26.3	9.65	1.1562	0.00	113	1	99.1	5
26/02/20	4:20 p	29.6	29.7	29.6	81	25.9	4.5	NNW	1.34	7.6	N	29.1	36.7	36.2	39.1	1010.7	0.00	0.0	162	1.16	167	0.1	0.00	0.5	0.000	0.039	26.1	54	16.0	26.3	9.77	1.1562	0.00	115	1	100.0	5
26/02/20	4:25 p	29.4	29.6	29.4	82	26.0	4.5	NNW	1.34	6.3	NNE	28.9	36.5	36.0	38.7	1010.8	0.00	0.0	144	1.03	153	0.0	0.00	0.0	0.000	0.038	26.1	54	16.1	26.3	9.77	1.1560	0.00	117	1	100.0	5
26/02/20	4:30 p	29.2	29.4	29.2	83	26.0	4.0	NNW	1.21	7.2	NNE	28.9	36.3	35.9	38.2	1010.7	0.00	0.0	116	0.83	132	0.0	0.00	0.0	0.000	0.038	26.1	53	15.7	26.2	9.65	1.1566	0.00	118	1	100.0	5
26/02/20	4:35 p	29.1	29.2	29.1	84	26.1	3.6	NNW	1.07	6.3	NNW	28.9	36.2	36.1	37.4	1010.8	0.00	0.0	69	0.49	84	0.0	0.00	0.0	0.000	0.037	26.1	57	16.9	26.4	10.19	1.1552	0.00	115	1	100.0	5
26/02/20	4:40 p	28.9	29.1	28.9	84	26.0	3.1	NNW	0.94	6.3	N	28.9	35.7	35.7	37.1	1010.8	0.00	0.0	64	0.46	72	0.0	0.00	0.0	0.000	0.037	26.1	57	16.9	26.4	10.19	1.1551	0.00	117	1	100.0	5
26/02/20	4:45 p	28.9	28.9	28.9	84	25.9	3.1	NNW	0.94	6.3	NW	28.9	35.6	35.6	36.4	1010.8	0.00	0.0	43	0.31	54	0.0	0.00	0.0	0.000	0.037	26.1	60	17.7	26.6	10.79	1.1537	0.00	115	1	100.0	5
26/02/20	4:50 p	28.8	28.9	28.8	84	25.8	4.0	NW	1.21	7.6	N	28.4	35.2	34.8	35.3	1010.8	0.00	0.0	31	0.22	35	0.0	0.00	0.0	0.000	0.036	26.2	58	17.3	26.7	10.38	1.1539	0.00	114	1	100.0	5
26/02/20	4:55 p	28.7	28.8	28.7	85	25.9	3.6	N	1.07	6.3	NNW	28.5	35.1	34.9	35.3	1010.8	0.00	0.0	27	0.19	28	0.0	0.00	0.0	0.000	0.036	26.2	59	17.6	26.7	10.58	1.1535	0.00	117	1	100.0	5
26/02/20	5:00 p	28.5	28.6	28.5	86	25.9	4.0	NNW	1.21	8.5	N	28.1	34.8	34.4	34.2	1010.9	0.00	0.0	24	0.17	26	0.0	0.00	0.0	0.000	0.035	26.2	62	18.4	26.9	11.17	1.1525	0.10	116	1	100.0	5
26/02/20	5:05 p	28.4	28.5	28.4	86	25.9	4.0	N	1.21	8.0	N	28.0	34.7	34.2	33.9	1011.0	0.00	0.0	18	0.13	21	0.0	0.00	0.0	0.000	0.035	26.2	58	17.3	26.7	10.38	1.1542	0.00	116	1	100.0	5
26/02/20	5:10 p	28.3	28.4	28.3	86	25.8	3.6	N	1.07	6.3	NNE	28.2	34.3	34.2	33.8	1011.1	0.00	0.0	12	0.09	14	0.0	0.00	0.0	0.000	0.035	26.2	60	17.8	26.7	10.79	1.1537	0.00	116	1	100.0	5
26/02/20	5:15 p	28.2	28.3	28.2	86	25.7	3.6	N	1.07	6.3	NNE	28.1	34.1	33.9	33.4	1011.1	0.00	0.0	7	0.05	9	0.0	0.00	0.0	0.000	0.034	26.2	62	18.4	26.9	11.17	1.1527	0.00	117	1	100.0	5
26/02/20	5:20 p	28.2	28.2	28.1	86	25.6	4.0	NNW	1.21	8.0	NNW	27.7	33.9	33.4	32.9	1011.3	0.00	0.0	2	0.01	5	0.0	0.00	0.0	0.000	0.034	26.2	59	17.6	26.7	10.58	1.1541	0.00	115	1	100.0	5
26/02/20	5:25 p	28.1	28.2	28.1	86	25.5	4.5	NNW	1.34	8.5	NNW	27.3	33.6	32.9	32.3	1011.4	0.00	0.0	0	0.00	0	0.0	0.00	0.0	0.000	0.034	26.2	60	17.8	26.7	10.79	1.1541	0.00	112	1	98.2	5
26/02/20	5:30 p	28.1	28.1	28.1	87	25.7	3.6	NNW	1.07	6.3	NNW	27.9	33.8	33.6	33.1	1011.6	0.00	0.0	0	0.00	0	0.0	0.00	0.0	0.000	0.034	26.3	63	18.7	27.2	11.36	1.1522	0.00	115	1	100.0	5
26/02/20	5:35 p	28.1	28.1	28.0	87	25.7	3.1	N	0.94	5.4	NNE	28.1	33.8	33.8	33.2	1011.6	0.00	0.0	0	0.00	0	0.0	0.00	0.0	0.000	0.034	26.4	65	19.3	27.6	11.76	1.1508	0.00	118	1	100.0	5
26/02/20	5:40 p	27.9	28.1	27.9	87	25.6	3.1	N	0.94	5.8	NNW	27.9	33.5	33.5	32.9	1011.7	0.00	0.0	0	0.00	0	0.0	0.00	0.0	0.000	0.033	26.6	66	19.7	27.8	11.95	1.1500	0.00	116	1	100.0	5
26/02/20	5:45 p	27.8	27.9	27.8	87	25.5	3.1	N	0.94	5.4	NNW	27.8	33.2	33.2	32.6	1011.7	0.00	0.0	0	0.00	0	0.0	0.00	0.0	0.000	0.033	26.7	67	20.1	28.2	12.15	1.1486	0.00	116	1	100.0	5
26/02/20	5:50 p	27.8	27.8	27.8	87	25.4	3.1	N	0.94	6.3	N	27.8	33.1	33.1	32.4	1011.8	0.00	0.0	0	0.00	0	0.0	0.00	0.0	0.000	0.033	26.8	68	20.4	28.4	12.34	1.1478	0.00	116	1	100.0	5
26/02/20	5:55 p	27.7	27.8	27.7	87	25.4	3.6	N	1.07	6.3	N	27.6	32.9	32.7	32.2	1012.0	0.00	0.0	0	0.00	0	0.0	0.00	0.0	0.000	0.033	27.0	69	20.8	28.9	12.53	1.1467	0.00	114	1	100.0	5
26/02/20	6:00 p	27.7	27.8	27.7	87	25.4	2.2	N	0.67	4.9	NW	27.7	32.9	32.9	32.3	1012.1	0.00	0.0	0	0.00	0	0.0	0.00	0.0	0.000	0.033	27.1	69	20.9	28.9	12.52	1.1465	0.03	114	1	100.0	5
26/02/20	6:05 p	27.7	27.7	27.7	87	25.3	2.7	NNE	0.80	4.5	N	27.7	32.7	32.7	32.1	1012.2	0.00	0.0	0	0.00	0	0.0	0.00	0.0	0.000	0.032	27.2	69	21.0	29.3	12.51	1.1456	0.00	117	1	100.0	5
26/02/20	6:10 p	27.6	27.7	27.6	87	25.3	3.1	NNE	0.94	5.4	N	27.6	32.6	32.6	32.0	1012.2	0.00	0.0	0	0.00	0	0.0	0.00	0.0	0.000	0.032	27.3	70	21.4	29.6	12.78	1.1446	0.00	117	1	100.0	5
26/02/20	6:15 p	27.6	27.6	27.6	87	25.3	2.2	NNE	0.67	4.9	NE	27.6	32.6	32.6	32.0	1012.3	0.00	0.0	0	0.00	0	0.0	0.00	0.0	0.000	0.032	27.4	70	21.4	29.7	12.77	1.1444	0.00	117	1	100.0	5
26/02/20	6:20 p	27.6	27.6	27.5	87	25.2	2.2	NNE	0.67	4.0	NE	27.6	32.4	32.4	31.8	1012.2	0.00	0.0	0	0.00	0	0.0	0.00	0.0	0.000	0.032	27.4	70	21.4	29.7	12.77	1.1443	0.00	116	1	100.0	5
26/02/20	6:25 p	27.5	27.6	27.5	87	25.1	2.7	NNE	0.80	4.9	NNE	27.5	32.3	32.3	31.7	1012.3	0.00	0.0	0	0.00	0	0.0	0.00	0.0	0.000	0.032	27.5	70	21.5	29.9	12.76	1.1438	0.00	115	1	100.0	5
26/02/20	6:30 p	27.5	27.6	27.5	87	25.1	2.2	NNE	0.67	4.9	NNE	27.5	32.3	32.3	31.7	1012.3	0.00	0.0	0	0.00	0	0.0	0.00	0.0	0.000	0.032	27.6	70	21.6	30.0	12.75	1.1435	0.00	115	1	100.0	5
26/02/20	6:35 p	27.5	27.5	27.5	87	25.1	2.2	NNE	0.67	4.5	NE	27.5	32.3	32.3	31.7	1012.5	0.00	0.0	0	0.00	0	0.0	0.00	0.0	0.000	0.032	27.6	70	21.6	30.0	12.75	1.1438	0.00	116	1	100.0	5
26/02/20	6:40 p	27.5	27.5	27.4	87	25.1	1.8	NNE	0.54	3.6	ENE	27.5	32.3	32.3	31.7	1012.6	0.00	0.0	0	0.00	0	0.0	0.00	0.0	0.000	0.032	27.6	70	21.6	30.1	12.75	1.1435	0.00	118	1	100.0	5
26/02/20	6:45 p	27.5	27.5	27.4	87	25.1	1.8	NE	0.54	3.6	NNE	27.5	32.3	32.3	31.7	1012.6	0.00	0.0	0	0.00	0	0.0	0.00	0.0	0.000	0.032	27.6	70	21.6	30.1	12.75	1.1436	0.00	117	1	100.0	5
26/02/20	6:50 p	27.4	27.5	27.4	87	25.1	1.8	NE	0.54	3.1	NNE	27.4	32.2	32.2	31.6	1012.7	0.00	0.0	0	0.00	0	0.0	0.00	0.0	0.000	0.032	27.7	71	21.9	30.3	12.98	1.1429	0.00	117	1	100.0	5
26/02/20	6:55 p	27.4	27.4	27.4	87	25.0	1.8	NE	0.54	4.0	NE	27.4	32.0	32.0	31.4	1012.8	0.00	0.0	0	0.00	0	0.0	0.00	0.0	0.000	0.031	27.7	71	22.0	30.4	12.97	1.1427	0.00	117	1	100.0	5
26/02/20	7:00 p	27.3	27.4	27.3	87	25.0	1.8	NE	0.54	3.1	ENE	27.3	31.9	31.9	31.3	1012.8	0.00	0.0	0	0.00	0	0.0	0.00	0.0	0.000	0.031	27.7	71	22.0	30.4	12.97	1.1428	0.03	114	1	100.0	5
26/02/20	7:05 p	27.3	27.3	27.3	87	24.9	1.3	NE	0.40	2.7	NE	27.3	31.7	31.7	31.1	1012.9	0.00	0.0	0	0.00	0	0.0	0.00	0.0	0.000	0.031	27.8	71	22.0	30.6	12.97	1.1426	0.00	114	1	100.0	5
26/02/20	7:10 p	27.3	27.3	27.2	88	25.1	1.3	NE	0.40	2.2	N	27.3	31.8	31.8	31.2	1013.0	0.00	0.0	0	0.00	0	0.0	0.00	0.0	0.000	0.031	27.8	71	22.0	30.6	12.97	1.1426	0.00	117	1	100.0	5
26/02/20	7:15 p	27.2	27.3	27.2	88	25.1	1.3	NE	0.40	2.2	NE	27.2	31.7	31.7	31.1	1013.1	0.00	0.0	0	0.00	0	0.0	0.00	0.0	0.000	0.031	27.8	71	22.0	30.6	12.97	1.1428	0.00	116	1	100.0	5
26/02/20	7:20 p	27.2	27.2	27.2	88	25.0	1.3	NE	0.40	2.2	NE	27.2	31.6	31.6	30.9	1013.4	0.00	0.0	0	0.00	0	0.0	0.00	0.0	0.000	0.031	27.8	71	22.1	30.7	12.97	1.1428	0.00	117	1	100.0	5
26/02/20	7:25 p	27.1	27.2	27.1	88	25.0	0.9	NE	0.27	2.2	NE	27.1	31.4	31.4	30.8	1013.5	0.00	0.0	0	0.00	0	0.0	0.00	0.0	0.000	0.030	27.8	71	22.1	30.7	12.97	1.1430	0.00	117	1	100.0	5
26/02/20	7:30 p	27.1	27.1	27.1	88	24.9	1.3	NE	0.40	3.1	NNE	27.1	31.3	31.3	30.7	1013.7	0.00	0.0	0	0.00	0	0.0	0.00	0.0	0.000	0.030	27.9	71	22.1	30.8	12.96	1.1429	0.00	116	1	100.0	5
26/02/20	7:35 p	27.0	27.1	27.0	88	24.8	0.9	NE	0.27	1.8	NE	27.0	31.2	31.2	30.6	1013.8	0.00	0.0	0	0.00	0	0.0	0.00	0.0	0.000	0.030	27.9	71	22.1	30.8	12.96	1.1430	0.00	114	1	100.0	5
26/02/20	7:40 p	27.0	27.1	27.0	89	25.0	1.3	NNE	0.40	1.8	N	27.0	31.3	31.3	30.7	1013.9	0.00	0.0	0	0.00	0	0.0	0.00	0.0	0.000	0.030	27.9	70	22.0	30.7	12.71	1.1432	0.00	116	1	100.0	5
26/02/20	7:45 p	27.0	27.0	27.0	89	25.0	0.9	NE	0.27	2.2	NE	27.0	31.3	31.3	30.7	1013.9	0.00	0.0	0	0.00	0	0.0	0.00	0.0	0.000	0.030	27.9	70	22.0	30.7	12.71	1.1432	0.00	118	1	100.0	5
26/02/20	7:50 p	26.9	27.0	26.9	89	24.9	0.9	NNE	0.27	2.2	NNE	26.9	31.0	31.0	30.4	1014.0	0.00	0.0	0	0.00	0	0.0	0.00	0.0	0.000	0.030	28.0	70	22.0	30.8	12.71	1.1430	0.00	117	1	100.0	5
26/02/20	7:55 p	26.9	26.9	26.8	89	24.9	0.9	NNE	0.27	1.8	NE	26.9	31.0	31.0	30.4	1014.0	0.00	0.0	0	0.00	0	0.0	0.00	0.0	0.000	0.030	28.0	70	22.0	30.8	12.71	1.1430	0.00	117	1	100.0	5
26/02/20	8:00 p	26.9	26.9	26.9	89	25.0	0.9	NE	0.27	2.2	NNE	26.9	31.2	31.2	30.6	1014.1	0.00	0.0	0	0.00	0	0.0	0.00	0.0	0.000	0.030	28.0	70	22.0	30.8	12.71	1.1432	0.03	117	1	100.0	5
26/02/20	8:05 p	26.9	26.9	26.9	89	24.9	1.3	NNE	0.40	2.2	NNE	26.9	31.0	31.0	30.4	1014.2	0.00	0.0	0	0.00	0	0.0	0.00	0.0	0.000	0.030	28.0	70	22.0	30.8	12.71	1.1432	0.00	115	1	100.0	5
26/02/20	8:10 p	26.8	26.9	26.8	90	25.1	1.3	NNE	0.40	2.2	NNE	26.8	31.0	31.0	30.4	1014.2	0.00	0.0	0	0.00	0	0.0	0.00	0.0	0.000	0.030	28.0	70	22.0	30.8	12.71	1.1433	0.00	114	1	100.0	5
26/02/20	8:15 p	26.9	26.9	26.8	90	25.1	1.3	NE	0.40	2.2	NE	26.9	31.1	31.1	30.5	1014.3	0.00	0.0	0	0.00	0	0.0	0.00	0.0	0.000	0.030	28.0	70	22.0	30.8	12.71	1.1434	0.00	117	1	100.0	5
26/02/20	8:20 p	26.9	26.9	26.8	90	25.1	1.8	NE	0.54	3.1	NE	26.9	31.1	31.1	30.5	1014.4	0.00	0.0	0	0.00	0	0.0	0.00	0.0	0.000	0.030	28.0	70	22.0	30.8	12.71	1.1435	0.00	117	1	100.0	5
26/02/20	8:25 p	26.9	26.9	26.8	90	25.1	1.3	NE	0.40	2.7	NE	26.9	31.1	31.1	30.5	1014.3	0.00	0.0	0	0.00	0	0.0	0.00	0.0	0.000	0.030	28.1	70	22.1	30.9	12.70	1.1430	0.00	117	1	100.0	5
26/02/20	8:30 p	26.8	26.9	26.8	90	25.1	1.3	NE	0.40	2.2	NE	26.8	31.0	31.0	30.4	1014.3	0.00	0.0	0	0.00	0	0.0	0.00	0.0	0.000	0.030	28.1	70	22.1	30.9	12.70	1.1430	0.00	117	1	100.0	5
26/02/20	8:35 p	26.8	26.9	26.8	90	25.0	1.3	NE	0.40	2.2	NE	26.8	30.8	30.8	30.2	1014.3	0.00	0.0	0	0.00	0	0.0	0.00	0.0	0.000	0.029	28.1	70	22.1	30.9	12.70	1.1430	0.00	116	1	100.0	5
26/02/20	8:40 p	26.8	26.8	26.8	90	25.1	1.3	NE	0.40	2.2	NNE	26.8	31.0	31.0	30.4	1014.3	0.00	0.0	0	0.00	0	0.0	0.00	0.0	0.000	0.030	28.1	70	22.1	31.1	12.69	1.1428	0.00	114	1	100.0	5
26/02/20	8:45 p	26.8	26.8	26.8	90	25.1	1.8	NE	0.54	3.1	NE	26.8	31.0	31.0	30.4	1014.3	0.00	0.0	0	0.00	0	0.0	0.00	0.0	0.000	0.030	28.1	69	21.9	30.9	12.45	1.1432	0.00	114	1	100.0	5
26/02/20	8:50 p	26.8	26.8	26.8	91	25.2	0.9	NNE	0.27	3.1	NE	26.8	31.2	31.2	30.6	1014.3	0.00	0.0	0	0.00	0	0.0	0.00	0.0	0.000	0.030	28.1	70	22.1	31.1	12.69	1.1427	0.00	118	1	100.0	5
26/02/20	8:55 p	26.8	26.8	26.8	90	25.0	0.9	NE	0.27	1.8	NE	26.8	30.8	30.8	30.2	1014.4	0.00	0.0	0	0.00	0	0.0	0.00	0.0	0.000	0.029	28.1	69	21.9	30.9	12.45	1.1433	0.00	117	1	100.0	5
26/02/20	9:00 p	26.8	26.8	26.7	91	25.2	0.9	NE	0.27	1.8	NE	26.8	31.0	31.0	30.4	1014.4	0.00	0.0	0	0.00	0	0.0	0.00	0.0	0.000	0.029	28.1	70	22.1	31.1	12.69	1.1428	0.03	117	1	100.0	5
26/02/20	9:05 p	26.7	26.8	26.7	91	25.1	0.9	N	0.27	1.3	N	26.7	30.9	30.9	30.3	1014.3	0.00	0.0	0	0.00	0	0.0	0.00	0.0	0.000	0.029	28.1	69	21.9	30.9	12.45	1.1432	0.00	117	1	100.0	5
26/02/20	9:10 p	26.6	26.7	26.6	91	25.0	0.9	NNE	0.27	1.8	NNE	26.6	30.6	30.6	30.0	1014.4	0.00	0.0	0	0.00	0	0.0	0.00	0.0	0.000	0.029	28.1	69	21.9	30.9	12.45	1.1433	0.00	115	1	100.0	5
26/02/20	9:15 p	26.6	26.7	26.6	91	25.0	0.9	NNE	0.27	1.8	NE	26.6	30.6	30.6	30.0	1014.5	0.00	0.0	0	0.00	0	0.0	0.00	0.0	0.000	0.029	28.1	69	21.9	30.9	12.45	1.1435	0.00	114	1	100.0	5
26/02/20	9:20 p	26.6	26.7	26.6	92	25.2	1.3	NE	0.40	2.7	NNE	26.6	30.8	30.8	30.2	1014.5	0.00	0.0	0	0.00	0	0.0	0.00	0.0	0.000	0.029	28.1	69	21.9	30.9	12.45	1.1435	0.00	117	1	100.0	5
26/02/20	9:25 p	26.7	26.7	26.6	92	25.3	1.8	NE	0.54	4.0	NNE	26.7	30.9	30.9	30.3	1014.5	0.00	0.0	0	0.00	0	0.0	0.00	0.0	0.000	0.029	28.2	69	21.9	31.0	12.44	1.1432	0.00	117	1	100.0	5
26/02/20	9:30 p	26.6	26.7	26.6	92	25.2	1.8	NE	0.54	2.7	ENE	26.6	30.8	30.8	30.2	1014.5	0.00	0.0	0	0.00	0	0.0	0.00	0.0	0.000	0.029	28.1	70	22.1	31.1	12.69	1.1429	0.00	116	1	100.0	5
26/02/20	9:35 p	26.7	26.7	26.6	92	25.3	1.3	NNE	0.40	2.7	NNE	26.7	30.9	30.9	30.3	1014.6	0.00	0.0	0	0.00	0	0.0	0.00	0.0	0.000	0.029	28.1	70	22.1	31.1	12.69	1.1431	0.00	117	1	100.0	5
26/02/20	9:40 p	26.7	26.7	26.6	92	25.3	1.3	NE	0.40	2.2	NE	26.7	31.1	31.1	30.4	1014.6	0.00	0.0	0	0.00	0	0.0	0.00	0.0	0.000	0.029	28.2	70	22.2	31.2	12.69	1.1428	0.00	117	1	100.0	5
26/02/20	9:45 p	26.7	26.7	26.7	92	25.3	1.3	NE	0.40	3.1	NE	26.7	31.1	31.1	30.4	1014.6	0.00	0.0	0	0.00	0	0.0	0.00	0.0	0.000	0.029	28.1	70	22.1	31.1	12.69	1.1431	0.00	113	1	99.1	5
26/02/20	9:50 p	26.7	26.7	26.7	92	25.3	1.3	NNE	0.40	2.2	NE	26.7	30.9	30.9	30.3	1014.5	0.00	0.0	0	0.00	0	0.0	0.00	0.0	0.000	0.029	28.2	70	22.2	31.2	12.69	1.1427	0.00	113	1	99.1	5
26/02/20	9:55 p	26.7	26.7	26.6	92	25.3	1.3	NE	0.40	2.2	NNE	26.7	30.9	30.9	30.3	1014.4	0.00	0.0	0	0.00	0	0.0	0.00	0.0	0.000	0.029	28.1	70	22.1	31.1	12.69	1.1429	0.00	118	1	100.0	5
26/02/20	10:00 p	26.7	26.7	26.7	92	25.3	1.8	NE	0.54	3.1	N	26.7	30.9	30.9	30.3	1014.4	0.00	0.0	0	0.00	0	0.0	0.00	0.0	0.000	0.029	28.2	70	22.2	31.2	12.69	1.1426	0.03	117	1	100.0	5
26/02/20	10:05 p	26.7	26.7	26.6	91	25.1	1.8	NE	0.54	3.6	NE	26.7	30.7	30.7	30.1	1014.5	0.00	0.0	0	0.00	0	0.0	0.00	0.0	0.000	0.029	28.2	70	22.2	31.2	12.69	1.1426	0.00	116	1	100.0	5
26/02/20	10:10 p	26.7	26.7	26.6	91	25.1	1.3	NE	0.40	2.7	NE	26.7	30.7	30.7	30.1	1014.6	0.00	0.0	0	0.00	0	0.0	0.00	0.0	0.000	0.029	28.2	70	22.2	31.2	12.69	1.1428	0.00	116	1	100.0	5
26/02/20	10:15 p	26.7	26.7	26.7	91	25.1	0.9	NE	0.27	1.8	NNE	26.7	30.9	30.9	30.3	1014.5	0.00	0.0	0	0.00	0	0.0	0.00	0.0	0.000	0.029	28.1	70	22.1	31.1	12.69	1.1430	0.00	116	1	100.0	5
26/02/20	10:20 p	26.7	26.7	26.7	91	25.1	1.3	NNE	0.40	2.7	NNE	26.7	30.7	30.7	30.1	1014.5	0.00	0.0	0	0.00	0	0.0	0.00	0.0	0.000	0.029	28.2	70	22.2	31.2	12.69	1.1426	0.00	113	1	99.1	5
26/02/20	10:25 p	26.7	26.7	26.6	91	25.1	1.3	N	0.40	2.2	NNE	26.7	30.7	30.7	30.1	1014.5	0.00	0.0	0	0.00	0	0.0	0.00	0.0	0.000	0.029	28.2	70	22.2	31.2	12.69	1.1427	0.00	116	1	100.0	5
26/02/20	10:30 p	26.6	26.7	26.6	91	25.0	1.3	NE	0.40	2.2	NE	26.6	30.6	30.6	30.0	1014.5	0.00	0.0	0	0.00	0	0.0	0.00	0.0	0.000	0.029	28.2	70	22.2	31.2	12.69	1.1426	0.00	115	1	100.0	5
26/02/20	10:35 p	26.6	26.6	26.6	91	25.0	1.3	NNE	0.40	2.7	N	26.6	30.6	30.6	30.0	1014.3	0.00	0.0	0	0.00	0	0.0	0.00	0.0	0.000	0.029	28.2	70	22.2	31.2	12.69	1.1425	0.00	117	1	100.0	5
26/02/20	10:40 p	26.6	26.6	26.6	91	25.0	0.9	NNE	0.27	2.7	NE	26.6	30.6	30.6	30.0	1014.3	0.00	0.0	0	0.00	0	0.0	0.00	0.0	0.000	0.029	28.2	70	22.2	31.2	12.69	1.1424	0.00	117	1	100.0	5
26/02/20	10:45 p	26.6	26.6	26.5	91	25.0	0.9	NNE	0.27	2.2	N	26.6	30.4	30.4	29.8	1014.3	0.00	0.0	0	0.00	0	0.0	0.00	0.0	0.000	0.029	28.2	70	22.2	31.2	12.69	1.1425	0.00	117	1	100.0	5
26/02/20	10:50 p	26.6	26.6	26.5	91	25.0	0.4	NE	0.13	1.8	NNE	26.6	30.4	30.4	29.8	1014.3	0.00	0.0	0	0.00	0	0.0	0.00	0.0	0.000	0.029	28.2	70	22.2	31.2	12.69	1.1424	0.00	114	1	100.0	5
26/02/20	10:55 p	26.5	26.6	26.5	91	24.9	0.9	NE	0.27	1.8	N	26.5	30.3	30.3	29.7	1014.5	0.00	0.0	0	0.00	0	0.0	0.00	0.0	0.000	0.028	28.2	70	22.2	31.2	12.69	1.1427	0.00	115	1	100.0	5
26/02/20	11:00 p	26.6	26.6	26.5	91	25.0	0.9	NE	0.27	2.2	N	26.6	30.4	30.4	29.8	1014.4	0.00	0.0	0	0.00	0	0.0	0.00	0.0	0.000	0.029	28.2	70	22.2	31.2	12.69	1.1426	0.03	118	1	100.0	5
26/02/20	11:05 p	26.6	26.6	26.6	91	25.0	0.4	NE	0.13	1.3	NE	26.6	30.6	30.6	30.0	1014.4	0.00	0.0	0	0.00	0	0.0	0.00	0.0	0.000	0.029	28.2	70	22.2	31.2	12.69	1.1426	0.00	117	1	100.0	5
26/02/20	11:10 p	26.6	26.7	26.6	91	25.0	0.4	NE	0.13	0.9	NE	26.6	30.6	30.6	30.0	1014.5	0.00	0.0	0	0.00	0	0.0	0.00	0.0	0.000	0.029	28.2	70	22.2	31.2	12.69	1.1426	0.00	115	1	100.0	5
26/02/20	11:15 p	26.7	26.7	26.6	91	25.1	0.4	NE	0.13	0.9	NE	26.7	30.7	30.7	30.1	1014.5	0.00	0.0	0	0.00	0	0.0	0.00	0.0	0.000	0.029	28.2	70	22.2	31.2	12.69	1.1427	0.00	116	1	100.0	5
26/02/20	11:20 p	26.7	26.7	26.7	91	25.1	0.0	NE	0.00	0.4	NE	26.7	30.9	30.9	30.3	1014.5	0.00	0.0	0	0.00	0	0.0	0.00	0.0	0.000	0.029	28.2	70	22.2	31.2	12.69	1.1427	0.00	117	1	100.0	5
26/02/20	11:25 p	26.8	26.8	26.7	90	25.0	0.0	NE	0.00	0.9	NE	26.8	30.8	30.8	30.2	1014.4	0.00	0.0	0	0.00	0	0.0	0.00	0.0	0.000	0.029	28.2	69	21.9	31.0	12.44	1.1430	0.00	113	1	99.1	5
26/02/20	11:30 p	26.8	26.8	26.8	90	25.1	0.4	NE	0.13	0.9	NE	26.8	31.0	31.0	30.4	1014.4	0.00	0.0	0	0.00	0	0.0	0.00	0.0	0.000	0.030	28.2	69	21.9	31.0	12.44	1.1430	0.00	114	1	100.0	5
26/02/20	11:35 p	26.8	26.8	26.7	90	25.0	0.0	NE	0.00	0.9	NE	26.8	30.8	30.8	30.2	1014.2	0.00	0.0	0	0.00	0	0.0	0.00	0.0	0.000	0.029	28.2	69	21.9	31.0	12.44	1.1428	0.00	115	1	100.0	5
26/02/20	11:40 p	26.8	26.8	26.7	91	25.2	0.4	NE	0.13	0.9	NE	26.8	31.0	31.0	30.4	1014.2	0.00	0.0	0	0.00	0	0.0	0.00	0.0	0.000	0.029	28.2	69	21.9	31.0	12.44	1.1428	0.00	115	1	100.0	5
26/02/20	11:45 p	26.7	26.8	26.7	90	24.9	0.0	NE	0.00	0.4	NE	26.7	30.7	30.7	30.1	1014.2	0.00	0.0	0	0.00	0	0.0	0.00	0.0	0.000	0.029	28.2	69	21.9	31.0	12.44	1.1428	0.00	117	1	100.0	5
26/02/20	11:50 p	26.7	26.8	26.7	91	25.1	0.0	NE	0.00	0.9	NE	26.7	30.9	30.9	30.3	1014.1	0.00	0.0	0	0.00	0	0.0	0.00	0.0	0.000	0.029	28.2	69	21.9	31.0	12.44	1.1426	0.00	117	1	100.0	5
26/02/20	11:55 p	26.7	26.7	26.7	91	25.1	0.4	NE	0.13	0.9	NE	26.7	30.9	30.9	30.3	1014.1	0.00	0.0	0	0.00	0	0.0	0.00	0.0	0.000	0.029	28.2	69	21.9	31.0	12.44	1.1426	0.00	115	1	100.0	5
