		Temp	Hi	Low	Out	Dew	Wind	Wind	Wind	Hi	Hi	Wind	Heat	THW	THSW			Rain	Solar	Solar	Hi Solar	UV 	UV 	Hi 	Heat	Cool	In 	In	In 	In 	In 	In Air		Wind	Wind	ISS 	Arc.
Date	Time	Out	Temp	Temp	Hum	Pt.	Speed	Dir	Run	Speed	Dir	Chill	Index	Index	Index	Bar  	Rain	Rate	Rad.	Energy	Rad. 	Index	Dose	UV 	D-D 	D-D 	Temp	Hum	Dew	Heat	EMC	Density	ET 	Samp	Tx 	Recept	Int.
25/02/20	12:00 a	25.4	25.4	25.4	91	23.8	0.4	NE	0.13	1.3	ENE	25.4	27.8	27.8	27.2	1012.4	0.00	0.0	0	0.00	0	0.0	0.00	0.0	0.000	0.024	27.4	68	21.0	29.5	12.32	1.1451	0.03	114	1	100.0	5
25/02/20	12:05 a	25.3	25.4	25.3	91	23.8	0.4	NNE	0.13	1.3	NE	25.3	27.7	27.7	27.1	1012.3	0.00	0.0	0	0.00	0	0.0	0.00	0.0	0.000	0.024	27.4	68	21.0	29.5	12.32	1.1450	0.00	115	1	100.0	5
25/02/20	12:10 a	25.3	25.3	25.3	91	23.7	0.4	NNE	0.13	1.3	NNE	25.3	27.7	27.7	27.0	1012.2	0.00	0.0	0	0.00	0	0.0	0.00	0.0	0.000	0.024	27.4	68	21.0	29.5	12.32	1.1448	0.00	117	1	100.0	5
25/02/20	12:15 a	25.2	25.3	25.2	91	23.6	0.4	NNE	0.13	1.3	NE	25.2	27.4	27.4	26.8	1012.1	0.00	0.0	0	0.00	0	0.0	0.00	0.0	0.000	0.024	27.4	68	21.0	29.5	12.32	1.1447	0.00	116	1	100.0	5
25/02/20	12:20 a	25.2	25.2	25.2	92	23.8	0.4	NE	0.13	1.3	NE	25.2	27.6	27.6	26.9	1012.0	0.00	0.0	0	0.00	0	0.0	0.00	0.0	0.000	0.024	27.5	68	21.1	29.6	12.32	1.1444	0.00	117	1	100.0	5
25/02/20	12:25 a	25.2	25.2	25.2	91	23.6	0.4	ENE	0.13	1.3	ENE	25.2	27.4	27.4	26.8	1012.0	0.00	0.0	0	0.00	0	0.0	0.00	0.0	0.000	0.024	27.4	68	21.0	29.5	12.32	1.1446	0.00	117	1	100.0	5
25/02/20	12:30 a	25.2	25.2	25.2	92	23.8	0.9	ENE	0.27	1.3	ENE	25.2	27.6	27.6	26.9	1012.0	0.00	0.0	0	0.00	0	0.0	0.00	0.0	0.000	0.024	27.4	68	21.0	29.5	12.32	1.1446	0.00	114	1	100.0	5
25/02/20	12:35 a	25.2	25.2	25.2	91	23.6	0.4	ENE	0.13	0.9	ENE	25.2	27.4	27.4	26.8	1011.9	0.00	0.0	0	0.00	0	0.0	0.00	0.0	0.000	0.024	27.4	68	21.0	29.5	12.32	1.1445	0.00	114	1	100.0	5
25/02/20	12:40 a	25.1	25.2	25.1	91	23.5	0.4	ENE	0.13	0.9	ENE	25.1	27.3	27.3	26.7	1011.8	0.00	0.0	0	0.00	0	0.0	0.00	0.0	0.000	0.024	27.4	68	21.0	29.5	12.32	1.1444	0.00	117	1	100.0	5
25/02/20	12:45 a	25.1	25.2	25.1	91	23.5	0.4	ENE	0.13	1.3	ENE	25.1	27.3	27.3	26.7	1011.9	0.00	0.0	0	0.00	0	0.0	0.00	0.0	0.000	0.024	27.4	68	21.0	29.5	12.32	1.1445	0.00	117	1	100.0	5
25/02/20	12:50 a	25.1	25.1	25.1	92	23.7	0.9	ENE	0.27	1.8	E	25.1	27.4	27.4	26.8	1011.7	0.00	0.0	0	0.00	0	0.0	0.00	0.0	0.000	0.024	27.4	68	21.0	29.5	12.32	1.1443	0.00	117	1	100.0	5
25/02/20	12:55 a	25.1	25.1	25.1	92	23.7	0.9	E	0.27	1.3	E	25.1	27.4	27.4	26.8	1011.7	0.00	0.0	0	0.00	0	0.0	0.00	0.0	0.000	0.024	27.4	68	21.0	29.5	12.32	1.1443	0.00	117	1	100.0	5
25/02/20	1:00 a	25.0	25.1	25.0	92	23.6	0.9	E	0.27	1.3	E	25.0	27.2	27.2	26.6	1011.8	0.00	0.0	0	0.00	0	0.0	0.00	0.0	0.000	0.023	27.4	67	20.8	29.4	12.12	1.1448	0.00	116	1	100.0	5
25/02/20	1:05 a	24.9	25.1	24.9	92	23.6	1.3	E	0.40	2.7	E	24.9	27.1	27.1	26.4	1011.8	0.00	0.0	0	0.00	0	0.0	0.00	0.0	0.000	0.023	27.4	67	20.8	29.4	12.12	1.1448	0.00	116	1	100.0	5
25/02/20	1:10 a	24.8	25.0	24.8	92	23.4	0.9	E	0.27	1.3	E	24.8	26.9	26.9	26.3	1011.7	0.00	0.0	0	0.00	0	0.0	0.00	0.0	0.000	0.023	27.4	67	20.8	29.4	12.12	1.1447	0.00	115	1	100.0	5
25/02/20	1:15 a	24.8	24.8	24.8	93	23.6	0.9	E	0.27	1.8	E	24.8	27.0	27.0	26.3	1011.6	0.00	0.0	0	0.00	0	0.0	0.00	0.0	0.000	0.023	27.4	67	20.8	29.4	12.12	1.1446	0.00	117	1	100.0	5
25/02/20	1:20 a	24.8	24.8	24.8	93	23.6	0.9	E	0.27	1.8	E	24.8	26.9	26.9	26.3	1011.6	0.00	0.0	0	0.00	0	0.0	0.00	0.0	0.000	0.022	27.4	67	20.8	29.4	12.12	1.1446	0.00	117	1	100.0	5
25/02/20	1:25 a	24.8	24.8	24.8	93	23.6	0.9	E	0.27	1.3	E	24.8	27.0	27.0	26.3	1011.5	0.00	0.0	0	0.00	0	0.0	0.00	0.0	0.000	0.023	27.4	67	20.8	29.4	12.12	1.1445	0.00	117	1	100.0	5
25/02/20	1:30 a	24.8	24.8	24.7	93	23.6	0.9	E	0.27	1.8	ESE	24.8	26.9	26.9	26.3	1011.4	0.00	0.0	0	0.00	0	0.0	0.00	0.0	0.000	0.022	27.4	67	20.8	29.4	12.12	1.1444	0.00	117	1	100.0	5
25/02/20	1:35 a	24.7	24.8	24.7	93	23.5	0.9	E	0.27	1.8	E	24.7	26.8	26.8	26.2	1011.4	0.00	0.0	0	0.00	0	0.0	0.00	0.0	0.000	0.022	27.4	67	20.8	29.4	12.12	1.1444	0.00	115	1	100.0	5
25/02/20	1:40 a	24.7	24.7	24.7	93	23.5	0.9	ENE	0.27	1.8	E	24.7	26.8	26.8	26.2	1011.4	0.00	0.0	0	0.00	0	0.0	0.00	0.0	0.000	0.022	27.4	67	20.8	29.4	12.12	1.1444	0.00	114	1	100.0	5
25/02/20	1:45 a	24.7	24.7	24.7	93	23.5	1.3	E	0.40	2.7	E	24.7	26.7	26.7	26.1	1011.4	0.00	0.0	0	0.00	0	0.0	0.00	0.0	0.000	0.022	27.4	67	20.7	29.3	12.12	1.1447	0.00	115	1	100.0	5
25/02/20	1:50 a	24.7	24.7	24.7	93	23.5	0.9	E	0.27	1.3	E	24.7	26.8	26.8	26.2	1011.4	0.00	0.0	0	0.00	0	0.0	0.00	0.0	0.000	0.022	27.4	67	20.7	29.3	12.12	1.1447	0.00	117	1	100.0	5
25/02/20	1:55 a	24.7	24.7	24.7	93	23.5	0.9	E	0.27	1.3	E	24.7	26.8	26.8	26.2	1011.3	0.00	0.0	0	0.00	0	0.0	0.00	0.0	0.000	0.022	27.4	67	20.7	29.3	12.12	1.1446	0.00	117	1	100.0	5
25/02/20	2:00 a	24.7	24.7	24.7	93	23.5	0.9	ENE	0.27	1.3	ENE	24.7	26.8	26.8	26.2	1011.3	0.00	0.0	0	0.00	0	0.0	0.00	0.0	0.000	0.022	27.4	67	20.7	29.3	12.12	1.1445	0.00	116	1	100.0	5
25/02/20	2:05 a	24.8	24.8	24.7	93	23.6	0.4	ENE	0.13	1.3	ENE	24.8	26.9	26.9	26.3	1011.3	0.00	0.0	0	0.00	0	0.0	0.00	0.0	0.000	0.022	27.4	67	20.7	29.3	12.12	1.1446	0.00	117	1	100.0	5
25/02/20	2:10 a	24.8	24.8	24.8	93	23.6	0.4	ENE	0.13	1.3	ENE	24.8	27.0	27.0	26.3	1011.3	0.00	0.0	0	0.00	0	0.0	0.00	0.0	0.000	0.023	27.4	67	20.7	29.3	12.12	1.1446	0.00	115	1	100.0	5
25/02/20	2:15 a	24.9	24.9	24.8	93	23.7	0.4	ENE	0.13	1.3	ENE	24.9	27.1	27.1	26.4	1011.3	0.00	0.0	0	0.00	0	0.0	0.00	0.0	0.000	0.023	27.4	67	20.7	29.3	12.12	1.1445	0.00	113	1	99.1	5
25/02/20	2:20 a	24.9	24.9	24.9	92	23.6	0.9	ENE	0.27	1.3	ENE	24.9	27.1	27.1	26.4	1011.2	0.00	0.0	0	0.00	0	0.0	0.00	0.0	0.000	0.023	27.4	67	20.7	29.3	12.12	1.1445	0.00	116	1	100.0	5
25/02/20	2:25 a	25.0	25.0	24.9	92	23.6	0.9	ENE	0.27	1.3	ENE	25.0	27.2	27.2	26.6	1011.2	0.00	0.0	0	0.00	0	0.0	0.00	0.0	0.000	0.023	27.4	67	20.7	29.3	12.12	1.1444	0.00	117	1	100.0	5
25/02/20	2:30 a	25.1	25.1	25.0	92	23.7	0.9	ENE	0.27	1.3	ENE	25.1	27.3	27.3	26.7	1011.2	0.00	0.0	0	0.00	0	0.0	0.00	0.0	0.000	0.023	27.3	67	20.7	29.2	12.13	1.1448	0.00	117	1	100.0	5
25/02/20	2:35 a	25.1	25.1	25.1	92	23.7	0.4	E	0.13	1.3	E	25.1	27.3	27.3	26.7	1011.3	0.00	0.0	0	0.00	0	0.0	0.00	0.0	0.000	0.023	27.3	68	20.9	29.3	12.33	1.1445	0.00	117	1	100.0	5
25/02/20	2:40 a	25.2	25.2	25.1	92	23.8	0.9	ENE	0.27	1.3	ENE	25.2	27.6	27.6	26.9	1011.2	0.00	0.0	0	0.00	0	0.0	0.00	0.0	0.000	0.024	27.3	68	20.9	29.3	12.33	1.1443	0.00	117	1	100.0	5
25/02/20	2:45 a	25.2	25.2	25.1	91	23.6	0.9	ENE	0.27	1.3	ENE	25.2	27.4	27.4	26.8	1011.3	0.00	0.0	0	0.00	0	0.0	0.00	0.0	0.000	0.024	27.3	68	20.9	29.3	12.33	1.1444	0.00	114	1	100.0	5
25/02/20	2:50 a	25.2	25.2	25.2	91	23.6	0.9	ENE	0.27	1.3	ENE	25.2	27.6	27.6	26.9	1011.3	0.00	0.0	0	0.00	0	0.0	0.00	0.0	0.000	0.024	27.3	68	20.9	29.2	12.33	1.1447	0.00	114	1	100.0	5
25/02/20	2:55 a	25.2	25.2	25.2	91	23.6	0.4	ENE	0.13	0.9	ENE	25.2	27.6	27.6	26.9	1011.2	0.00	0.0	0	0.00	0	0.0	0.00	0.0	0.000	0.024	27.3	68	20.9	29.3	12.33	1.1443	0.00	116	1	100.0	5
25/02/20	3:00 a	25.2	25.2	25.2	91	23.6	0.4	ENE	0.13	1.3	E	25.2	27.6	27.6	26.9	1011.2	0.00	0.0	0	0.00	0	0.0	0.00	0.0	0.000	0.024	27.3	68	20.9	29.2	12.33	1.1446	0.00	116	1	100.0	5
25/02/20	3:05 a	25.2	25.2	25.2	91	23.6	0.4	NE	0.13	1.8	NNE	25.2	27.6	27.6	26.9	1011.1	0.00	0.0	0	0.00	0	0.0	0.00	0.0	0.000	0.024	27.3	68	20.9	29.2	12.33	1.1445	0.00	116	1	100.0	5
25/02/20	3:10 a	25.2	25.2	25.2	91	23.6	0.9	NNE	0.27	1.8	NE	25.2	27.6	27.6	26.9	1011.2	0.00	0.0	0	0.00	0	0.0	0.00	0.0	0.000	0.024	27.3	68	20.9	29.2	12.33	1.1446	0.00	117	1	100.0	5
25/02/20	3:15 a	25.2	25.2	25.2	91	23.6	0.9	NNE	0.27	1.3	NE	25.2	27.6	27.6	26.9	1011.2	0.00	0.0	0	0.00	0	0.0	0.00	0.0	0.000	0.024	27.3	68	20.9	29.2	12.33	1.1446	0.00	115	1	100.0	5
25/02/20	3:20 a	25.2	25.2	25.2	91	23.6	0.9	NNE	0.27	1.3	NNE	25.2	27.6	27.6	26.9	1011.1	0.00	0.0	0	0.00	0	0.0	0.00	0.0	0.000	0.024	27.3	68	20.9	29.2	12.33	1.1446	0.00	114	1	100.0	5
25/02/20	3:25 a	25.2	25.2	25.2	91	23.6	0.4	NNE	0.13	1.3	NNE	25.2	27.6	27.6	26.9	1011.2	0.00	0.0	0	0.00	0	0.0	0.00	0.0	0.000	0.024	27.3	68	20.9	29.2	12.33	1.1446	0.00	115	1	100.0	5
25/02/20	3:30 a	25.2	25.2	25.2	91	23.6	0.4	NNE	0.13	0.9	NNE	25.2	27.6	27.6	26.9	1011.1	0.00	0.0	0	0.00	0	0.0	0.00	0.0	0.000	0.024	27.3	68	20.9	29.2	12.33	1.1445	0.00	116	1	100.0	5
25/02/20	3:35 a	25.2	25.2	25.2	91	23.6	0.4	NNE	0.13	1.3	NNE	25.2	27.4	27.4	26.8	1011.0	0.00	0.0	0	0.00	0	0.0	0.00	0.0	0.000	0.024	27.3	68	20.9	29.2	12.33	1.1444	0.00	117	1	100.0	5
25/02/20	3:40 a	25.2	25.2	25.2	91	23.6	0.4	NNE	0.13	0.9	NNE	25.2	27.4	27.4	26.8	1011.1	0.00	0.0	0	0.00	0	0.0	0.00	0.0	0.000	0.024	27.3	68	20.9	29.2	12.33	1.1445	0.00	117	1	100.0	5
25/02/20	3:45 a	25.2	25.2	25.2	91	23.6	0.4	NNE	0.13	0.9	NNE	25.2	27.4	27.4	26.8	1011.0	0.00	0.0	0	0.00	0	0.0	0.00	0.0	0.000	0.024	27.3	68	20.9	29.2	12.33	1.1444	0.00	115	1	100.0	5
25/02/20	3:50 a	25.2	25.2	25.2	91	23.6	0.4	NNE	0.13	0.9	NNE	25.2	27.6	27.6	26.9	1011.0	0.00	0.0	0	0.00	0	0.0	0.00	0.0	0.000	0.024	27.3	68	20.9	29.2	12.33	1.1444	0.00	116	1	100.0	5
25/02/20	3:55 a	25.2	25.2	25.2	91	23.6	0.4	NE	0.13	1.3	NE	25.2	27.6	27.6	26.9	1011.0	0.00	0.0	0	0.00	0	0.0	0.00	0.0	0.000	0.024	27.3	68	20.9	29.2	12.33	1.1445	0.00	114	1	100.0	5
25/02/20	4:00 a	25.2	25.2	25.2	91	23.6	0.4	NE	0.13	0.9	NE	25.2	27.6	27.6	26.9	1011.2	0.00	0.0	0	0.00	0	0.0	0.00	0.0	0.000	0.024	27.3	68	20.9	29.2	12.33	1.1446	0.00	116	1	100.0	5
25/02/20	4:05 a	25.2	25.3	25.2	90	23.5	0.4	NE	0.13	1.3	NE	25.2	27.4	27.4	26.8	1011.2	0.00	0.0	0	0.00	0	0.0	0.00	0.0	0.000	0.024	27.3	68	20.9	29.2	12.33	1.1446	0.00	117	1	100.0	5
25/02/20	4:10 a	25.3	25.3	25.2	90	23.5	0.9	NE	0.27	1.8	NNE	25.3	27.6	27.6	26.9	1011.3	0.00	0.0	0	0.00	0	0.0	0.00	0.0	0.000	0.024	27.3	68	20.9	29.2	12.33	1.1447	0.00	117	1	100.0	5
25/02/20	4:15 a	25.4	25.4	25.3	89	23.4	0.9	NNE	0.27	2.2	NE	25.4	27.7	27.7	27.0	1011.2	0.00	0.0	0	0.00	0	0.0	0.00	0.0	0.000	0.024	27.3	68	20.9	29.2	12.33	1.1447	0.00	117	1	100.0	5
25/02/20	4:20 a	25.4	25.4	25.3	89	23.5	0.9	NNE	0.27	1.8	NNE	25.4	27.8	27.8	27.1	1011.1	0.00	0.0	0	0.00	0	0.0	0.00	0.0	0.000	0.025	27.3	67	20.6	29.1	12.13	1.1450	0.00	118	1	100.0	5
25/02/20	4:25 a	25.5	25.5	25.4	89	23.6	0.9	NE	0.27	1.8	NNE	25.5	27.9	27.9	27.2	1011.2	0.00	0.0	0	0.00	0	0.0	0.00	0.0	0.000	0.025	27.3	67	20.6	29.1	12.13	1.1450	0.00	113	1	99.1	5
25/02/20	4:30 a	25.6	25.6	25.4	88	23.4	0.9	NNE	0.27	1.8	NE	25.6	27.9	27.9	27.3	1011.1	0.00	0.0	0	0.00	0	0.0	0.00	0.0	0.000	0.025	27.3	67	20.6	29.1	12.13	1.1450	0.00	114	1	100.0	5
25/02/20	4:35 a	25.6	25.6	25.5	88	23.4	0.9	NE	0.27	1.8	NNE	25.6	27.9	27.9	27.3	1011.2	0.00	0.0	0	0.00	0	0.0	0.00	0.0	0.000	0.025	27.3	67	20.6	29.1	12.13	1.1451	0.00	117	1	100.0	5
25/02/20	4:40 a	25.6	25.6	25.6	88	23.4	1.3	NNE	0.40	1.8	N	25.6	27.9	27.9	27.3	1011.2	0.00	0.0	0	0.00	0	0.0	0.00	0.0	0.000	0.025	27.3	67	20.6	29.1	12.13	1.1450	0.00	116	1	100.0	5
25/02/20	4:45 a	25.6	25.6	25.6	88	23.5	1.3	NE	0.40	2.2	NE	25.6	28.1	28.1	27.4	1011.3	0.00	0.0	0	0.00	0	0.0	0.00	0.0	0.000	0.025	27.3	67	20.6	29.1	12.13	1.1451	0.00	117	1	100.0	5
25/02/20	4:50 a	25.6	25.6	25.6	88	23.5	0.9	NE	0.27	2.2	NE	25.6	28.1	28.1	27.4	1011.4	0.00	0.0	0	0.00	0	0.0	0.00	0.0	0.000	0.025	27.3	67	20.6	29.1	12.13	1.1453	0.00	117	1	100.0	5
25/02/20	4:55 a	25.6	25.6	25.6	87	23.3	0.9	NE	0.27	1.8	NNE	25.6	28.0	28.0	27.3	1011.4	0.00	0.0	0	0.00	0	0.0	0.00	0.0	0.000	0.025	27.2	66	20.3	28.8	11.93	1.1460	0.00	115	1	100.0	5
25/02/20	5:00 a	25.6	25.7	25.6	87	23.3	1.3	NE	0.40	2.2	NE	25.6	28.0	28.0	27.3	1011.4	0.00	0.0	0	0.00	0	0.0	0.00	0.0	0.000	0.025	27.2	63	19.5	28.4	11.33	1.1475	0.03	115	1	100.0	5
25/02/20	5:05 a	25.7	25.7	25.6	87	23.3	0.9	NE	0.27	1.8	NE	25.7	28.1	28.1	27.4	1011.5	0.00	0.0	0	0.00	0	0.0	0.00	0.0	0.000	0.025	27.1	59	18.4	27.8	10.55	1.1499	0.00	114	1	100.0	5
25/02/20	5:10 a	25.7	25.7	25.6	87	23.4	0.4	NE	0.13	1.3	NE	25.7	28.2	28.2	27.6	1011.5	0.00	0.0	0	0.00	0	0.0	0.00	0.0	0.000	0.026	26.8	56	17.3	27.3	10.05	1.1523	0.00	117	1	100.0	5
25/02/20	5:15 a	25.6	25.7	25.6	88	23.5	0.4	ENE	0.13	1.3	ENE	25.6	28.1	28.1	27.4	1011.5	0.00	0.0	0	0.00	0	0.0	0.00	0.0	0.000	0.025	26.7	53	16.3	26.9	9.65	1.1544	0.00	117	1	100.0	5
25/02/20	5:20 a	25.5	25.6	25.5	88	23.4	0.4	ENE	0.13	1.3	ENE	25.5	27.8	27.8	27.2	1011.6	0.00	0.0	0	0.00	0	0.0	0.00	0.0	0.000	0.025	26.4	51	15.5	26.6	9.35	1.1564	0.00	116	1	100.0	5
25/02/20	5:25 a	25.5	25.6	25.5	89	23.6	0.4	NE	0.13	1.3	ENE	25.5	27.9	27.9	27.2	1011.6	0.00	0.0	0	0.00	0	0.0	0.00	0.0	0.000	0.025	26.2	49	14.7	26.2	8.97	1.1584	0.00	118	1	100.0	5
25/02/20	5:30 a	25.4	25.5	25.4	89	23.5	0.9	NNE	0.27	1.3	NNE	25.4	27.8	27.8	27.1	1011.6	0.00	0.0	2	0.01	5	0.0	0.00	0.0	0.000	0.025	26.0	50	14.8	26.0	9.17	1.1591	0.00	116	1	100.0	5
25/02/20	5:35 a	25.4	25.4	25.4	89	23.5	0.9	NE	0.27	1.8	NE	25.4	27.8	27.8	27.2	1011.5	0.00	0.0	6	0.04	7	0.0	0.00	0.0	0.000	0.025	25.9	53	15.6	26.1	9.65	1.1581	0.00	114	1	100.0	5
25/02/20	5:40 a	25.4	25.4	25.4	89	23.5	0.4	NE	0.13	1.3	NE	25.4	27.8	27.8	27.2	1011.6	0.00	0.0	10	0.07	11	0.0	0.00	0.0	0.000	0.025	25.9	52	15.3	26.0	9.48	1.1589	0.00	116	1	100.0	5
25/02/20	5:45 a	25.5	25.5	25.4	89	23.6	0.4	NE	0.13	1.3	NE	25.5	27.9	27.9	27.4	1011.7	0.00	0.0	13	0.09	14	0.0	0.00	0.0	0.000	0.025	25.8	49	14.3	25.8	8.98	1.1604	0.00	117	1	100.0	5
25/02/20	5:50 a	25.5	25.5	25.4	89	23.6	0.4	ENE	0.13	1.3	NE	25.5	27.9	27.9	27.4	1011.7	0.00	0.0	17	0.12	19	0.0	0.00	0.0	0.000	0.025	25.7	49	14.2	25.6	8.99	1.1613	0.00	117	1	100.0	5
25/02/20	5:55 a	25.6	25.6	25.5	89	23.6	1.3	NE	0.40	2.2	NNE	25.6	28.0	28.0	27.6	1011.7	0.00	0.0	21	0.15	23	0.0	0.00	0.0	0.000	0.025	25.6	52	15.0	25.6	9.49	1.1607	0.00	116	1	100.0	5
25/02/20	6:00 a	25.6	25.6	25.5	89	23.7	1.3	NE	0.40	2.2	NE	25.6	28.1	28.1	27.8	1011.8	0.00	0.0	27	0.19	28	0.0	0.00	0.0	0.000	0.025	25.6	51	14.7	25.6	9.35	1.1612	0.03	117	1	100.0	5
25/02/20	6:05 a	25.7	25.7	25.6	88	23.6	0.9	NNE	0.27	2.2	NNE	25.7	28.3	28.3	28.0	1012.0	0.00	0.0	30	0.22	32	0.0	0.00	0.0	0.000	0.026	25.4	48	13.6	25.3	8.89	1.1631	0.00	114	1	100.0	5
25/02/20	6:10 a	25.8	25.8	25.7	88	23.7	1.3	NNE	0.40	2.2	NNE	25.8	28.5	28.5	28.3	1012.1	0.00	0.0	36	0.26	40	0.0	0.00	0.0	0.000	0.026	25.4	51	14.5	25.4	9.35	1.1624	0.00	114	1	100.0	5
25/02/20	6:15 a	25.9	25.9	25.8	87	23.6	1.3	NNE	0.40	2.7	NNE	25.9	28.7	28.7	28.6	1012.2	0.00	0.0	47	0.34	51	0.0	0.00	0.0	0.000	0.026	25.3	51	14.5	25.3	9.35	1.1628	0.00	117	1	100.0	5
25/02/20	6:20 a	26.1	26.1	25.9	86	23.5	1.3	NE	0.40	2.7	NE	26.1	28.8	28.8	28.9	1012.2	0.00	0.0	54	0.39	54	0.0	0.00	0.0	0.000	0.027	25.3	48	13.5	25.1	8.90	1.1642	0.00	117	1	100.0	5
25/02/20	6:25 a	26.2	26.2	26.1	86	23.7	1.8	NE	0.54	3.1	N	26.2	29.2	29.2	29.3	1012.3	0.00	0.0	62	0.44	69	0.0	0.00	0.0	0.000	0.027	25.2	51	14.4	25.2	9.35	1.1634	0.00	117	1	100.0	5
25/02/20	6:30 a	26.3	26.4	26.2	85	23.6	1.3	NE	0.40	2.2	NE	26.3	29.3	29.3	29.6	1012.3	0.00	0.0	72	0.52	72	0.0	0.00	0.0	0.000	0.028	25.2	51	14.4	25.2	9.35	1.1635	0.00	118	1	100.0	5
25/02/20	6:35 a	26.5	26.5	26.4	85	23.8	2.2	NE	0.67	4.0	NE	26.5	29.7	29.7	30.0	1012.4	0.00	0.0	75	0.54	76	0.0	0.00	0.0	0.000	0.028	25.2	49	13.7	25.1	9.00	1.1646	0.00	116	1	100.0	5
25/02/20	6:40 a	26.7	26.7	26.5	84	23.8	1.8	NNE	0.54	3.1	NNE	26.7	30.1	30.1	30.4	1012.4	0.00	0.0	79	0.57	84	0.0	0.00	0.0	0.000	0.029	25.1	50	14.0	25.1	9.21	1.1645	0.00	115	1	100.0	5
25/02/20	6:45 a	26.8	26.8	26.7	84	23.9	1.8	NE	0.54	3.1	NE	26.8	30.3	30.3	32.1	1012.4	0.00	0.0	92	0.66	97	0.0	0.00	0.0	0.000	0.030	25.1	51	14.2	25.1	9.35	1.1644	0.00	114	1	100.0	5
25/02/20	6:50 a	26.9	27.0	26.8	84	24.0	1.8	NE	0.54	2.7	NNE	26.9	30.6	30.6	32.7	1012.5	0.00	0.0	105	0.75	111	0.4	0.01	0.5	0.000	0.030	25.0	49	13.5	24.9	9.01	1.1656	0.00	117	1	100.0	5
25/02/20	6:55 a	27.1	27.1	27.0	83	23.9	1.8	NNE	0.54	3.6	NNE	27.1	30.7	30.7	33.1	1012.6	0.00	0.0	117	0.84	123	0.5	0.02	0.6	0.000	0.030	25.0	50	13.9	24.9	9.21	1.1653	0.00	117	1	100.0	5
25/02/20	7:00 a	27.2	27.2	27.1	83	24.0	1.3	NNE	0.40	2.7	NE	27.2	30.9	30.9	33.9	1012.7	0.00	0.0	143	1.02	158	0.7	0.03	0.8	0.000	0.031	25.0	51	14.2	25.0	9.35	1.1650	0.08	117	1	100.0	5
25/02/20	7:05 a	27.4	27.4	27.2	83	24.3	1.8	NE	0.54	4.0	NNW	27.4	31.6	31.6	35.1	1012.6	0.00	0.0	172	1.23	192	0.9	0.03	1.0	0.000	0.032	25.0	49	13.5	24.9	9.01	1.1656	0.00	117	1	100.0	5
25/02/20	7:10 a	27.6	27.6	27.4	83	24.5	1.8	NNE	0.54	4.0	NE	27.6	32.0	32.0	36.7	1012.6	0.00	0.0	246	1.76	269	1.1	0.04	1.2	0.000	0.032	25.0	51	14.2	25.0	9.35	1.1650	0.00	116	1	100.0	5
25/02/20	7:15 a	27.9	27.9	27.6	82	24.5	1.8	NNE	0.54	3.6	NNE	27.9	32.5	32.5	37.0	1012.7	0.00	0.0	244	1.75	258	1.2	0.04	1.2	0.000	0.033	25.0	51	14.2	25.0	9.35	1.1650	0.00	113	1	99.1	5
25/02/20	7:20 a	27.9	27.9	27.9	82	24.6	2.2	NNW	0.67	4.0	N	27.9	32.6	32.6	37.1	1012.7	0.00	0.0	228	1.63	232	1.3	0.05	1.3	0.000	0.033	24.9	50	13.8	24.9	9.21	1.1657	0.00	115	1	100.0	5
25/02/20	7:25 a	28.0	28.0	27.9	82	24.6	1.8	NNW	0.54	4.0	N	28.0	32.8	32.8	37.3	1012.9	0.00	0.0	238	1.71	239	1.4	0.05	1.4	0.000	0.034	24.9	52	14.4	24.9	9.51	1.1651	0.00	117	1	100.0	5
25/02/20	7:30 a	28.2	28.2	28.0	82	24.9	2.2	N	0.67	4.9	NE	28.2	33.3	33.3	37.8	1012.9	0.00	0.0	238	1.71	239	1.4	0.05	1.4	0.000	0.034	25.0	52	14.5	25.0	9.51	1.1649	0.00	117	1	100.0	5
25/02/20	7:35 a	28.1	28.2	28.1	81	24.5	2.7	N	0.80	4.5	N	28.1	32.9	32.9	37.3	1013.0	0.00	0.0	236	1.69	236	1.5	0.05	1.5	0.000	0.034	24.9	50	13.8	24.9	9.21	1.1660	0.00	118	1	100.0	5
25/02/20	7:40 a	28.2	28.2	28.1	81	24.6	1.8	NNE	0.54	4.5	NNE	28.2	33.2	33.2	37.6	1013.0	0.00	0.0	238	1.71	244	1.5	0.05	1.6	0.000	0.034	24.9	52	14.4	24.9	9.51	1.1653	0.00	117	1	100.0	5
25/02/20	7:45 a	28.4	28.4	28.2	81	24.8	1.8	N	0.54	3.6	NNW	28.4	33.6	33.6	38.0	1013.0	0.00	0.0	248	1.78	251	1.6	0.06	1.6	0.000	0.035	25.0	52	14.5	25.0	9.51	1.1651	0.00	115	1	100.0	5
25/02/20	7:50 a	28.5	28.6	28.4	80	24.7	2.2	NNW	0.67	4.9	NNW	28.5	33.7	33.7	38.1	1013.2	0.00	0.0	254	1.82	269	1.7	0.06	1.8	0.000	0.035	24.9	49	13.5	24.8	9.01	1.1666	0.00	115	1	100.0	5
25/02/20	7:55 a	28.6	28.6	28.5	80	24.8	2.2	N	0.67	4.9	N	28.6	33.9	33.9	39.3	1013.2	0.00	0.0	323	2.32	373	2.2	0.08	2.4	0.000	0.036	24.9	50	13.8	24.9	9.21	1.1663	0.00	116	1	100.0	5
25/02/20	8:00 a	28.8	28.8	28.6	79	24.8	3.1	N	0.94	4.9	NNE	28.8	34.1	34.1	39.9	1013.3	0.00	0.0	421	3.02	490	2.6	0.09	2.7	0.000	0.036	24.9	52	14.4	24.9	9.51	1.1657	0.20	117	1	100.0	5
25/02/20	8:05 a	29.1	29.1	28.8	80	25.3	2.7	NNW	0.80	5.8	N	29.1	35.2	35.2	41.3	1013.3	0.00	0.0	398	2.85	454	2.8	0.10	3.0	0.000	0.037	25.0	51	14.2	25.0	9.35	1.1658	0.00	116	1	100.0	5
25/02/20	8:10 a	29.1	29.3	29.1	78	24.9	3.1	NW	0.94	5.8	N	29.1	34.8	34.8	40.7	1013.4	0.00	0.0	408	2.92	529	2.7	0.10	3.0	0.000	0.037	24.9	48	13.2	24.8	8.91	1.1672	0.00	116	1	100.0	5
25/02/20	8:15 a	29.0	29.1	29.0	79	25.0	2.2	NNW	0.67	5.4	NW	29.0	34.7	34.7	39.4	1013.4	0.00	0.0	299	2.14	320	2.4	0.09	2.4	0.000	0.037	24.9	50	13.8	24.8	9.21	1.1668	0.00	117	1	100.0	5
25/02/20	8:20 a	28.9	29.0	28.9	80	25.1	2.7	NNW	0.80	5.4	NW	28.9	34.8	34.8	39.2	1013.4	0.00	0.0	281	2.01	316	2.6	0.09	2.9	0.000	0.037	24.9	51	14.1	24.9	9.35	1.1661	0.00	115	1	100.0	5
25/02/20	8:25 a	28.6	28.9	28.5	80	24.8	3.6	NNW	1.07	6.3	NNW	28.4	33.8	33.6	37.4	1013.5	0.00	0.0	264	1.89	294	3.0	0.11	3.2	0.000	0.035	24.9	50	13.8	24.9	9.21	1.1666	0.00	113	1	99.1	5
25/02/20	8:30 a	28.6	28.6	28.5	80	24.8	3.6	NNW	1.07	5.8	NW	28.4	33.8	33.6	36.5	1013.5	0.00	0.0	204	1.46	246	2.7	0.10	3.9	0.000	0.035	24.9	50	13.8	24.8	9.21	1.1669	0.00	116	1	100.0	5
25/02/20	8:35 a	28.2	28.5	28.2	82	24.9	3.6	NNW	1.07	6.3	NNE	28.1	33.3	33.2	35.5	1013.6	0.00	0.0	167	1.20	172	1.9	0.07	2.1	0.000	0.034	24.9	53	14.7	25.0	9.65	1.1656	0.00	117	1	100.0	5
25/02/20	8:40 a	27.9	28.2	27.9	83	24.8	2.2	NNW	0.67	4.9	NNE	27.9	32.8	32.8	34.8	1013.7	0.00	0.0	140	1.00	153	1.4	0.05	1.5	0.000	0.033	24.9	51	14.1	24.9	9.35	1.1665	0.00	118	1	100.0	5
25/02/20	8:45 a	27.9	28.0	27.9	84	24.9	2.2	NNW	0.67	4.5	NNW	27.9	32.8	32.8	34.5	1013.7	0.00	0.0	125	0.90	127	1.2	0.04	1.2	0.000	0.033	24.9	49	13.5	24.8	9.01	1.1672	0.00	117	1	100.0	5
25/02/20	8:50 a	27.8	27.9	27.8	85	25.0	2.2	NNW	0.67	4.5	NW	27.8	32.7	32.7	34.6	1013.7	0.00	0.0	135	0.97	141	1.3	0.05	1.4	0.000	0.033	24.9	51	14.1	24.9	9.35	1.1668	0.00	116	1	100.0	5
25/02/20	8:55 a	27.8	27.9	27.8	84	24.9	2.7	NW	0.80	5.8	NW	27.8	32.7	32.7	34.8	1013.7	0.00	0.0	151	1.08	158	1.5	0.05	1.6	0.000	0.033	24.9	51	14.1	24.9	9.35	1.1664	0.00	114	1	100.0	5
25/02/20	9:00 a	27.9	27.9	27.8	84	24.9	1.8	N	0.54	4.5	NNW	27.9	32.8	32.8	34.9	1013.7	0.00	0.0	159	1.14	162	1.6	0.06	1.6	0.000	0.033	24.9	49	13.5	24.8	9.01	1.1672	0.18	115	1	100.0	5
25/02/20	9:05 a	27.9	27.9	27.9	84	25.0	2.2	NNW	0.67	5.4	NNE	27.9	33.0	33.0	35.5	1013.8	0.00	0.0	187	1.34	207	1.9	0.07	2.1	0.000	0.033	24.8	50	13.7	24.8	9.22	1.1675	0.00	117	1	100.0	5
25/02/20	9:10 a	28.0	28.0	27.9	84	25.0	2.7	NW	0.80	4.9	NNW	28.0	33.1	33.1	36.0	1013.8	0.00	0.0	214	1.53	223	2.2	0.08	2.3	0.000	0.034	24.9	52	14.4	24.9	9.51	1.1665	0.00	117	1	100.0	5
25/02/20	9:15 a	28.2	28.2	28.1	84	25.2	2.2	NW	0.67	4.9	NW	28.2	33.6	33.6	36.9	1013.8	0.00	0.0	250	1.79	257	2.6	0.09	2.7	0.000	0.034	24.9	50	13.8	24.9	9.21	1.1670	0.00	115	1	100.0	5
25/02/20	9:20 a	28.1	28.2	28.1	84	25.1	3.1	NW	0.94	5.8	N	28.1	33.3	33.3	36.6	1013.7	0.00	0.0	256	1.83	269	2.7	0.10	2.9	0.000	0.034	24.9	48	13.1	24.7	8.91	1.1679	0.00	116	1	100.0	5
25/02/20	9:25 a	28.3	28.3	28.1	83	25.1	2.2	NNW	0.67	4.5	NNW	28.3	33.7	33.7	37.3	1013.9	0.00	0.0	279	2.00	281	3.0	0.11	3.0	0.000	0.035	24.9	51	14.1	24.9	9.35	1.1669	0.00	116	1	100.0	5
25/02/20	9:30 a	28.2	28.3	28.2	83	25.1	2.7	NNW	0.80	5.8	NW	28.2	33.5	33.5	37.1	1013.8	0.00	0.0	276	1.98	281	2.9	0.10	3.0	0.000	0.034	24.9	51	14.1	24.9	9.35	1.1666	0.00	114	1	100.0	5
25/02/20	9:35 a	28.3	28.4	28.2	83	25.2	2.2	N	0.67	4.5	NE	28.3	33.8	33.8	37.6	1013.7	0.00	0.0	299	2.14	306	3.2	0.11	3.3	0.000	0.035	24.9	49	13.4	24.8	9.01	1.1675	0.00	114	1	100.0	5
25/02/20	9:40 a	28.4	28.5	28.4	83	25.2	3.1	NNW	0.94	5.4	N	28.4	33.9	33.9	37.3	1013.7	0.00	0.0	275	1.97	302	3.0	0.11	3.2	0.000	0.035	24.9	50	13.8	24.9	9.21	1.1668	0.00	116	1	100.0	5
25/02/20	9:45 a	28.2	28.4	28.2	84	25.3	2.7	NNW	0.80	4.9	NNE	28.2	33.7	33.7	36.5	1013.7	0.00	0.0	226	1.62	236	2.4	0.09	2.5	0.000	0.034	24.9	52	14.4	24.9	9.51	1.1661	0.00	118	1	100.0	5
25/02/20	9:50 a	27.9	28.3	27.9	84	25.0	3.1	N	0.94	5.8	NNE	27.9	33.0	33.0	34.5	1013.7	0.00	0.0	136	0.97	169	1.4	0.05	1.7	0.000	0.033	25.0	50	13.9	24.9	9.21	1.1666	0.00	117	1	100.0	5
25/02/20	9:55 a	27.6	27.9	27.6	85	24.8	2.2	NNW	0.67	4.9	N	27.6	32.2	32.2	33.9	1013.7	0.00	0.0	151	1.08	163	1.7	0.06	1.8	0.000	0.032	24.9	50	13.8	24.9	9.21	1.1668	0.00	117	1	100.0	5
25/02/20	10:00 a	27.6	27.6	27.5	86	25.0	1.8	NE	0.54	4.0	N	27.6	32.3	32.3	34.6	1013.7	0.00	0.0	187	1.34	202	2.1	0.07	2.3	0.000	0.032	24.9	51	14.1	24.9	9.35	1.1667	0.18	115	1	100.0	5
25/02/20	10:05 a	27.6	27.6	27.5	86	25.1	1.3	NNW	0.40	2.2	N	27.6	32.4	32.4	35.0	1013.6	0.00	0.0	213	1.53	216	2.4	0.09	2.4	0.000	0.032	24.9	49	13.4	24.8	9.01	1.1674	0.00	114	1	100.0	5
25/02/20	10:10 a	27.7	27.8	27.6	86	25.2	1.3	NNW	0.40	2.7	N	27.7	32.7	32.7	35.4	1013.5	0.00	0.0	226	1.62	236	2.5	0.09	2.6	0.000	0.033	24.8	51	14.0	24.8	9.35	1.1669	0.00	116	1	100.0	5
25/02/20	10:15 a	27.9	27.9	27.8	86	25.3	1.3	NW	0.40	3.6	N	27.9	33.2	33.2	36.3	1013.5	0.00	0.0	255	1.83	272	2.9	0.10	3.1	0.000	0.033	24.8	51	14.0	24.8	9.35	1.1668	0.00	116	1	100.0	5
25/02/20	10:20 a	28.1	28.1	27.9	86	25.5	1.3	NW	0.40	2.2	NW	28.1	33.6	33.6	36.8	1013.5	0.00	0.0	263	1.89	279	3.0	0.11	3.2	0.000	0.034	24.8	49	13.4	24.7	9.02	1.1675	0.00	116	1	100.0	5
25/02/20	10:25 a	28.1	28.2	28.1	85	25.3	1.8	N	0.54	2.7	N	28.1	33.6	33.6	37.1	1013.4	0.00	0.0	284	2.04	336	3.4	0.12	4.0	0.000	0.034	24.8	51	14.0	24.8	9.35	1.1667	0.00	115	1	100.0	5
25/02/20	10:30 a	28.4	28.4	28.1	84	25.4	1.8	NW	0.54	4.5	NNW	28.4	34.1	34.1	38.1	1013.5	0.00	0.0	329	2.36	338	3.9	0.14	4.0	0.000	0.035	24.8	52	14.3	24.8	9.52	1.1664	0.00	113	1	99.1	5
25/02/20	10:35 a	28.4	28.4	28.3	84	25.5	1.8	NW	0.54	4.5	NNW	28.4	34.3	34.3	38.2	1013.3	0.00	0.0	332	2.38	341	4.0	0.14	4.2	0.000	0.035	24.8	50	13.7	24.8	9.22	1.1669	0.00	112	1	98.2	5
25/02/20	10:40 a	28.6	28.6	28.4	82	25.2	2.7	NW	0.80	5.4	NW	28.6	34.2	34.2	37.8	1013.3	0.00	0.0	307	2.20	320	3.7	0.13	3.8	0.000	0.035	24.8	51	14.0	24.8	9.35	1.1666	0.00	110	1	96.5	5
25/02/20	10:45 a	28.4	28.6	28.4	81	24.9	3.6	NNW	1.07	5.8	N	28.3	33.7	33.6	37.1	1013.2	0.00	0.0	323	2.32	338	3.8	0.14	4.0	0.000	0.035	24.9	54	14.9	24.9	9.81	1.1651	0.00	117	1	100.0	5
25/02/20	10:50 a	28.5	28.5	28.4	80	24.7	2.7	N	0.80	5.8	N	28.5	33.7	33.7	37.8	1013.0	0.00	0.0	358	2.57	376	4.3	0.15	4.5	0.000	0.035	24.9	54	15.0	25.0	9.81	1.1646	0.00	118	1	100.0	5
25/02/20	10:55 a	28.7	28.7	28.5	79	24.7	2.7	N	0.80	4.9	NNE	28.7	33.9	33.9	38.3	1013.0	0.00	0.0	384	2.75	387	4.6	0.16	4.6	0.000	0.036	24.9	51	14.1	24.9	9.35	1.1657	0.00	117	1	100.0	5
25/02/20	11:00 a	28.8	28.8	28.7	80	25.0	3.1	N	0.94	6.7	NNE	28.8	34.3	34.3	38.6	1012.9	0.00	0.0	380	2.72	392	4.6	0.16	4.8	0.000	0.036	24.9	53	14.7	24.9	9.65	1.1651	0.23	117	1	100.0	5
25/02/20	11:05 a	29.1	29.1	28.8	79	25.0	2.2	NNW	0.67	4.9	N	29.1	34.9	34.9	39.5	1012.9	0.00	0.0	400	2.87	406	4.9	0.17	4.9	0.000	0.037	24.9	53	14.7	25.0	9.65	1.1648	0.00	117	1	100.0	5
25/02/20	11:10 a	29.2	29.2	29.1	79	25.1	2.7	NW	0.80	5.8	NNW	29.2	35.2	35.2	39.6	1012.8	0.00	0.0	380	2.72	406	4.5	0.16	4.7	0.000	0.038	24.9	51	14.1	24.9	9.35	1.1654	0.00	114	1	100.0	5
25/02/20	11:15 a	29.2	29.2	29.1	79	25.1	2.7	NNW	0.80	5.8	N	29.2	35.2	35.2	40.1	1012.7	0.00	0.0	430	3.08	445	5.1	0.18	5.4	0.000	0.038	24.9	50	13.8	24.8	9.21	1.1660	0.00	115	1	100.0	5
25/02/20	11:20 a	29.4	29.4	29.2	79	25.4	2.7	NW	0.80	5.4	NNW	29.4	35.8	35.8	41.3	1012.6	0.00	0.0	500	3.58	591	6.1	0.22	7.0	0.000	0.038	24.9	53	14.7	25.0	9.65	1.1644	0.00	115	1	100.0	5
25/02/20	11:25 a	29.6	29.7	29.4	78	25.4	3.1	NNW	0.94	5.8	N	29.6	36.1	36.1	42.2	1012.5	0.00	0.0	585	4.19	601	6.9	0.25	7.1	0.000	0.039	24.9	52	14.4	24.9	9.51	1.1647	0.00	117	1	100.0	5
25/02/20	11:30 a	29.8	29.9	29.6	77	25.4	3.1	NW	0.94	6.3	N	29.8	36.5	36.5	43.1	1012.4	0.00	0.0	673	4.82	798	7.4	0.26	8.0	0.000	0.040	24.9	49	13.5	24.8	9.01	1.1657	0.00	117	1	100.0	5
25/02/20	11:35 a	30.1	30.1	29.8	76	25.4	2.2	NNW	0.67	4.9	NNW	30.1	37.0	37.0	42.8	1012.4	0.00	0.0	526	3.77	571	6.4	0.23	6.8	0.000	0.041	24.9	49	13.4	24.8	9.01	1.1659	0.00	116	1	100.0	5
25/02/20	11:40 a	29.8	30.1	29.8	78	25.6	3.1	NNW	0.94	5.8	NE	29.8	36.7	36.7	42.5	1012.4	0.00	0.0	543	3.89	619	6.6	0.24	7.2	0.000	0.040	24.9	51	14.1	24.9	9.35	1.1650	0.00	116	1	100.0	5
25/02/20	11:45 a	29.8	29.8	29.8	78	25.6	3.6	NNW	1.07	5.4	N	29.7	36.7	36.6	42.4	1012.4	0.00	0.0	579	4.15	598	6.8	0.24	7.0	0.000	0.040	24.9	49	13.5	24.8	9.01	1.1657	0.00	113	1	99.1	5
25/02/20	11:50 a	29.7	29.8	29.6	78	25.4	3.6	NNW	1.07	7.2	NNW	29.6	36.3	36.2	41.6	1012.3	0.00	0.0	530	3.80	536	6.5	0.23	7.0	0.000	0.039	24.8	48	13.1	24.7	8.92	1.1665	0.00	116	1	100.0	5
25/02/20	11:55 a	29.7	29.8	29.7	78	25.4	3.1	NNW	0.94	5.8	NNW	29.7	36.3	36.3	41.8	1012.2	0.00	0.0	512	3.67	526	6.1	0.22	6.2	0.000	0.039	24.9	50	13.8	24.8	9.21	1.1654	0.00	116	1	100.0	5
25/02/20	12:00 p	29.9	29.9	29.6	78	25.7	3.1	NNW	0.94	5.8	NNE	29.9	37.1	37.1	43.2	1012.3	0.00	0.0	596	4.27	629	6.8	0.24	7.2	0.000	0.040	24.9	50	13.8	24.9	9.21	1.1652	0.38	116	1	100.0	5
25/02/20	12:05 p	30.2	30.2	29.9	77	25.7	3.6	NNE	1.07	6.3	N	30.1	37.4	37.3	43.0	1012.2	0.00	0.0	569	4.08	606	6.6	0.24	6.9	0.000	0.041	25.0	49	13.5	24.9	9.01	1.1652	0.00	116	1	100.0	5
25/02/20	12:10 p	29.8	30.2	29.8	77	25.4	4.0	N	1.21	7.2	N	29.6	36.5	36.2	41.2	1012.1	0.00	0.0	493	3.53	508	6.0	0.21	6.1	0.000	0.040	24.9	50	13.8	24.9	9.21	1.1650	0.00	117	1	100.0	5
25/02/20	12:15 p	29.8	29.8	29.6	79	25.8	3.1	NNE	0.94	6.7	N	29.8	37.0	37.0	42.2	1012.1	0.00	0.0	475	3.40	483	5.9	0.21	6.0	0.000	0.040	24.9	52	14.4	24.9	9.51	1.1643	0.00	114	1	100.0	5
25/02/20	12:20 p	29.8	29.9	29.8	78	25.5	3.1	N	0.94	5.8	NNW	29.8	36.6	36.6	41.9	1012.0	0.00	0.0	480	3.44	483	5.8	0.21	5.8	0.000	0.040	25.0	50	13.9	24.9	9.21	1.1645	0.00	114	1	100.0	5
25/02/20	12:25 p	30.0	30.0	29.8	77	25.5	2.7	N	0.80	5.4	NNW	30.0	36.9	36.9	42.2	1011.9	0.00	0.0	464	3.33	478	5.4	0.19	5.7	0.000	0.041	25.0	48	13.2	24.8	8.91	1.1652	0.00	116	1	100.0	5
25/02/20	12:30 p	29.6	30.0	29.6	79	25.6	4.0	NNW	1.21	6.3	NNE	29.3	36.4	36.1	40.7	1011.9	0.00	0.0	446	3.20	452	5.2	0.19	5.3	0.000	0.039	25.0	50	13.9	24.9	9.21	1.1645	0.00	117	1	100.0	5
25/02/20	12:35 p	29.4	29.7	29.4	79	25.4	4.0	N	1.21	6.7	NNE	29.1	35.9	35.6	40.2	1011.8	0.00	0.0	446	3.20	450	5.0	0.18	5.1	0.000	0.039	25.1	51	14.2	25.1	9.35	1.1637	0.00	117	1	100.0	5
25/02/20	12:40 p	29.7	29.7	29.4	80	25.8	3.1	NNW	0.94	5.4	NNW	29.7	36.8	36.8	41.8	1011.7	0.00	0.0	449	3.22	468	4.9	0.17	5.0	0.000	0.039	25.1	49	13.6	24.9	9.01	1.1643	0.00	117	1	100.0	5
25/02/20	12:45 p	29.7	29.8	29.7	79	25.7	3.1	NNW	0.94	5.4	N	29.7	36.7	36.7	41.3	1011.7	0.00	0.0	415	2.97	464	4.4	0.16	4.9	0.000	0.040	25.0	47	12.9	24.8	8.71	1.1653	0.00	117	1	100.0	5
25/02/20	12:50 p	29.5	29.7	29.5	79	25.5	3.1	NNW	0.94	5.8	N	29.5	36.1	36.1	40.0	1011.6	0.00	0.0	344	2.47	369	3.8	0.14	4.0	0.000	0.039	25.0	50	13.9	24.9	9.21	1.1641	0.00	115	1	100.0	5
25/02/20	12:55 p	29.5	29.6	29.4	79	25.5	2.7	N	0.80	5.4	NNW	29.5	36.1	36.1	40.4	1011.6	0.00	0.0	374	2.68	406	4.0	0.14	4.3	0.000	0.039	25.0	49	13.5	24.9	9.01	1.1645	0.00	113	1	99.1	5
25/02/20	1:00 p	29.6	29.6	29.4	79	25.5	2.7	NNW	0.80	5.4	N	29.6	36.2	36.2	41.1	1011.3	0.00	0.0	418	3.00	424	4.5	0.16	4.5	0.000	0.039	25.0	47	12.9	24.8	8.71	1.1649	0.33	114	1	100.0	5
25/02/20	1:05 p	29.6	29.6	29.5	80	25.7	2.7	NW	0.80	5.4	NW	29.6	36.5	36.5	40.9	1011.3	0.00	0.0	372	2.67	396	4.0	0.14	4.2	0.000	0.039	24.9	48	13.2	24.8	8.91	1.1648	0.00	116	1	100.0	5
25/02/20	1:10 p	29.3	29.6	29.3	79	25.3	4.0	NW	1.21	7.2	NNW	28.9	35.4	35.1	38.7	1011.2	0.00	0.0	331	2.37	350	3.5	0.13	3.7	0.000	0.038	25.0	50	13.9	24.9	9.21	1.1637	0.00	117	1	100.0	5
25/02/20	1:15 p	29.2	29.3	29.1	81	25.6	3.6	N	1.07	5.4	NNE	29.1	35.6	35.5	39.7	1011.2	0.00	0.0	372	2.67	378	3.9	0.14	4.0	0.000	0.038	25.1	49	13.6	24.9	9.01	1.1638	0.00	116	1	100.0	5
25/02/20	1:20 p	29.4	29.4	29.1	81	25.8	2.2	NNE	0.67	4.5	NNE	29.4	36.4	36.4	40.8	1011.1	0.00	0.0	363	2.60	369	3.7	0.13	3.8	0.000	0.039	25.0	47	12.9	24.8	8.71	1.1646	0.00	115	1	100.0	5
25/02/20	1:25 p	29.4	29.6	29.4	80	25.6	3.6	NNW	1.07	6.7	N	29.3	36.0	35.9	40.3	1011.0	0.00	0.0	399	2.86	415	3.9	0.14	4.0	0.000	0.038	24.9	48	13.2	24.8	8.91	1.1645	0.00	114	1	100.0	5
25/02/20	1:30 p	29.3	29.4	29.3	79	25.3	4.0	N	1.21	7.2	NNW	28.9	35.4	35.1	39.6	1011.0	0.00	0.0	426	3.05	452	4.1	0.15	4.2	0.000	0.038	25.0	50	13.9	24.9	9.21	1.1634	0.00	114	1	100.0	5
25/02/20	1:35 p	29.5	29.5	29.3	79	25.5	3.1	NNW	0.94	6.7	NNW	29.5	36.1	36.1	41.3	1010.9	0.00	0.0	461	3.30	476	4.4	0.16	4.4	0.000	0.039	25.1	49	13.6	24.9	9.01	1.1634	0.00	115	1	100.0	5
25/02/20	1:40 p	29.6	29.6	29.5	79	25.6	3.6	NNW	1.07	6.7	NNE	29.5	36.4	36.3	41.6	1010.8	0.00	0.0	489	3.50	534	4.5	0.16	4.6	0.000	0.039	25.0	47	12.9	24.8	8.71	1.1643	0.00	117	1	100.0	5
25/02/20	1:45 p	29.7	29.7	29.6	79	25.7	3.1	NNW	0.94	5.4	NNE	29.7	36.7	36.7	41.9	1010.7	0.00	0.0	461	3.30	485	4.4	0.16	4.6	0.000	0.040	24.9	45	12.2	24.6	8.41	1.1652	0.00	116	1	100.0	5
25/02/20	1:50 p	29.8	29.8	29.7	79	25.7	3.1	N	0.94	6.3	NNE	29.8	36.8	36.8	41.7	1010.6	0.00	0.0	408	2.92	425	3.9	0.14	4.2	0.000	0.040	24.9	48	13.2	24.8	8.91	1.1640	0.00	117	1	100.0	5
25/02/20	1:55 p	29.7	29.8	29.7	79	25.6	2.7	N	0.80	4.5	NNE	29.7	36.6	36.6	41.2	1010.6	0.00	0.0	377	2.70	385	3.5	0.13	3.7	0.000	0.039	25.0	48	13.2	24.8	8.91	1.1637	0.00	116	1	100.0	5
25/02/20	2:00 p	29.4	29.8	29.4	80	25.6	3.6	NNW	1.07	6.3	NNW	29.3	36.2	36.1	40.1	1010.5	0.00	0.0	341	2.44	367	3.2	0.11	3.3	0.000	0.039	25.0	46	12.6	24.7	8.51	1.1644	0.30	114	1	100.0	5
25/02/20	2:05 p	29.4	29.4	29.4	80	25.6	3.1	NNW	0.94	5.8	N	29.4	36.0	36.0	39.7	1010.5	0.00	0.0	296	2.12	308	2.7	0.10	2.9	0.000	0.038	24.9	46	12.5	24.7	8.51	1.1646	0.00	114	1	100.0	5
25/02/20	2:10 p	29.1	29.4	29.1	80	25.3	4.0	NNW	1.21	6.7	N	28.7	35.2	34.8	38.1	1010.5	0.00	0.0	281	2.01	285	2.5	0.09	2.6	0.000	0.037	24.9	48	13.2	24.8	8.91	1.1638	0.00	117	1	100.0	5
25/02/20	2:15 p	29.2	29.2	29.1	81	25.6	3.1	NNW	0.94	7.2	NNE	29.2	35.6	35.6	39.2	1010.4	0.00	0.0	278	1.99	283	2.4	0.09	2.4	0.000	0.038	25.0	50	13.9	24.9	9.21	1.1627	0.00	116	1	100.0	5
25/02/20	2:20 p	29.2	29.2	29.1	81	25.6	3.6	NNW	1.07	6.7	NNW	29.1	35.6	35.5	39.2	1010.3	0.00	0.0	300	2.15	315	2.5	0.09	2.5	0.000	0.038	25.0	48	13.2	24.8	8.91	1.1633	0.00	114	1	100.0	5
25/02/20	2:25 p	29.3	29.3	29.1	81	25.7	3.6	NNW	1.07	7.2	N	29.2	36.1	36.0	40.2	1010.2	0.00	0.0	343	2.46	373	2.7	0.10	3.0	0.000	0.038	24.9	47	12.9	24.7	8.71	1.1639	0.00	117	1	100.0	5
25/02/20	2:30 p	29.4	29.4	29.3	81	25.8	3.6	N	1.07	6.7	NNW	29.3	36.3	36.2	40.8	1010.1	0.00	0.0	377	2.70	385	2.8	0.10	2.8	0.000	0.038	24.9	47	12.8	24.7	8.71	1.1641	0.00	116	1	100.0	5
25/02/20	2:35 p	29.7	29.7	29.3	80	25.9	2.7	N	0.80	5.4	NNW	29.7	36.9	36.9	42.1	1010.1	0.00	0.0	390	2.80	410	2.9	0.10	3.3	0.000	0.040	24.9	49	13.4	24.8	9.01	1.1633	0.00	114	1	100.0	5
25/02/20	2:40 p	29.9	29.9	29.7	78	25.6	3.6	NNW	1.07	6.7	NNE	29.8	36.9	36.8	41.6	1010.1	0.00	0.0	383	2.75	457	2.8	0.10	3.3	0.000	0.040	24.9	48	13.2	24.8	8.91	1.1634	0.00	114	1	100.0	5
25/02/20	2:45 p	29.6	29.8	29.6	79	25.6	3.6	NW	1.07	5.8	N	29.5	36.4	36.3	41.1	1010.0	0.00	0.0	375	2.69	390	2.7	0.10	3.1	0.000	0.039	24.9	47	12.8	24.7	8.71	1.1639	0.00	115	1	100.0	5
25/02/20	2:50 p	29.6	29.7	29.5	80	25.7	3.6	NNW	1.07	8.0	NNE	29.4	36.5	36.4	40.7	1010.0	0.00	0.0	330	2.37	385	2.4	0.09	2.6	0.000	0.039	24.9	49	13.4	24.8	9.01	1.1632	0.00	117	1	100.0	5
25/02/20	2:55 p	29.5	29.6	29.4	80	25.7	3.1	NNW	0.94	6.3	N	29.5	36.3	36.3	40.5	1010.1	0.00	0.0	296	2.12	320	2.1	0.07	2.2	0.000	0.039	24.9	50	13.8	24.9	9.21	1.1626	0.00	117	1	100.0	5
25/02/20	3:00 p	29.2	29.4	29.2	80	25.4	4.5	NNW	1.34	7.6	N	28.6	35.4	34.8	38.3	1010.1	0.00	0.0	279	2.00	295	1.9	0.07	2.0	0.000	0.038	25.0	50	13.9	24.9	9.21	1.1624	0.28	116	1	100.0	5
25/02/20	3:05 p	29.1	29.2	29.1	81	25.5	4.0	NNW	1.21	7.6	N	28.7	35.3	34.9	38.6	1010.0	0.00	0.0	270	1.94	292	1.8	0.06	1.9	0.000	0.037	25.0	50	13.9	24.9	9.21	1.1622	0.00	115	1	100.0	5
25/02/20	3:10 p	29.1	29.1	29.0	81	25.5	4.0	NNW	1.21	8.5	NNE	28.7	35.3	34.9	38.2	1010.1	0.00	0.0	232	1.66	250	1.6	0.06	1.6	0.000	0.037	24.9	49	13.5	24.8	9.01	1.1630	0.00	112	1	98.2	5
25/02/20	3:15 p	28.7	29.0	28.7	82	25.3	4.9	N	1.48	8.5	NNE	27.9	34.6	33.8	36.3	1010.0	0.00	0.0	194	1.39	207	1.4	0.05	1.5	0.000	0.036	24.9	51	14.1	24.9	9.35	1.1621	0.00	116	1	100.0	5
25/02/20	3:20 p	28.7	28.8	28.7	83	25.5	3.6	N	1.07	5.8	N	28.6	34.8	34.7	37.2	1010.1	0.00	0.0	169	1.21	174	1.1	0.04	1.2	0.000	0.036	24.9	51	14.1	24.9	9.35	1.1623	0.00	117	1	100.0	5
25/02/20	3:25 p	28.8	28.9	28.7	82	25.5	3.1	N	0.94	7.6	N	28.8	34.9	34.9	37.3	1010.1	0.00	0.0	156	1.12	160	0.9	0.03	1.0	0.000	0.036	24.9	48	13.1	24.7	8.91	1.1636	0.00	115	1	100.0	5
25/02/20	3:30 p	28.6	28.8	28.6	83	25.4	4.0	N	1.21	7.2	N	28.2	34.6	34.2	36.6	1010.2	0.00	0.0	165	1.18	169	0.9	0.03	0.9	0.000	0.036	24.8	49	13.4	24.7	9.02	1.1636	0.00	117	1	100.0	5
25/02/20	3:35 p	28.6	28.7	28.6	84	25.6	3.1	NNW	0.94	7.2	NNE	28.6	34.8	34.8	37.4	1010.2	0.00	0.0	160	1.15	165	0.9	0.03	0.9	0.000	0.036	24.9	52	14.4	24.9	9.51	1.1623	0.00	117	1	100.0	5
25/02/20	3:40 p	28.7	28.7	28.6	84	25.7	2.7	NNW	0.80	5.4	NNE	28.7	34.9	34.9	37.6	1010.2	0.00	0.0	154	1.10	156	0.8	0.03	0.8	0.000	0.036	24.9	50	13.8	24.9	9.21	1.1627	0.00	114	1	100.0	5
25/02/20	3:45 p	28.7	28.7	28.7	83	25.5	3.1	NNW	0.94	6.3	N	28.7	34.7	34.7	37.2	1010.1	0.00	0.0	149	1.07	153	0.8	0.03	0.8	0.000	0.036	24.8	48	13.1	24.7	8.92	1.1640	0.00	114	1	100.0	5
25/02/20	3:50 p	28.5	28.7	28.5	84	25.5	4.0	NNW	1.21	7.2	NW	28.1	34.4	34.0	36.3	1010.2	0.00	0.0	146	1.05	149	0.7	0.03	0.7	0.000	0.035	24.8	50	13.7	24.8	9.22	1.1633	0.00	116	1	100.0	5
25/02/20	3:55 p	28.4	28.6	28.4	83	25.3	4.5	NNW	1.34	6.7	N	27.8	34.1	33.4	35.6	1010.3	0.00	0.0	132	0.95	135	0.6	0.02	0.7	0.000	0.035	24.9	52	14.4	24.9	9.51	1.1624	0.00	115	1	100.0	5
25/02/20	4:00 p	28.4	28.5	28.4	84	25.5	3.6	N	1.07	6.3	NNW	28.3	34.3	34.1	36.2	1010.2	0.00	0.0	122	0.87	125	0.6	0.02	0.6	0.000	0.035	24.9	51	14.1	24.9	9.35	1.1627	0.15	117	1	100.0	5
25/02/20	4:05 p	28.5	28.5	28.4	84	25.5	2.7	NNW	0.80	4.9	NNE	28.5	34.4	34.4	36.6	1010.2	0.00	0.0	115	0.82	120	0.5	0.02	0.5	0.000	0.035	24.8	49	13.4	24.7	9.02	1.1637	0.00	115	1	100.0	5
25/02/20	4:10 p	28.5	28.6	28.5	83	25.3	3.1	NNW	0.94	6.7	NNW	28.5	34.2	34.2	36.3	1010.3	0.00	0.0	108	0.77	113	0.0	0.00	0.0	0.000	0.035	24.8	51	14.0	24.8	9.35	1.1631	0.00	116	1	100.0	5
25/02/20	4:15 p	28.3	28.5	28.3	83	25.2	3.6	NNW	1.07	6.3	NNW	28.2	33.8	33.6	35.4	1010.2	0.00	0.0	101	0.72	104	0.0	0.00	0.0	0.000	0.035	24.9	54	15.0	25.0	9.81	1.1613	0.00	113	1	99.1	5
25/02/20	4:20 p	28.3	28.4	28.3	84	25.3	4.0	N	1.21	7.6	NNW	27.8	33.8	33.4	35.1	1010.2	0.00	0.0	94	0.67	97	0.0	0.00	0.0	0.000	0.035	25.1	55	15.4	25.2	9.97	1.1604	0.00	112	1	98.2	5
25/02/20	4:25 p	28.3	28.3	28.2	84	25.3	3.6	N	1.07	6.7	NNW	28.1	33.8	33.7	35.6	1010.2	0.00	0.0	100	0.72	109	0.0	0.00	0.0	0.000	0.035	25.1	53	14.8	25.1	9.65	1.1611	0.00	116	1	100.0	5
25/02/20	4:30 p	28.2	28.3	28.2	84	25.3	4.5	NNW	1.34	7.6	N	27.6	33.7	33.0	34.4	1010.2	0.00	0.0	79	0.57	84	0.0	0.00	0.0	0.000	0.034	25.1	53	14.8	25.1	9.65	1.1611	0.00	115	1	100.0	5
25/02/20	4:35 p	28.1	28.2	28.1	83	24.9	3.6	NNW	1.07	8.0	NNW	27.9	33.2	33.1	34.3	1010.3	0.00	0.0	67	0.48	72	0.0	0.00	0.0	0.000	0.034	25.2	53	14.9	25.2	9.65	1.1606	0.00	116	1	100.0	5
25/02/20	4:40 p	28.1	28.2	28.1	83	24.9	3.6	N	1.07	7.6	N	27.9	33.2	33.1	34.1	1010.3	0.00	0.0	58	0.42	62	0.0	0.00	0.0	0.000	0.034	25.3	54	15.4	25.4	9.80	1.1594	0.00	116	1	100.0	5
25/02/20	4:45 p	28.1	28.1	28.1	83	24.9	3.1	N	0.94	6.3	NNE	28.1	33.2	33.2	34.1	1010.4	0.00	0.0	47	0.34	53	0.0	0.00	0.0	0.000	0.034	25.4	55	15.7	25.6	9.94	1.1586	0.00	115	1	100.0	5
25/02/20	4:50 p	28.1	28.1	28.1	83	24.9	3.6	N	1.07	6.7	N	27.9	33.1	32.9	33.5	1010.5	0.00	0.0	36	0.26	40	0.0	0.00	0.0	0.000	0.034	25.6	57	16.5	25.9	10.23	1.1571	0.00	113	1	99.1	5
25/02/20	4:55 p	28.0	28.1	28.0	84	25.0	2.7	N	0.80	5.4	N	28.0	33.1	33.1	33.4	1010.6	0.00	0.0	26	0.19	30	0.0	0.00	0.0	0.000	0.034	25.8	58	16.9	26.2	10.41	1.1557	0.00	114	1	100.0	5
25/02/20	5:00 p	27.9	28.0	27.9	84	25.0	2.7	N	0.80	5.8	N	27.9	33.0	33.0	32.7	1010.7	0.00	0.0	20	0.14	23	0.0	0.00	0.0	0.000	0.033	25.9	59	17.3	26.4	10.60	1.1548	0.08	116	1	100.0	5
25/02/20	5:05 p	27.8	27.9	27.8	85	25.1	3.1	N	0.94	5.8	NNW	27.8	32.9	32.9	32.5	1010.6	0.00	0.0	15	0.11	18	0.0	0.00	0.0	0.000	0.033	26.1	59	17.4	26.5	10.59	1.1541	0.00	116	1	100.0	5
25/02/20	5:10 p	27.8	27.8	27.8	85	25.0	3.6	N	1.07	6.7	NNE	27.6	32.7	32.6	32.1	1010.6	0.00	0.0	10	0.07	11	0.0	0.00	0.0	0.000	0.033	26.2	60	17.8	26.8	10.78	1.1529	0.00	116	1	100.0	5
25/02/20	5:15 p	27.7	27.8	27.7	86	25.2	2.7	NNE	0.80	6.7	N	27.7	32.7	32.7	32.2	1010.6	0.00	0.0	5	0.04	7	0.0	0.00	0.0	0.000	0.033	26.3	61	18.2	27.0	10.96	1.1519	0.00	117	1	100.0	5
25/02/20	5:20 p	27.7	27.7	27.7	86	25.1	3.1	NNE	0.94	5.4	NNE	27.7	32.6	32.6	32.0	1010.8	0.00	0.0	0	0.00	0	0.0	0.00	0.0	0.000	0.032	26.4	61	18.3	27.1	10.96	1.1518	0.00	116	1	100.0	5
25/02/20	5:25 p	27.6	27.7	27.6	86	25.1	3.1	N	0.94	6.7	N	27.6	32.4	32.4	31.8	1010.9	0.00	0.0	0	0.00	0	0.0	0.00	0.0	0.000	0.032	26.5	62	18.6	27.3	11.16	1.1509	0.00	114	1	100.0	5
25/02/20	5:30 p	27.6	27.6	27.6	86	25.0	2.7	N	0.80	4.5	N	27.6	32.3	32.3	31.7	1010.9	0.00	0.0	0	0.00	0	0.0	0.00	0.0	0.000	0.032	26.6	62	18.7	27.5	11.15	1.1504	0.00	109	1	95.6	5
25/02/20	5:35 p	27.6	27.6	27.5	86	25.0	2.7	NNE	0.80	5.4	N	27.6	32.3	32.3	31.7	1011.1	0.00	0.0	0	0.00	0	0.0	0.00	0.0	0.000	0.032	26.6	63	19.0	27.6	11.35	1.1502	0.00	113	1	99.1	5
25/02/20	5:40 p	27.6	27.6	27.5	86	25.0	2.2	NNW	0.67	4.9	NNW	27.6	32.3	32.3	31.7	1011.1	0.00	0.0	0	0.00	0	0.0	0.00	0.0	0.000	0.032	26.7	63	19.0	27.7	11.35	1.1499	0.00	114	1	100.0	5
25/02/20	5:45 p	27.6	27.6	27.5	86	25.0	2.2	NNE	0.67	4.0	NNW	27.6	32.3	32.3	31.7	1011.2	0.00	0.0	0	0.00	0	0.0	0.00	0.0	0.000	0.032	26.7	63	19.1	27.7	11.35	1.1497	0.00	112	1	98.2	5
25/02/20	5:50 p	27.6	27.6	27.5	86	25.0	1.8	NNE	0.54	4.0	NNE	27.6	32.3	32.3	31.7	1011.3	0.00	0.0	0	0.00	0	0.0	0.00	0.0	0.000	0.032	26.8	64	19.4	27.9	11.55	1.1491	0.00	111	1	97.4	5
25/02/20	5:55 p	27.5	27.6	27.5	86	24.9	2.2	N	0.67	5.4	N	27.5	32.2	32.2	31.6	1011.3	0.00	0.0	0	0.00	0	0.0	0.00	0.0	0.000	0.032	26.8	64	19.4	27.9	11.55	1.1491	0.00	112	1	98.2	5
25/02/20	6:00 p	27.5	27.5	27.5	86	24.9	2.7	NNE	0.80	5.8	NNE	27.5	32.2	32.2	31.6	1011.4	0.00	0.0	0	0.00	0	0.0	0.00	0.0	0.000	0.032	26.8	64	19.4	28.1	11.54	1.1490	0.03	109	1	95.6	5
25/02/20	6:05 p	27.4	27.5	27.4	86	24.9	1.8	NNE	0.54	3.6	NNE	27.4	32.0	32.0	31.4	1011.4	0.00	0.0	0	0.00	0	0.0	0.00	0.0	0.000	0.032	26.8	65	19.7	28.2	11.74	1.1485	0.00	111	1	97.4	5
25/02/20	6:10 p	27.4	27.4	27.4	86	24.9	2.7	NNE	0.80	4.9	NNE	27.4	32.0	32.0	31.4	1011.6	0.00	0.0	0	0.00	0	0.0	0.00	0.0	0.000	0.032	26.9	65	19.8	28.2	11.74	1.1484	0.00	115	1	100.0	5
25/02/20	6:15 p	27.4	27.4	27.4	86	24.9	1.8	N	0.54	4.5	N	27.4	32.0	32.0	31.4	1011.7	0.00	0.0	0	0.00	0	0.0	0.00	0.0	0.000	0.032	26.9	65	19.8	28.3	11.74	1.1482	0.00	112	1	98.2	5
25/02/20	6:20 p	27.4	27.4	27.4	86	24.8	2.2	NNE	0.67	4.5	N	27.4	31.9	31.9	31.3	1011.7	0.00	0.0	0	0.00	0	0.0	0.00	0.0	0.000	0.031	26.9	66	20.1	28.4	11.94	1.1478	0.00	115	1	100.0	5
25/02/20	6:25 p	27.4	27.4	27.4	86	24.8	1.8	NNE	0.54	3.6	NNE	27.4	31.9	31.9	31.3	1011.8	0.00	0.0	0	0.00	0	0.0	0.00	0.0	0.000	0.031	27.0	67	20.3	28.6	12.14	1.1473	0.00	116	1	100.0	5
25/02/20	6:30 p	27.4	27.4	27.3	86	24.8	1.3	NE	0.40	2.7	NE	27.4	31.9	31.9	31.3	1011.8	0.00	0.0	0	0.00	0	0.0	0.00	0.0	0.000	0.031	27.1	68	20.6	28.8	12.34	1.1466	0.00	112	1	98.2	5
25/02/20	6:35 p	27.4	27.4	27.3	86	24.8	1.8	NNE	0.54	3.6	N	27.4	31.9	31.9	31.3	1011.8	0.00	0.0	0	0.00	0	0.0	0.00	0.0	0.000	0.031	27.1	68	20.7	28.9	12.33	1.1463	0.00	113	1	99.1	5
25/02/20	6:40 p	27.3	27.4	27.3	86	24.8	1.8	NNE	0.54	4.5	NNE	27.3	31.7	31.7	31.1	1011.9	0.00	0.0	0	0.00	0	0.0	0.00	0.0	0.000	0.031	27.1	68	20.7	28.9	12.33	1.1464	0.00	115	1	100.0	5
25/02/20	6:45 p	27.3	27.3	27.3	86	24.8	1.8	NNE	0.54	4.0	N	27.3	31.7	31.7	31.1	1012.0	0.00	0.0	0	0.00	0	0.0	0.00	0.0	0.000	0.031	27.1	69	20.9	29.1	12.52	1.1460	0.00	115	1	100.0	5
25/02/20	6:50 p	27.3	27.3	27.3	86	24.8	1.8	NE	0.54	4.0	NNE	27.3	31.7	31.7	31.1	1012.1	0.00	0.0	0	0.00	0	0.0	0.00	0.0	0.000	0.031	27.2	69	21.0	29.2	12.51	1.1458	0.00	115	1	100.0	5
25/02/20	6:55 p	27.4	27.4	27.3	86	24.8	1.3	NNE	0.40	3.6	NNE	27.4	31.9	31.9	31.3	1012.1	0.00	0.0	0	0.00	0	0.0	0.00	0.0	0.000	0.031	27.2	69	21.0	29.2	12.51	1.1458	0.00	115	1	100.0	5
25/02/20	7:00 p	27.4	27.4	27.3	86	24.8	1.3	NE	0.40	3.6	NNE	27.4	31.9	31.9	31.3	1012.1	0.00	0.0	0	0.00	0	0.0	0.00	0.0	0.000	0.031	27.2	69	21.0	29.3	12.51	1.1456	0.03	113	1	99.1	5
25/02/20	7:05 p	27.3	27.4	27.3	86	24.8	1.3	NNE	0.40	3.1	NNE	27.3	31.7	31.7	31.1	1012.2	0.00	0.0	0	0.00	0	0.0	0.00	0.0	0.000	0.031	27.2	69	21.0	29.3	12.51	1.1457	0.00	113	1	99.1	5
25/02/20	7:10 p	27.3	27.3	27.3	87	25.0	1.8	NNE	0.54	4.0	NNE	27.3	31.9	31.9	31.3	1012.4	0.00	0.0	0	0.00	0	0.0	0.00	0.0	0.000	0.031	27.2	69	21.0	29.3	12.51	1.1459	0.00	114	1	100.0	5
25/02/20	7:15 p	27.3	27.3	27.3	87	25.0	1.3	NE	0.40	4.0	NNE	27.3	31.9	31.9	31.3	1012.3	0.00	0.0	0	0.00	0	0.0	0.00	0.0	0.000	0.031	27.3	69	21.1	29.3	12.51	1.1455	0.00	116	1	100.0	5
25/02/20	7:20 p	27.3	27.3	27.3	87	25.0	1.3	NE	0.40	3.6	NNE	27.3	31.9	31.9	31.3	1012.3	0.00	0.0	0	0.00	0	0.0	0.00	0.0	0.000	0.031	27.3	69	21.1	29.3	12.51	1.1455	0.00	115	1	100.0	5
25/02/20	7:25 p	27.3	27.3	27.3	87	25.0	1.8	NE	0.54	3.6	NE	27.3	31.9	31.9	31.3	1012.5	0.00	0.0	0	0.00	0	0.0	0.00	0.0	0.000	0.031	27.3	69	21.1	29.3	12.51	1.1457	0.00	115	1	100.0	5
25/02/20	7:30 p	27.3	27.3	27.3	87	25.0	0.9	NE	0.27	2.7	NNE	27.3	31.9	31.9	31.3	1012.5	0.00	0.0	0	0.00	0	0.0	0.00	0.0	0.000	0.031	27.3	69	21.1	29.3	12.51	1.1457	0.00	117	1	100.0	5
25/02/20	7:35 p	27.3	27.3	27.3	87	24.9	0.9	NE	0.27	2.2	ENE	27.3	31.7	31.7	31.1	1012.7	0.00	0.0	0	0.00	0	0.0	0.00	0.0	0.000	0.031	27.3	69	21.1	29.3	12.51	1.1459	0.00	114	1	100.0	5
25/02/20	7:40 p	27.2	27.3	27.2	87	24.9	0.9	NNE	0.27	1.8	NNE	27.2	31.6	31.6	30.9	1012.7	0.00	0.0	0	0.00	0	0.0	0.00	0.0	0.000	0.031	27.3	69	21.1	29.4	12.50	1.1457	0.00	114	1	100.0	5
25/02/20	7:45 p	27.3	27.3	27.2	87	24.9	0.9	NE	0.27	2.2	NNE	27.3	31.7	31.7	31.1	1012.7	0.00	0.0	0	0.00	0	0.0	0.00	0.0	0.000	0.031	27.3	69	21.1	29.4	12.50	1.1457	0.00	116	1	100.0	5
25/02/20	7:50 p	27.3	27.3	27.2	87	24.9	0.9	NNE	0.27	2.2	NNE	27.3	31.7	31.7	31.1	1012.7	0.00	0.0	0	0.00	0	0.0	0.00	0.0	0.000	0.031	27.3	69	21.1	29.4	12.50	1.1457	0.00	115	1	100.0	5
25/02/20	7:55 p	27.3	27.3	27.2	87	24.9	0.4	NNE	0.13	1.3	NE	27.3	31.7	31.7	31.1	1012.8	0.00	0.0	0	0.00	0	0.0	0.00	0.0	0.000	0.031	27.3	70	21.4	29.6	12.78	1.1454	0.00	115	1	100.0	5
25/02/20	8:00 p	27.2	27.3	27.2	88	25.1	0.9	NE	0.27	1.8	ENE	27.2	31.7	31.7	31.1	1012.9	0.00	0.0	0	0.00	0	0.0	0.00	0.0	0.000	0.031	27.3	70	21.4	29.6	12.78	1.1455	0.03	116	1	100.0	5
25/02/20	8:05 p	27.3	27.3	27.2	88	25.1	0.4	NNE	0.13	0.9	NE	27.3	31.8	31.8	31.2	1012.9	0.00	0.0	0	0.00	0	0.0	0.00	0.0	0.000	0.031	27.3	70	21.4	29.6	12.78	1.1455	0.00	113	1	99.1	5
25/02/20	8:10 p	27.2	27.3	27.2	88	25.1	0.9	NE	0.27	1.3	NE	27.2	31.7	31.7	31.1	1012.9	0.00	0.0	0	0.00	0	0.0	0.00	0.0	0.000	0.031	27.3	70	21.4	29.6	12.78	1.1455	0.00	114	1	100.0	5
25/02/20	8:15 p	27.2	27.2	27.2	88	25.1	0.4	NE	0.13	1.3	NE	27.2	31.7	31.7	31.1	1013.1	0.00	0.0	0	0.00	0	0.0	0.00	0.0	0.000	0.031	27.4	69	21.2	29.6	12.50	1.1458	0.00	112	1	98.2	5
25/02/20	8:20 p	27.3	27.3	27.2	88	25.1	0.0	NE	0.00	0.4	NE	27.3	31.8	31.8	31.2	1013.1	0.00	0.0	0	0.00	0	0.0	0.00	0.0	0.000	0.031	27.4	69	21.2	29.6	12.50	1.1459	0.00	116	1	100.0	5
25/02/20	8:25 p	27.2	27.3	27.2	88	25.1	0.4	NE	0.13	0.9	NE	27.2	31.7	31.7	31.1	1013.1	0.00	0.0	0	0.00	0	0.0	0.00	0.0	0.000	0.031	27.4	69	21.2	29.6	12.50	1.1458	0.00	114	1	100.0	5
25/02/20	8:30 p	27.2	27.2	27.2	88	25.1	0.4	NE	0.13	1.3	NNE	27.2	31.7	31.7	31.1	1013.1	0.00	0.0	0	0.00	0	0.0	0.00	0.0	0.000	0.031	27.4	69	21.2	29.6	12.50	1.1458	0.00	114	1	100.0	5
25/02/20	8:35 p	27.2	27.2	27.2	88	25.1	0.9	NNE	0.27	1.8	NE	27.2	31.7	31.7	31.1	1013.2	0.00	0.0	0	0.00	0	0.0	0.00	0.0	0.000	0.031	27.4	69	21.2	29.6	12.50	1.1460	0.00	115	1	100.0	5
25/02/20	8:40 p	27.2	27.2	27.2	88	25.1	0.9	NE	0.27	1.8	NE	27.2	31.7	31.7	31.1	1013.2	0.00	0.0	0	0.00	0	0.0	0.00	0.0	0.000	0.031	27.4	69	21.2	29.7	12.49	1.1456	0.00	115	1	100.0	5
25/02/20	8:45 p	27.2	27.2	27.2	88	25.0	0.4	NNE	0.13	0.9	NNE	27.2	31.6	31.6	30.9	1013.2	0.00	0.0	0	0.00	0	0.0	0.00	0.0	0.000	0.031	27.4	70	21.5	29.8	12.77	1.1452	0.00	111	1	97.4	5
25/02/20	8:50 p	27.2	27.2	27.2	88	25.1	0.4	NNE	0.13	0.9	NNE	27.2	31.7	31.7	31.1	1013.3	0.00	0.0	0	0.00	0	0.0	0.00	0.0	0.000	0.031	27.4	69	21.2	29.7	12.49	1.1457	0.00	114	1	100.0	5
25/02/20	8:55 p	27.2	27.2	27.2	88	25.0	0.4	NNE	0.13	0.9	NNE	27.2	31.6	31.6	30.9	1013.4	0.00	0.0	0	0.00	0	0.0	0.00	0.0	0.000	0.031	27.4	69	21.2	29.7	12.49	1.1459	0.00	114	1	100.0	5
25/02/20	9:00 p	27.2	27.2	27.2	88	25.1	0.9	NNE	0.27	1.3	ENE	27.2	31.7	31.7	31.1	1013.4	0.00	0.0	0	0.00	0	0.0	0.00	0.0	0.000	0.031	27.4	69	21.2	29.7	12.49	1.1458	0.03	114	1	100.0	5
25/02/20	9:05 p	27.2	27.2	27.1	88	25.0	0.4	E	0.13	0.9	E	27.2	31.6	31.6	30.9	1013.5	0.00	0.0	0	0.00	0	0.0	0.00	0.0	0.000	0.031	27.4	69	21.2	29.7	12.49	1.1459	0.00	114	1	100.0	5
25/02/20	9:10 p	27.1	27.2	27.1	88	24.9	0.4	E	0.13	1.3	E	27.1	31.3	31.3	30.7	1013.5	0.00	0.0	0	0.00	0	0.0	0.00	0.0	0.000	0.030	27.4	69	21.2	29.7	12.49	1.1460	0.00	115	1	100.0	5
25/02/20	9:15 p	27.0	27.1	27.0	89	25.0	0.9	E	0.27	1.3	E	27.0	31.3	31.3	30.7	1013.6	0.00	0.0	0	0.00	0	0.0	0.00	0.0	0.000	0.030	27.4	69	21.2	29.7	12.49	1.1461	0.00	113	1	99.1	5
25/02/20	9:20 p	26.9	27.1	26.9	89	25.0	0.9	E	0.27	1.8	ESE	26.9	31.2	31.2	30.6	1013.6	0.00	0.0	0	0.00	0	0.0	0.00	0.0	0.000	0.030	27.4	69	21.2	29.7	12.49	1.1461	0.00	112	1	98.2	5
25/02/20	9:25 p	26.9	26.9	26.9	89	24.9	0.9	E	0.27	1.3	ESE	26.9	31.0	31.0	30.4	1013.8	0.00	0.0	0	0.00	0	0.0	0.00	0.0	0.000	0.030	27.4	69	21.2	29.7	12.49	1.1463	0.00	115	1	100.0	5
25/02/20	9:30 p	26.9	26.9	26.9	89	24.9	0.9	E	0.27	1.3	ESE	26.9	31.0	31.0	30.4	1013.8	0.00	0.0	0	0.00	0	0.0	0.00	0.0	0.000	0.030	27.5	70	21.5	29.9	12.76	1.1456	0.00	112	1	98.2	5
25/02/20	9:35 p	26.9	26.9	26.9	89	24.9	0.9	E	0.27	1.8	E	26.9	31.0	31.0	30.4	1013.6	0.00	0.0	0	0.00	0	0.0	0.00	0.0	0.000	0.030	27.5	69	21.3	29.8	12.49	1.1458	0.00	116	1	100.0	5
25/02/20	9:40 p	26.9	26.9	26.9	89	24.9	1.3	ESE	0.40	2.7	E	26.9	31.0	31.0	30.4	1013.7	0.00	0.0	0	0.00	0	0.0	0.00	0.0	0.000	0.030	27.5	69	21.3	29.8	12.49	1.1458	0.00	116	1	100.0	5
25/02/20	9:45 p	26.9	26.9	26.8	89	24.9	1.3	ESE	0.40	1.8	E	26.9	31.0	31.0	30.4	1013.7	0.00	0.0	0	0.00	0	0.0	0.00	0.0	0.000	0.030	27.5	70	21.5	29.9	12.76	1.1455	0.00	116	1	100.0	5
25/02/20	9:50 p	26.8	26.9	26.8	89	24.9	0.9	E	0.27	1.8	E	26.8	30.9	30.9	30.3	1013.8	0.00	0.0	0	0.00	0	0.0	0.00	0.0	0.000	0.030	27.5	70	21.5	29.9	12.76	1.1456	0.00	112	1	98.2	5
25/02/20	9:55 p	26.8	26.9	26.8	89	24.9	0.9	E	0.27	1.8	E	26.8	30.9	30.9	30.3	1013.7	0.00	0.0	0	0.00	0	0.0	0.00	0.0	0.000	0.030	27.5	70	21.5	29.9	12.76	1.1455	0.00	113	1	99.1	5
25/02/20	10:00 p	26.8	26.8	26.8	90	25.1	0.9	ENE	0.27	1.8	ENE	26.8	31.0	31.0	30.4	1013.8	0.00	0.0	0	0.00	0	0.0	0.00	0.0	0.000	0.030	27.6	70	21.6	30.0	12.75	1.1452	0.03	115	1	100.0	5
25/02/20	10:05 p	26.9	26.9	26.8	90	25.1	1.3	E	0.40	2.2	E	26.9	31.1	31.1	30.5	1013.8	0.00	0.0	0	0.00	0	0.0	0.00	0.0	0.000	0.030	27.5	70	21.5	29.9	12.76	1.1455	0.00	114	1	100.0	5
25/02/20	10:10 p	26.9	26.9	26.8	90	25.1	0.4	E	0.13	1.3	E	26.9	31.1	31.1	30.5	1013.8	0.00	0.0	0	0.00	0	0.0	0.00	0.0	0.000	0.030	27.5	70	21.5	29.9	12.76	1.1456	0.00	114	1	100.0	5
25/02/20	10:15 p	26.9	26.9	26.8	89	24.9	0.4	E	0.13	1.3	E	26.9	31.0	31.0	30.4	1013.7	0.00	0.0	0	0.00	0	0.0	0.00	0.0	0.000	0.030	27.6	70	21.6	30.0	12.75	1.1451	0.00	115	1	100.0	5
25/02/20	10:20 p	26.9	26.9	26.8	90	25.1	0.4	E	0.13	1.3	E	26.9	31.1	31.1	30.5	1013.7	0.00	0.0	0	0.00	0	0.0	0.00	0.0	0.000	0.030	27.5	70	21.5	29.9	12.76	1.1455	0.00	112	1	98.2	5
25/02/20	10:25 p	26.9	26.9	26.9	89	25.0	0.9	ENE	0.27	1.8	ENE	26.9	31.2	31.2	30.6	1013.7	0.00	0.0	0	0.00	0	0.0	0.00	0.0	0.000	0.030	27.6	70	21.6	30.0	12.75	1.1451	0.00	112	1	98.2	5
25/02/20	10:30 p	26.9	26.9	26.9	89	25.0	0.4	ENE	0.13	1.3	ENE	26.9	31.2	31.2	30.6	1013.7	0.00	0.0	0	0.00	0	0.0	0.00	0.0	0.000	0.030	27.6	70	21.6	30.0	12.75	1.1451	0.00	113	1	99.1	5
25/02/20	10:35 p	26.9	26.9	26.9	90	25.2	0.4	ENE	0.13	1.3	ENE	26.9	31.3	31.3	30.7	1013.6	0.00	0.0	0	0.00	0	0.0	0.00	0.0	0.000	0.030	27.6	70	21.6	30.0	12.75	1.1451	0.00	116	1	100.0	5
25/02/20	10:40 p	27.0	27.0	26.9	90	25.2	0.4	ENE	0.13	0.9	ENE	27.0	31.4	31.4	30.8	1013.6	0.00	0.0	0	0.00	0	0.0	0.00	0.0	0.000	0.030	27.5	70	21.5	29.9	12.76	1.1453	0.00	114	1	100.0	5
25/02/20	10:45 p	26.9	27.0	26.9	90	25.2	1.3	ENE	0.40	3.6	ESE	26.9	31.3	31.3	30.7	1013.6	0.00	0.0	0	0.00	0	0.0	0.00	0.0	0.000	0.030	27.6	70	21.6	30.0	12.75	1.1451	0.00	115	1	100.0	5
25/02/20	10:50 p	26.9	26.9	26.9	90	25.1	0.9	ENE	0.27	1.8	NNE	26.9	31.1	31.1	30.5	1013.6	0.00	0.0	0	0.00	0	0.0	0.00	0.0	0.000	0.030	27.6	70	21.6	30.0	12.75	1.1450	0.00	115	1	100.0	5
25/02/20	10:55 p	26.8	26.9	26.8	91	25.2	0.9	E	0.27	1.8	E	26.8	31.2	31.2	30.6	1013.7	0.00	0.0	0	0.00	0	0.0	0.00	0.0	0.000	0.030	27.6	70	21.6	30.0	12.75	1.1451	0.00	112	1	98.2	5
25/02/20	11:00 p	26.7	26.8	26.7	91	25.1	0.4	ENE	0.13	1.8	NE	26.7	30.9	30.9	30.3	1013.5	0.00	0.0	0	0.00	0	0.0	0.00	0.0	0.000	0.029	27.6	71	21.8	30.1	12.99	1.1446	0.03	113	1	99.1	5
25/02/20	11:05 p	26.6	26.8	26.6	91	25.0	0.0	ENE	0.00	0.9	ENE	26.6	30.6	30.6	30.0	1013.6	0.00	0.0	0	0.00	0	0.0	0.00	0.0	0.000	0.029	27.6	71	21.8	30.1	12.99	1.1446	0.00	114	1	100.0	5
25/02/20	11:10 p	26.6	26.7	26.6	92	25.2	0.4	ENE	0.13	0.9	ENE	26.6	30.8	30.8	30.2	1013.5	0.00	0.0	0	0.00	0	0.0	0.00	0.0	0.000	0.029	27.6	71	21.8	30.1	12.99	1.1446	0.00	114	1	100.0	5
25/02/20	11:15 p	26.5	26.6	26.5	92	25.1	0.4	ENE	0.13	1.8	NNE	26.5	30.5	30.5	29.9	1013.6	0.00	0.0	0	0.00	0	0.0	0.00	0.0	0.000	0.028	27.5	71	21.8	30.0	12.99	1.1449	0.00	115	1	100.0	5
25/02/20	11:20 p	26.4	26.5	26.4	93	25.2	0.9	NNW	0.27	2.2	N	26.4	30.5	30.5	29.9	1013.5	0.00	0.0	0	0.00	0	0.0	0.00	0.0	0.000	0.028	27.6	71	21.8	30.1	12.99	1.1446	0.00	114	1	100.0	5
25/02/20	11:25 p	26.4	26.4	26.4	93	25.2	0.4	NNW	0.13	2.2	NNW	26.4	30.4	30.4	29.8	1013.5	0.25	0.0	0	0.00	0	0.0	0.00	0.0	0.000	0.028	27.6	71	21.8	30.1	12.99	1.1445	0.00	112	1	98.2	5
25/02/20	11:30 p	26.3	26.4	26.3	93	25.1	0.4	NNW	0.13	1.3	N	26.3	30.2	30.2	29.6	1013.5	0.25	3.3	0	0.00	0	0.0	0.00	0.0	0.000	0.028	27.6	71	21.8	30.1	12.99	1.1445	0.00	112	1	98.2	5
25/02/20	11:35 p	26.3	26.3	26.3	93	25.1	2.2	NE	0.67	4.5	NE	26.3	30.1	30.1	29.5	1013.4	0.00	1.5	0	0.00	0	0.0	0.00	0.0	0.000	0.028	27.6	71	21.8	30.1	12.99	1.1444	0.00	116	1	100.0	5
25/02/20	11:40 p	26.3	26.3	26.3	93	25.1	1.3	NE	0.40	2.7	NE	26.3	30.2	30.2	29.6	1013.3	0.00	1.0	0	0.00	0	0.0	0.00	0.0	0.000	0.028	27.6	72	22.1	30.3	13.25	1.1439	0.00	117	1	100.0	5
25/02/20	11:45 p	26.2	26.3	26.2	94	25.2	0.9	N	0.27	1.8	NNE	26.2	30.1	30.1	29.5	1013.4	0.00	0.0	0	0.00	0	0.0	0.00	0.0	0.000	0.027	27.6	71	21.8	30.1	12.99	1.1444	0.00	117	1	100.0	5
25/02/20	11:50 p	26.2	26.3	26.2	94	25.2	0.9	NNE	0.27	1.3	NNE	26.2	30.1	30.1	29.5	1013.4	0.00	0.0	0	0.00	0	0.0	0.00	0.0	0.000	0.027	27.6	72	22.1	30.3	13.25	1.1440	0.00	117	1	100.0	5
25/02/20	11:55 p	26.2	26.2	26.1	94	25.1	0.9	NNE	0.27	1.3	NNE	26.2	29.9	29.9	29.3	1013.4	0.00	0.0	0	0.00	0	0.0	0.00	0.0	0.000	0.027	27.6	72	22.1	30.3	13.25	1.1439	0.00	118	1	100.0	5
