		Temp	Hi	Low	Out	Dew	Wind	Wind	Wind	Hi	Hi	Wind	Heat	THW	THSW			Rain	Solar	Solar	Hi Solar	UV 	UV 	Hi 	Heat	Cool	In 	In	In 	In 	In 	In Air		Wind	Wind	ISS 	Arc.
Date	Time	Out	Temp	Temp	Hum	Pt.	Speed	Dir	Run	Speed	Dir	Chill	Index	Index	Index	Bar  	Rain	Rate	Rad.	Energy	Rad. 	Index	Dose	UV 	D-D 	D-D 	Temp	Hum	Dew	Heat	EMC	Density	ET 	Samp	Tx 	Recept	Int.
03/03/20	12:05 a	26.1	26.2	26.1	90	24.3	1.3	NE	0.40	2.2	NE	26.1	29.3	29.3	28.6	1010.8	0.00	0.0	0	0.00	0	0.0	0.00	0.0	0.000	0.027	27.2	71	21.5	29.4	13.01	1.1435	0.00	114	1	100.0	5
03/03/20	12:10 a	26.1	26.2	26.1	90	24.3	0.9	NE	0.27	1.8	ENE	26.1	29.3	29.3	28.6	1010.8	0.00	0.0	0	0.00	0	0.0	0.00	0.0	0.000	0.027	27.1	71	21.4	29.3	13.02	1.1438	0.00	116	1	100.0	5
03/03/20	12:15 a	26.1	26.1	26.1	90	24.3	0.9	NE	0.27	2.2	NNE	26.1	29.2	29.2	28.5	1010.7	0.00	0.0	0	0.00	0	0.0	0.00	0.0	0.000	0.027	27.1	71	21.4	29.3	13.02	1.1437	0.00	114	1	100.0	5
03/03/20	12:20 a	25.9	26.1	25.9	91	24.4	0.4	NE	0.13	0.9	NE	25.9	29.1	29.1	28.4	1010.7	0.00	0.0	0	0.00	0	0.0	0.00	0.0	0.000	0.026	27.1	71	21.4	29.3	13.02	1.1438	0.00	116	1	100.0	5
03/03/20	12:25 a	25.9	26.0	25.9	91	24.4	0.4	NNE	0.13	1.3	NNE	25.9	29.1	29.1	28.4	1010.6	0.00	0.0	0	0.00	0	0.0	0.00	0.0	0.000	0.026	27.1	71	21.4	29.3	13.02	1.1436	0.00	117	1	100.0	5
03/03/20	12:30 a	25.8	25.9	25.8	91	24.3	0.4	NNE	0.13	1.8	NE	25.8	28.8	28.8	28.1	1010.7	0.00	0.0	0	0.00	0	0.0	0.00	0.0	0.000	0.026	27.1	71	21.4	29.3	13.02	1.1437	0.00	117	1	100.0	5
03/03/20	12:35 a	25.9	25.9	25.8	91	24.3	0.9	NE	0.27	1.8	ENE	25.9	28.9	28.9	28.3	1010.7	0.00	0.0	0	0.00	0	0.0	0.00	0.0	0.000	0.026	27.1	71	21.4	29.3	13.02	1.1437	0.00	117	1	100.0	5
03/03/20	12:40 a	25.9	25.9	25.8	91	24.3	0.4	ENE	0.13	1.3	ENE	25.9	28.9	28.9	28.3	1010.6	0.00	0.0	0	0.00	0	0.0	0.00	0.0	0.000	0.026	27.1	71	21.4	29.3	13.02	1.1436	0.00	117	1	100.0	5
03/03/20	12:45 a	25.9	25.9	25.8	91	24.3	0.4	ENE	0.13	1.3	ENE	25.9	28.9	28.9	28.3	1010.4	0.00	0.0	0	0.00	0	0.0	0.00	0.0	0.000	0.026	27.1	71	21.4	29.3	13.02	1.1434	0.00	115	1	100.0	5
03/03/20	12:50 a	25.9	25.9	25.8	91	24.3	0.4	E	0.13	0.9	ENE	25.9	28.9	28.9	28.3	1010.3	0.00	0.0	0	0.00	0	0.0	0.00	0.0	0.000	0.026	27.1	72	21.6	29.3	13.25	1.1431	0.00	114	1	100.0	5
03/03/20	12:55 a	25.9	25.9	25.9	91	24.3	0.4	ENE	0.13	0.9	E	25.9	28.9	28.9	28.3	1010.3	0.00	0.0	0	0.00	0	0.0	0.00	0.0	0.000	0.026	27.1	72	21.6	29.4	13.25	1.1428	0.00	116	1	100.0	5
03/03/20	1:00 a	25.9	25.9	25.8	91	24.3	0.4	ENE	0.13	1.3	ENE	25.9	28.9	28.9	28.3	1010.2	0.00	0.0	0	0.00	0	0.0	0.00	0.0	0.000	0.026	27.1	72	21.6	29.3	13.25	1.1431	0.00	117	1	100.0	5
03/03/20	1:05 a	25.8	25.9	25.8	91	24.3	0.4	NE	0.13	0.9	NE	25.8	28.8	28.8	28.1	1010.2	0.00	0.0	0	0.00	0	0.0	0.00	0.0	0.000	0.026	27.1	72	21.6	29.3	13.25	1.1430	0.00	116	1	100.0	5
03/03/20	1:10 a	25.8	25.9	25.8	92	24.4	0.9	NNE	0.27	1.3	N	25.8	28.9	28.9	28.3	1010.1	0.00	0.0	0	0.00	0	0.0	0.00	0.0	0.000	0.026	27.1	72	21.6	29.3	13.25	1.1429	0.00	118	1	100.0	5
03/03/20	1:15 a	25.8	25.8	25.8	91	24.3	0.4	ENE	0.13	1.8	NNE	25.8	28.8	28.8	28.1	1010.0	0.00	0.0	0	0.00	0	0.0	0.00	0.0	0.000	0.026	27.1	72	21.6	29.3	13.25	1.1428	0.00	116	1	100.0	5
03/03/20	1:20 a	25.8	25.8	25.8	91	24.2	0.4	ENE	0.13	1.3	ENE	25.8	28.7	28.7	28.0	1010.1	0.00	0.0	0	0.00	0	0.0	0.00	0.0	0.000	0.026	27.0	72	21.5	29.2	13.25	1.1432	0.00	115	1	100.0	5
03/03/20	1:25 a	25.8	25.8	25.8	92	24.4	1.3	ENE	0.40	1.8	ENE	25.8	28.9	28.9	28.3	1010.0	0.00	0.0	0	0.00	0	0.0	0.00	0.0	0.000	0.026	27.1	72	21.6	29.3	13.25	1.1428	0.00	114	1	100.0	5
03/03/20	1:30 a	25.8	25.8	25.8	91	24.2	0.9	E	0.27	1.8	E	25.8	28.7	28.7	28.0	1010.0	0.00	0.0	0	0.00	0	0.0	0.00	0.0	0.000	0.026	27.0	72	21.5	29.2	13.25	1.1431	0.00	117	1	100.0	5
03/03/20	1:35 a	25.8	25.8	25.8	91	24.3	1.3	E	0.40	1.8	ESE	25.8	28.8	28.8	28.1	1009.9	0.00	0.0	0	0.00	0	0.0	0.00	0.0	0.000	0.026	27.1	72	21.6	29.3	13.25	1.1426	0.00	117	1	100.0	5
03/03/20	1:40 a	25.8	25.8	25.8	91	24.3	1.3	E	0.40	2.2	E	25.8	28.8	28.8	28.1	1009.9	0.00	0.0	0	0.00	0	0.0	0.00	0.0	0.000	0.026	27.0	72	21.5	29.2	13.25	1.1430	0.00	117	1	100.0	5
03/03/20	1:45 a	25.8	25.8	25.8	92	24.4	0.9	E	0.27	1.8	E	25.8	28.9	28.9	28.3	1009.9	0.00	0.0	0	0.00	0	0.0	0.00	0.0	0.000	0.026	27.0	72	21.5	29.2	13.25	1.1430	0.00	117	1	100.0	5
03/03/20	1:50 a	25.8	25.9	25.8	91	24.3	0.9	E	0.27	1.3	E	25.8	28.8	28.8	28.1	1009.9	0.00	0.0	0	0.00	0	0.0	0.00	0.0	0.000	0.026	27.0	72	21.5	29.2	13.25	1.1430	0.00	116	1	100.0	5
03/03/20	1:55 a	25.8	25.9	25.8	91	24.3	0.9	E	0.27	1.8	E	25.8	28.8	28.8	28.1	1010.0	0.00	0.0	0	0.00	0	0.0	0.00	0.0	0.000	0.026	27.1	72	21.6	29.3	13.25	1.1428	0.00	114	1	100.0	5
03/03/20	2:00 a	25.9	25.9	25.8	91	24.3	0.9	E	0.27	1.8	E	25.9	28.9	28.9	28.3	1010.0	0.00	0.0	0	0.00	0	0.0	0.00	0.0	0.000	0.026	27.0	72	21.5	29.2	13.25	1.1431	0.00	116	1	100.0	5
03/03/20	2:05 a	25.8	25.9	25.8	91	24.3	0.9	E	0.27	1.3	E	25.8	28.8	28.8	28.1	1009.9	0.00	0.0	0	0.00	0	0.0	0.00	0.0	0.000	0.026	27.0	72	21.5	29.2	13.25	1.1429	0.00	116	1	100.0	5
03/03/20	2:10 a	25.8	25.8	25.7	91	24.2	0.4	E	0.13	1.3	E	25.8	28.7	28.7	28.0	1009.8	0.00	0.0	0	0.00	0	0.0	0.00	0.0	0.000	0.026	27.0	72	21.5	29.2	13.25	1.1429	0.00	116	1	100.0	5
03/03/20	2:15 a	25.7	25.8	25.7	91	24.1	0.4	E	0.13	1.3	E	25.7	28.6	28.6	27.9	1009.8	0.00	0.0	0	0.00	0	0.0	0.00	0.0	0.000	0.026	27.0	72	21.5	29.2	13.25	1.1429	0.00	118	1	100.0	5
03/03/20	2:20 a	25.7	25.8	25.7	92	24.3	0.4	E	0.13	0.9	E	25.7	28.7	28.7	28.0	1009.8	0.00	0.0	0	0.00	0	0.0	0.00	0.0	0.000	0.026	27.0	72	21.5	29.2	13.25	1.1429	0.00	117	1	100.0	5
03/03/20	2:25 a	25.7	25.7	25.6	92	24.3	0.4	E	0.13	0.9	E	25.7	28.6	28.6	27.9	1009.9	0.00	0.0	0	0.00	0	0.0	0.00	0.0	0.000	0.025	27.0	72	21.5	29.2	13.25	1.1429	0.00	115	1	100.0	5
03/03/20	2:30 a	25.6	25.7	25.6	92	24.2	0.4	E	0.13	0.9	E	25.6	28.3	28.3	27.6	1009.8	0.00	0.0	0	0.00	0	0.0	0.00	0.0	0.000	0.025	27.0	72	21.5	29.2	13.25	1.1429	0.00	114	1	100.0	5
03/03/20	2:35 a	25.6	25.6	25.5	92	24.2	0.4	E	0.13	1.3	E	25.6	28.3	28.3	27.6	1009.9	0.00	0.0	0	0.00	0	0.0	0.00	0.0	0.000	0.025	27.0	72	21.5	29.2	13.25	1.1429	0.00	116	1	100.0	5
03/03/20	2:40 a	25.5	25.5	25.4	92	24.1	0.9	E	0.27	1.3	E	25.5	28.2	28.2	27.5	1009.9	0.00	0.0	0	0.00	0	0.0	0.00	0.0	0.000	0.025	27.0	72	21.5	29.2	13.25	1.1430	0.00	117	1	100.0	5
03/03/20	2:45 a	25.4	25.5	25.4	92	24.0	0.9	E	0.27	1.3	E	25.4	28.1	28.1	27.4	1009.9	0.00	0.0	0	0.00	0	0.0	0.00	0.0	0.000	0.025	27.0	72	21.5	29.2	13.25	1.1430	0.00	117	1	100.0	5
03/03/20	2:50 a	25.4	25.4	25.4	92	24.0	0.9	E	0.27	1.8	E	25.4	27.9	27.9	27.3	1010.1	0.00	0.0	0	0.00	0	0.0	0.00	0.0	0.000	0.024	27.0	72	21.5	29.2	13.25	1.1432	0.00	117	1	100.0	5
03/03/20	2:55 a	25.3	25.4	25.3	93	24.1	0.9	E	0.27	1.3	E	25.3	28.0	28.0	27.3	1009.9	0.00	0.0	0	0.00	0	0.0	0.00	0.0	0.000	0.024	27.0	72	21.5	29.2	13.25	1.1429	0.00	117	1	100.0	5
03/03/20	3:00 a	25.3	25.3	25.3	93	24.1	0.4	E	0.13	1.3	E	25.3	27.8	27.8	27.2	1009.8	0.00	0.0	0	0.00	0	0.0	0.00	0.0	0.000	0.024	26.9	72	21.5	29.1	13.25	1.1432	0.00	114	1	100.0	5
03/03/20	3:05 a	25.2	25.3	25.2	93	24.0	0.4	E	0.13	0.9	E	25.2	27.7	27.7	27.1	1009.8	0.00	0.0	0	0.00	0	0.0	0.00	0.0	0.000	0.024	26.9	72	21.5	29.1	13.25	1.1432	0.00	114	1	100.0	5
03/03/20	3:10 a	25.2	25.3	25.2	93	24.0	0.4	ENE	0.13	1.3	ENE	25.2	27.7	27.7	27.1	1009.7	0.00	0.0	0	0.00	0	0.0	0.00	0.0	0.000	0.024	26.9	72	21.5	29.1	13.25	1.1431	0.00	117	1	100.0	5
03/03/20	3:15 a	25.2	25.3	25.2	93	24.0	0.4	ENE	0.13	0.9	ENE	25.2	27.6	27.6	26.9	1009.7	0.00	0.0	0	0.00	0	0.0	0.00	0.0	0.000	0.024	26.9	72	21.5	29.1	13.25	1.1430	0.00	117	1	100.0	5
03/03/20	3:20 a	25.1	25.2	25.1	93	23.8	0.9	ENE	0.27	1.8	NNE	25.1	27.4	27.4	26.7	1009.7	0.00	0.0	0	0.00	0	0.0	0.00	0.0	0.000	0.023	26.9	72	21.5	29.1	13.25	1.1431	0.00	118	1	100.0	5
03/03/20	3:25 a	25.1	25.1	25.1	93	23.8	0.9	NNE	0.27	1.8	NNE	25.1	27.4	27.4	26.7	1009.7	0.00	0.0	0	0.00	0	0.0	0.00	0.0	0.000	0.023	26.9	72	21.5	29.1	13.25	1.1431	0.00	117	1	100.0	5
03/03/20	3:30 a	24.9	25.1	24.9	94	23.9	0.4	NE	0.13	1.3	NE	24.9	27.3	27.3	26.6	1009.7	0.00	0.0	0	0.00	0	0.0	0.00	0.0	0.000	0.023	26.9	72	21.5	29.1	13.25	1.1431	0.00	116	1	100.0	5
03/03/20	3:35 a	24.9	25.0	24.9	94	23.9	0.4	NE	0.13	1.3	ENE	24.9	27.3	27.3	26.6	1009.7	0.00	0.0	0	0.00	0	0.0	0.00	0.0	0.000	0.023	26.9	72	21.5	29.1	13.25	1.1431	0.00	114	1	100.0	5
03/03/20	3:40 a	24.9	24.9	24.9	94	23.9	0.4	ENE	0.13	1.3	ENE	24.9	27.2	27.2	26.6	1009.7	0.00	0.0	0	0.00	0	0.0	0.00	0.0	0.000	0.023	26.9	72	21.5	29.1	13.25	1.1431	0.00	116	1	100.0	5
03/03/20	3:45 a	25.0	25.0	24.9	94	24.0	0.4	ENE	0.13	0.9	ENE	25.0	27.4	27.4	26.7	1009.6	0.00	0.0	0	0.00	0	0.0	0.00	0.0	0.000	0.023	26.9	72	21.5	29.1	13.25	1.1430	0.00	117	1	100.0	5
03/03/20	3:50 a	25.1	25.1	25.0	94	24.0	0.9	E	0.27	1.8	E	25.1	27.5	27.5	26.8	1009.8	0.00	0.0	0	0.00	0	0.0	0.00	0.0	0.000	0.023	26.9	72	21.5	29.1	13.25	1.1432	0.00	117	1	100.0	5
03/03/20	3:55 a	25.1	25.1	25.0	94	24.1	0.4	E	0.13	0.9	E	25.1	27.6	27.6	26.9	1009.8	0.00	0.0	0	0.00	0	0.0	0.00	0.0	0.000	0.024	26.9	72	21.4	29.0	13.25	1.1435	0.00	117	1	100.0	5
03/03/20	4:00 a	25.2	25.2	25.1	94	24.1	0.4	E	0.13	1.3	E	25.2	27.7	27.7	27.1	1009.9	0.00	0.0	0	0.00	0	0.0	0.00	0.0	0.000	0.024	26.9	72	21.4	29.0	13.25	1.1436	0.00	117	1	100.0	5
03/03/20	4:05 a	25.2	25.2	25.1	94	24.1	0.4	E	0.13	0.9	E	25.2	27.7	27.7	27.1	1009.8	0.00	0.0	0	0.00	0	0.0	0.00	0.0	0.000	0.024	26.8	72	21.4	28.9	13.25	1.1438	0.00	116	1	100.0	5
03/03/20	4:10 a	25.2	25.2	25.2	94	24.1	0.4	E	0.13	1.3	E	25.2	27.7	27.7	27.1	1009.9	0.00	0.0	0	0.00	0	0.0	0.00	0.0	0.000	0.024	26.8	72	21.4	28.9	13.25	1.1439	0.00	114	1	100.0	5
03/03/20	4:15 a	25.2	25.2	25.2	94	24.1	0.4	E	0.13	0.9	E	25.2	27.7	27.7	27.1	1009.9	0.00	0.0	0	0.00	0	0.0	0.00	0.0	0.000	0.024	26.8	72	21.4	28.9	13.25	1.1439	0.00	116	1	100.0	5
03/03/20	4:20 a	25.2	25.2	25.2	94	24.1	0.4	E	0.13	0.9	E	25.2	27.7	27.7	27.1	1010.0	0.00	0.0	0	0.00	0	0.0	0.00	0.0	0.000	0.024	26.8	72	21.4	28.9	13.25	1.1440	0.00	117	1	100.0	5
03/03/20	4:25 a	25.1	25.2	25.1	94	24.1	0.4	E	0.13	0.9	E	25.1	27.6	27.6	26.9	1010.0	0.00	0.0	0	0.00	0	0.0	0.00	0.0	0.000	0.024	26.8	72	21.4	28.9	13.25	1.1440	0.00	118	1	100.0	5
03/03/20	4:30 a	25.1	25.1	25.1	94	24.0	0.0	E	0.00	0.4	E	25.1	27.5	27.5	26.8	1010.0	0.00	0.0	0	0.00	0	0.0	0.00	0.0	0.000	0.023	26.8	72	21.4	28.9	13.25	1.1440	0.00	116	1	100.0	5
03/03/20	4:35 a	25.0	25.1	25.0	94	24.0	0.4	E	0.13	1.3	NE	25.0	27.4	27.4	26.7	1010.0	0.00	0.0	0	0.00	0	0.0	0.00	0.0	0.000	0.023	26.8	72	21.4	28.9	13.25	1.1441	0.00	117	1	100.0	5
03/03/20	4:40 a	25.0	25.0	24.9	94	24.0	0.4	NE	0.13	0.9	NE	25.0	27.4	27.4	26.7	1010.1	0.00	0.0	0	0.00	0	0.0	0.00	0.0	0.000	0.023	26.8	72	21.4	28.9	13.25	1.1442	0.00	114	1	100.0	5
03/03/20	4:45 a	25.0	25.1	25.0	94	24.0	0.4	NE	0.13	1.3	NE	25.0	27.4	27.4	26.7	1010.1	0.00	0.0	0	0.00	0	0.0	0.00	0.0	0.000	0.023	26.8	73	21.5	28.9	13.65	1.1440	0.00	114	1	100.0	5
03/03/20	4:50 a	25.0	25.0	25.0	94	24.0	0.9	E	0.27	1.3	ENE	25.0	27.4	27.4	26.7	1010.2	0.00	0.0	0	0.00	0	0.0	0.00	0.0	0.000	0.023	26.8	73	21.5	28.9	13.65	1.1441	0.00	117	1	100.0	5
03/03/20	4:55 a	25.0	25.0	25.0	94	24.0	0.0	E	0.00	0.9	E	25.0	27.4	27.4	26.7	1010.1	0.00	0.0	0	0.00	0	0.0	0.00	0.0	0.000	0.023	26.7	69	20.6	28.4	12.55	1.1460	0.00	117	1	100.0	5
03/03/20	5:00 a	25.1	25.1	25.0	94	24.0	0.4	E	0.13	0.9	E	25.1	27.5	27.5	26.8	1010.3	0.00	0.0	0	0.00	0	0.0	0.00	0.0	0.000	0.023	26.6	65	19.5	27.8	11.75	1.1484	0.00	116	1	100.0	5
03/03/20	5:05 a	25.1	25.2	25.1	94	24.1	0.0	E	0.00	0.9	E	25.1	27.6	27.6	26.9	1010.4	0.00	0.0	0	0.00	0	0.0	0.00	0.0	0.000	0.024	26.4	61	18.3	27.1	10.96	1.1514	0.00	117	1	100.0	5
03/03/20	5:10 a	25.2	25.2	25.1	94	24.1	0.4	E	0.13	0.9	E	25.2	27.7	27.7	27.1	1010.4	0.00	0.0	0	0.00	0	0.0	0.00	0.0	0.000	0.024	26.2	58	17.3	26.6	10.39	1.1537	0.00	117	1	100.0	5
03/03/20	5:15 a	25.2	25.2	25.1	94	24.1	0.4	E	0.13	0.9	E	25.2	27.7	27.7	27.1	1010.5	0.00	0.0	0	0.00	0	0.0	0.00	0.0	0.000	0.024	26.0	55	16.3	26.3	9.90	1.1559	0.00	115	1	100.0	5
03/03/20	5:20 a	25.2	25.2	25.1	94	24.1	0.4	E	0.13	0.9	E	25.2	27.7	27.7	27.1	1010.6	0.00	0.0	0	0.00	0	0.0	0.00	0.0	0.000	0.024	25.8	53	15.5	25.9	9.65	1.1576	0.00	113	1	99.1	5
03/03/20	5:25 a	25.2	25.2	25.2	94	24.2	0.4	E	0.13	0.9	E	25.2	27.8	27.8	27.2	1010.6	0.00	0.0	2	0.01	5	0.0	0.00	0.0	0.000	0.024	25.7	56	16.3	25.9	10.12	1.1570	0.00	117	1	100.0	5
03/03/20	5:30 a	25.2	25.2	25.2	94	24.2	0.9	E	0.27	1.3	E	25.2	27.8	27.8	27.3	1010.7	0.00	0.0	6	0.04	7	0.0	0.00	0.0	0.000	0.024	25.6	59	17.0	25.9	10.63	1.1565	0.00	117	1	100.0	5
03/03/20	5:35 a	25.3	25.3	25.2	94	24.2	0.9	E	0.27	1.3	E	25.3	27.9	27.9	27.4	1010.7	0.00	0.0	10	0.07	12	0.0	0.00	0.0	0.000	0.024	25.6	59	17.0	25.9	10.63	1.1566	0.00	117	1	100.0	5
03/03/20	5:40 a	25.3	25.3	25.2	94	24.2	1.3	E	0.40	1.8	E	25.3	27.9	27.9	27.5	1010.7	0.00	0.0	16	0.11	19	0.0	0.00	0.0	0.000	0.024	25.6	55	15.8	25.7	9.93	1.1584	0.00	117	1	100.0	5
03/03/20	5:45 a	25.3	25.3	25.2	94	24.2	1.3	E	0.40	1.3	E	25.3	27.9	27.9	27.6	1010.7	0.00	0.0	24	0.17	26	0.0	0.00	0.0	0.000	0.024	25.4	52	14.9	25.5	9.49	1.1601	0.00	116	1	100.0	5
03/03/20	5:50 a	25.3	25.3	25.3	94	24.2	0.4	E	0.13	0.9	E	25.3	27.9	27.9	27.6	1010.8	0.00	0.0	24	0.17	26	0.0	0.00	0.0	0.000	0.024	25.3	50	14.1	25.2	9.20	1.1618	0.00	114	1	100.0	5
03/03/20	5:55 a	25.4	25.4	25.3	94	24.4	0.9	E	0.27	1.3	E	25.4	28.3	28.3	28.1	1010.7	0.00	0.0	33	0.24	39	0.0	0.00	0.0	0.000	0.025	25.1	49	13.6	25.0	9.01	1.1629	0.00	115	1	100.0	5
03/03/20	6:00 a	25.5	25.5	25.4	94	24.5	0.4	E	0.13	1.3	E	25.5	28.4	28.4	28.4	1010.9	0.00	0.0	47	0.34	53	0.0	0.00	0.0	0.000	0.025	25.1	52	14.5	25.1	9.51	1.1623	0.00	117	1	100.0	5
03/03/20	6:05 a	25.6	25.6	25.5	93	24.4	0.9	ENE	0.27	1.3	ENE	25.6	28.6	28.6	28.8	1010.8	0.00	0.0	67	0.48	77	0.0	0.00	0.0	0.000	0.025	25.1	54	15.1	25.2	9.81	1.1615	0.00	115	1	100.0	5
03/03/20	6:10 a	25.7	25.8	25.6	93	24.5	0.4	NE	0.13	1.3	NE	25.7	28.8	28.8	29.1	1010.9	0.00	0.0	69	0.49	79	0.0	0.00	0.0	0.000	0.026	25.0	51	14.2	25.0	9.35	1.1629	0.00	117	1	100.0	5
03/03/20	6:15 a	25.9	25.9	25.7	93	24.7	0.9	NNE	0.27	1.8	NE	25.9	29.2	29.2	29.7	1010.8	0.00	0.0	85	0.61	127	0.0	0.00	0.0	0.000	0.026	24.9	49	13.4	24.8	9.01	1.1641	0.00	117	1	100.0	5
03/03/20	6:20 a	26.0	26.0	25.9	92	24.6	0.9	N	0.27	1.8	NNW	26.0	29.3	29.3	30.2	1010.8	0.00	0.0	115	0.82	128	0.0	0.00	0.0	0.000	0.027	24.8	48	13.0	24.6	8.92	1.1651	0.00	115	1	100.0	5
03/03/20	6:25 a	26.2	26.2	26.0	92	24.8	0.9	NNE	0.27	1.8	NNE	26.2	29.7	29.7	30.8	1010.9	0.00	0.0	137	0.98	162	0.0	0.00	0.0	0.000	0.027	24.7	51	13.9	24.7	9.35	1.1646	0.00	114	1	100.0	5
03/03/20	6:30 a	26.5	26.5	26.2	91	24.9	1.3	NNE	0.40	2.2	NNE	26.5	30.3	30.3	31.7	1010.9	0.00	0.0	152	1.09	171	0.0	0.00	0.0	0.000	0.028	24.7	49	13.2	24.6	9.02	1.1654	0.00	116	1	100.0	5
03/03/20	6:35 a	26.8	26.8	26.5	90	25.1	1.3	NE	0.40	3.6	N	26.8	31.0	31.0	32.6	1010.9	0.00	0.0	171	1.23	172	0.5	0.02	0.5	0.000	0.030	24.6	48	12.8	24.4	8.93	1.1662	0.00	117	1	100.0	5
03/03/20	6:40 a	27.2	27.2	26.8	89	25.2	1.3	NNE	0.40	3.6	NNE	27.2	31.8	31.8	33.6	1011.0	0.00	0.0	177	1.27	183	0.6	0.02	0.6	0.000	0.031	24.6	51	13.7	24.6	9.35	1.1653	0.00	117	1	100.0	5
03/03/20	6:45 a	27.5	27.5	27.2	87	25.1	2.2	NNE	0.67	4.5	NNE	27.5	32.3	32.3	35.8	1011.2	0.00	0.0	169	1.21	192	0.6	0.02	0.7	0.000	0.032	24.6	48	12.8	24.4	8.93	1.1666	0.00	116	1	100.0	5
03/03/20	6:50 a	27.6	27.6	27.4	87	25.3	2.2	NNE	0.67	4.0	NE	27.6	32.6	32.6	36.5	1011.1	0.00	0.0	190	1.36	237	0.7	0.03	0.7	0.000	0.032	24.4	47	12.4	24.2	8.73	1.1674	0.00	117	1	100.0	5
03/03/20	6:55 a	27.7	27.7	27.6	87	25.4	1.8	NNE	0.54	3.1	NE	27.7	32.9	32.9	36.0	1011.1	0.00	0.0	155	1.11	167	0.7	0.03	0.7	0.000	0.033	24.4	50	13.3	24.3	9.23	1.1666	0.00	115	1	100.0	5
03/03/20	7:00 a	27.8	27.8	27.7	86	25.2	1.8	NE	0.54	4.0	NE	27.8	32.9	32.9	36.0	1011.2	0.00	0.0	148	1.06	165	0.7	0.03	0.8	0.000	0.033	24.4	49	13.0	24.3	9.03	1.1671	0.10	114	1	100.0	5
03/03/20	7:05 a	27.9	27.9	27.8	86	25.3	1.3	NE	0.40	2.2	NE	27.9	33.2	33.2	36.2	1011.3	0.00	0.0	141	1.01	148	0.6	0.02	0.7	0.000	0.033	24.3	47	12.3	24.1	8.73	1.1681	0.00	116	1	100.0	5
03/03/20	7:10 a	27.9	27.9	27.8	86	25.3	1.3	NE	0.40	3.6	ENE	27.9	33.2	33.2	35.8	1011.4	0.00	0.0	128	0.92	134	0.7	0.03	0.7	0.000	0.033	24.3	50	13.2	24.3	9.23	1.1672	0.00	117	1	100.0	5
03/03/20	7:15 a	27.9	27.9	27.9	86	25.4	1.3	NNE	0.40	2.7	ENE	27.9	33.3	33.3	35.7	1011.6	0.00	0.0	114	0.82	128	0.6	0.02	0.8	0.000	0.033	24.3	49	12.9	24.2	9.03	1.1677	0.00	117	1	100.0	5
03/03/20	7:20 a	28.1	28.1	27.9	85	25.3	1.3	NNE	0.40	2.2	NNE	28.1	33.4	33.4	36.6	1011.6	0.00	0.0	152	1.09	167	1.0	0.04	1.0	0.000	0.034	24.3	48	12.6	24.1	8.94	1.1685	0.00	117	1	100.0	5
03/03/20	7:25 a	28.1	28.1	28.0	85	25.3	1.3	NNE	0.40	2.7	NNE	28.1	33.4	33.4	36.4	1011.7	0.00	0.0	150	1.08	179	0.8	0.03	0.9	0.000	0.034	24.2	51	13.4	24.2	9.35	1.1678	0.00	117	1	100.0	5
03/03/20	7:30 a	28.2	28.2	28.1	85	25.4	1.3	N	0.40	3.6	NNW	28.2	33.7	33.7	37.0	1011.9	0.00	0.0	167	1.20	183	0.9	0.03	1.0	0.000	0.034	24.2	49	12.8	24.1	9.04	1.1687	0.00	114	1	100.0	5
03/03/20	7:35 a	28.2	28.2	28.1	85	25.5	1.3	NNE	0.40	3.1	N	28.2	33.9	33.9	36.5	1011.9	0.00	0.0	141	1.01	190	0.6	0.02	0.7	0.000	0.034	24.2	48	12.5	24.1	8.94	1.1691	0.00	115	1	100.0	5
03/03/20	7:40 a	28.4	28.4	28.2	84	25.4	2.2	NNE	0.67	5.8	N	28.4	34.1	34.1	37.9	1012.0	0.00	0.0	206	1.48	257	0.8	0.03	0.9	0.000	0.035	24.2	51	13.4	24.2	9.35	1.1684	0.00	117	1	100.0	5
03/03/20	7:45 a	28.3	28.4	28.3	83	25.2	2.7	NNW	0.80	5.8	N	28.3	33.8	33.8	36.1	1011.9	0.00	0.0	131	0.94	163	0.7	0.03	0.8	0.000	0.035	24.2	52	13.7	24.2	9.54	1.1677	0.00	117	1	100.0	5
03/03/20	7:50 a	28.2	28.3	28.2	83	25.0	2.7	NNW	0.80	4.9	NNW	28.2	33.4	33.4	35.4	1012.2	0.00	0.0	121	0.87	149	0.8	0.03	1.1	0.000	0.034	24.2	57	15.2	24.4	10.33	1.1662	0.00	117	1	100.0	5
03/03/20	7:55 a	28.3	28.3	28.1	83	25.1	3.1	NNW	0.94	5.4	N	28.3	33.7	33.7	37.2	1012.2	0.00	0.0	207	1.48	281	1.2	0.04	1.3	0.000	0.035	24.3	56	14.9	24.4	10.22	1.1663	0.00	117	1	100.0	5
03/03/20	8:00 a	28.3	28.4	28.2	82	25.0	2.7	NNW	0.80	6.3	NNW	28.3	33.6	33.6	37.0	1012.3	0.00	0.0	200	1.43	207	1.7	0.06	1.8	0.000	0.035	24.3	57	15.3	24.5	10.32	1.1658	0.13	115	1	100.0	5
03/03/20	8:05 a	28.6	28.6	28.4	82	25.2	1.8	NNW	0.54	4.5	NW	28.6	34.2	34.2	37.5	1012.3	0.00	0.0	198	1.42	218	1.6	0.06	1.7	0.000	0.035	24.5	59	16.0	24.7	10.71	1.1642	0.00	114	1	100.0	5
03/03/20	8:10 a	28.8	28.8	28.6	82	25.4	2.2	NNW	0.67	4.5	NW	28.8	34.8	34.8	38.9	1012.3	0.00	0.0	258	1.85	295	1.9	0.07	2.1	0.000	0.036	24.6	57	15.5	24.8	10.30	1.1643	0.00	113	1	99.1	5
03/03/20	8:15 a	29.0	29.0	28.8	81	25.4	3.1	NW	0.94	6.7	N	29.0	35.2	35.2	40.4	1012.3	0.00	0.0	352	2.52	422	2.6	0.09	3.0	0.000	0.037	24.8	58	16.0	25.0	10.49	1.1631	0.00	116	1	100.0	5
03/03/20	8:20 a	29.6	29.6	29.0	79	25.5	3.6	N	1.07	6.7	NW	29.4	36.2	36.1	42.3	1012.2	0.00	0.0	527	3.78	663	3.2	0.11	3.4	0.000	0.039	24.9	57	15.8	25.1	10.28	1.1628	0.00	112	1	98.2	5
03/03/20	8:25 a	29.1	29.6	29.1	80	25.3	3.6	N	1.07	6.7	NNE	28.9	35.2	35.1	38.3	1012.3	0.00	0.0	227	1.63	246	2.4	0.09	2.6	0.000	0.037	24.9	58	16.1	25.2	10.47	1.1623	0.00	115	1	100.0	5
03/03/20	8:30 a	29.1	29.1	29.1	81	25.5	2.2	NNW	0.67	5.8	NNE	29.1	35.5	35.5	38.9	1012.4	0.00	0.0	224	1.61	251	3.0	0.11	3.4	0.000	0.037	25.1	55	15.4	25.2	9.97	1.1630	0.00	113	1	99.1	5
03/03/20	8:35 a	29.3	29.3	29.1	80	25.5	4.5	NNE	1.34	7.2	N	28.7	35.7	35.2	39.7	1012.4	0.00	0.0	368	2.64	587	3.8	0.14	4.2	0.000	0.038	25.1	58	16.3	25.3	10.46	1.1615	0.00	114	1	100.0	5
03/03/20	8:40 a	29.6	29.6	29.3	79	25.5	4.5	N	1.34	6.7	N	29.1	36.2	35.7	40.1	1012.4	0.00	0.0	360	2.58	406	3.6	0.13	4.1	0.000	0.039	25.2	55	15.5	25.3	9.96	1.1623	0.00	114	1	100.0	5
03/03/20	8:45 a	29.5	29.6	29.5	79	25.5	2.7	NNW	0.80	4.9	NNW	29.5	36.1	36.1	40.4	1012.4	0.00	0.0	309	2.21	316	3.0	0.11	3.0	0.000	0.039	25.2	53	14.9	25.2	9.65	1.1631	0.00	117	1	100.0	5
03/03/20	8:50 a	29.5	29.6	29.4	79	25.5	3.6	N	1.07	6.3	WNW	29.4	36.1	35.9	40.2	1012.3	0.00	0.0	329	2.36	343	3.4	0.12	3.8	0.000	0.039	25.1	54	15.1	25.2	9.81	1.1629	0.00	116	1	100.0	5
03/03/20	8:55 a	30.2	30.2	29.5	78	25.9	3.1	NNW	0.94	5.8	NNW	30.2	37.7	37.7	42.2	1012.4	0.00	0.0	337	2.42	366	4.8	0.17	4.9	0.000	0.041	25.2	57	16.0	25.4	10.26	1.1616	0.00	116	1	100.0	5
03/03/20	9:00 a	30.1	30.3	30.1	77	25.6	3.6	N	1.07	6.3	N	30.0	37.2	37.1	41.1	1012.4	0.00	0.0	316	2.26	336	4.0	0.14	4.6	0.000	0.041	25.3	56	15.9	25.4	10.15	1.1614	0.25	114	1	100.0	5
03/03/20	9:05 a	29.9	30.1	29.9	78	25.7	3.6	N	1.07	6.3	NW	29.8	37.1	36.9	41.6	1012.4	0.00	0.0	378	2.71	420	3.9	0.14	4.0	0.000	0.040	25.3	56	15.9	25.4	10.15	1.1614	0.00	115	1	100.0	5
03/03/20	9:10 a	30.0	30.1	29.9	78	25.7	4.5	NNW	1.34	6.7	NW	29.6	37.2	36.7	41.4	1012.4	0.00	0.0	416	2.98	445	4.6	0.16	5.2	0.000	0.041	25.3	56	15.9	25.5	10.15	1.1612	0.00	115	1	100.0	5
03/03/20	9:15 a	30.1	30.1	29.9	77	25.6	4.0	N	1.21	6.7	NNW	29.8	37.2	36.9	42.2	1012.4	0.00	0.0	471	3.38	499	4.9	0.17	5.4	0.000	0.041	25.4	54	15.4	25.5	9.80	1.1616	0.00	115	1	100.0	5
03/03/20	9:20 a	30.1	30.2	30.1	77	25.6	4.0	NNW	1.21	7.6	NNE	29.8	37.2	36.9	42.0	1012.3	0.00	0.0	454	3.25	483	3.9	0.14	4.4	0.000	0.041	25.3	54	15.4	25.4	9.80	1.1618	0.00	112	1	98.2	5
03/03/20	9:25 a	30.3	30.3	30.1	77	25.8	3.6	NW	1.07	6.3	N	30.3	37.9	37.8	43.2	1012.2	0.00	0.0	473	3.39	503	5.3	0.19	5.7	0.000	0.042	25.4	59	16.8	25.7	10.64	1.1595	0.00	117	1	100.0	5
03/03/20	9:30 a	30.7	30.8	30.3	76	26.0	3.6	NNW	1.07	6.7	N	30.7	38.7	38.7	44.4	1012.2	0.00	0.0	533	3.82	578	5.6	0.20	6.0	0.000	0.043	25.4	56	16.0	25.7	10.14	1.1603	0.00	117	1	100.0	5
03/03/20	9:35 a	30.4	30.7	30.4	77	26.0	4.0	NNW	1.21	7.2	NNW	30.2	38.2	38.0	43.7	1012.2	0.00	0.0	551	3.95	800	4.5	0.16	6.0	0.000	0.042	25.4	54	15.5	25.6	9.79	1.1610	0.00	114	1	100.0	5
03/03/20	9:40 a	30.6	30.6	30.3	76	25.8	3.6	NW	1.07	6.7	N	30.5	38.2	38.2	44.3	1012.1	0.00	0.0	600	4.30	844	5.7	0.20	6.6	0.000	0.042	25.5	58	16.6	25.8	10.43	1.1591	0.00	114	1	100.0	5
03/03/20	9:45 a	30.6	30.6	30.6	75	25.7	4.5	NNW	1.34	8.0	NNW	30.3	38.1	37.8	43.9	1012.0	0.00	0.0	844	6.05	844	6.0	0.21	6.6	0.000	0.043	25.6	57	16.4	25.8	10.23	1.1591	0.00	114	1	100.0	5
03/03/20	9:50 a	30.2	30.7	30.2	77	25.7	3.6	NNW	1.07	7.2	NNW	30.1	37.6	37.4	41.6	1011.9	0.00	0.0	362	2.59	420	3.5	0.13	4.0	0.000	0.041	25.6	55	15.9	25.8	9.93	1.1595	0.00	115	1	100.0	5
03/03/20	9:55 a	29.9	30.2	29.9	77	25.4	3.6	NW	1.07	7.2	NW	29.8	36.6	36.5	40.4	1011.8	0.00	0.0	348	2.49	380	3.7	0.13	4.3	0.000	0.040	25.6	53	15.3	25.7	9.65	1.1604	0.00	117	1	100.0	5
03/03/20	10:00 a	30.0	30.1	29.8	79	26.0	3.6	NNW	1.07	7.2	N	29.9	37.4	37.3	41.9	1011.9	0.00	0.0	415	2.97	461	4.6	0.16	5.4	0.000	0.041	25.6	54	15.6	25.7	9.79	1.1601	0.38	117	1	100.0	5
03/03/20	10:05 a	29.8	30.1	29.8	79	25.7	4.5	NNW	1.34	8.0	NW	29.3	36.8	36.4	40.1	1011.7	0.00	0.0	352	2.52	374	4.1	0.15	4.4	0.000	0.040	25.7	58	16.8	26.0	10.42	1.1578	0.00	116	1	100.0	5
03/03/20	10:10 a	29.9	30.0	29.7	78	25.7	4.0	NNW	1.21	8.0	N	29.7	37.1	36.8	41.1	1011.7	0.00	0.0	401	2.87	466	4.8	0.17	5.9	0.000	0.040	25.7	54	15.7	25.8	9.79	1.1594	0.00	117	1	100.0	5
03/03/20	10:15 a	30.1	30.1	29.9	78	25.8	3.1	N	0.94	4.9	N	30.1	37.3	37.3	42.1	1011.6	0.00	0.0	419	3.00	466	4.8	0.17	5.3	0.000	0.041	25.7	53	15.4	25.8	9.65	1.1594	0.00	116	1	100.0	5
03/03/20	10:20 a	30.5	30.5	30.1	79	26.4	4.0	NNW	1.21	7.2	N	30.3	39.0	38.8	44.2	1011.6	0.00	0.0	540	3.87	540	5.8	0.21	6.2	0.000	0.042	25.7	55	15.9	25.8	9.92	1.1588	0.00	113	1	99.1	5
03/03/20	10:25 a	30.7	30.7	30.5	78	26.4	4.5	N	1.34	8.0	N	30.3	39.2	38.8	44.9	1011.4	0.00	0.0	734	5.26	944	7.1	0.25	8.3	0.000	0.043	25.8	57	16.6	26.1	10.21	1.1573	0.00	113	1	99.1	5
03/03/20	10:30 a	31.3	31.3	30.7	76	26.5	3.6	NNW	1.07	7.6	NE	31.2	40.4	40.3	46.9	1011.3	0.00	0.0	739	5.30	1004	7.4	0.26	8.6	0.000	0.045	25.8	54	15.8	26.0	9.78	1.1581	0.00	116	1	100.0	5
03/03/20	10:35 a	30.8	31.2	30.8	76	26.1	4.0	NNW	1.21	6.7	N	30.7	39.1	38.9	45.0	1011.3	0.00	0.0	667	4.78	830	7.1	0.25	7.8	0.000	0.043	25.8	52	15.2	25.9	9.48	1.1588	0.00	117	1	100.0	5
03/03/20	10:40 a	30.9	31.0	30.8	77	26.4	4.9	NNW	1.48	9.4	NW	30.5	39.6	39.2	44.7	1011.1	0.00	0.0	872	6.25	1007	7.5	0.27	8.0	0.000	0.044	25.9	55	16.2	26.1	9.91	1.1571	0.00	114	1	100.0	5
03/03/20	10:45 a	30.8	30.9	30.6	77	26.3	4.5	NW	1.34	8.5	NNW	30.5	39.2	38.9	43.7	1011.1	0.00	0.0	486	3.48	510	6.9	0.25	7.5	0.000	0.043	25.9	56	16.5	26.2	10.10	1.1564	0.00	116	1	100.0	5
03/03/20	10:50 a	30.6	30.7	30.6	77	26.1	4.5	NNW	1.34	7.6	N	30.3	38.7	38.4	43.3	1011.1	0.00	0.0	509	3.65	578	6.9	0.25	8.3	0.000	0.043	25.9	54	15.9	26.2	9.78	1.1573	0.00	116	1	100.0	5
03/03/20	10:55 a	31.0	31.0	30.6	76	26.3	4.0	NNW	1.21	7.2	N	30.8	39.6	39.4	45.8	1011.0	0.00	0.0	807	5.78	965	7.5	0.27	8.4	0.000	0.044	25.9	52	15.3	26.1	9.48	1.1580	0.00	114	1	100.0	5
03/03/20	11:00 a	30.8	31.0	30.8	76	26.1	4.0	NNW	1.21	7.6	N	30.7	39.1	38.9	44.5	1011.0	0.00	0.0	585	4.19	657	6.6	0.24	6.8	0.000	0.043	25.9	52	15.3	26.1	9.48	1.1579	0.46	114	1	100.0	5
03/03/20	11:05 a	30.7	30.9	30.7	77	26.2	4.5	N	1.34	8.5	NW	30.4	39.1	38.8	44.1	1010.9	0.00	0.0	568	4.07	631	6.3	0.23	6.6	0.000	0.043	25.9	55	16.2	26.2	9.90	1.1567	0.00	115	1	100.0	5
03/03/20	11:10 a	30.6	30.8	30.6	77	26.1	3.6	NW	1.07	7.6	WNW	30.6	38.7	38.7	43.8	1010.9	0.00	0.0	482	3.45	499	5.4	0.19	5.6	0.000	0.043	26.0	54	16.0	26.2	9.77	1.1568	0.00	115	1	100.0	5
03/03/20	11:15 a	30.5	30.6	30.3	78	26.2	4.0	N	1.21	8.0	NNW	30.3	38.7	38.4	43.4	1010.9	0.00	0.0	496	3.56	515	5.5	0.20	5.8	0.000	0.042	26.0	52	15.4	26.1	9.47	1.1575	0.00	115	1	100.0	5
03/03/20	11:20 a	30.3	30.6	30.3	78	26.1	4.5	NNW	1.34	7.6	NNE	29.9	38.2	37.8	42.2	1010.9	0.00	0.0	448	3.21	475	5.3	0.19	6.6	0.000	0.042	26.0	52	15.4	26.1	9.47	1.1575	0.00	115	1	100.0	5
03/03/20	11:25 a	30.4	30.4	30.3	79	26.3	3.6	NW	1.07	7.2	NW	30.3	38.6	38.6	44.1	1010.7	0.00	0.0	538	3.86	629	5.8	0.21	6.2	0.000	0.042	26.0	55	16.3	26.3	9.90	1.1561	0.00	115	1	100.0	5
03/03/20	11:30 a	30.8	30.9	30.4	77	26.3	4.5	NNW	1.34	6.7	NW	30.6	39.4	39.1	45.3	1010.8	0.00	0.0	861	6.17	1093	7.1	0.25	8.4	0.000	0.043	26.1	52	15.4	26.2	9.47	1.1571	0.00	113	1	99.1	5
03/03/20	11:35 a	30.8	30.8	30.8	78	26.5	4.0	NNW	1.21	6.7	NW	30.7	39.7	39.6	44.4	1010.6	0.00	0.0	474	3.40	503	6.9	0.25	8.5	0.000	0.043	26.1	50	14.8	26.1	9.17	1.1577	0.00	114	1	100.0	5
03/03/20	11:40 a	31.3	31.3	30.9	76	26.5	4.9	NNW	1.48	8.5	NNW	31.0	40.4	40.1	46.1	1010.7	0.00	0.0	1049	7.52	1056	8.4	0.30	8.8	0.000	0.045	26.0	52	15.4	26.1	9.47	1.1573	0.00	116	1	100.0	5
03/03/20	11:45 a	31.2	31.3	31.1	75	26.2	4.5	NNW	1.34	7.6	NW	30.9	39.7	39.5	45.6	1010.7	0.00	0.0	874	6.26	991	8.0	0.29	8.9	0.000	0.045	26.1	54	16.0	26.3	9.77	1.1562	0.00	117	1	100.0	5
03/03/20	11:50 a	31.6	31.6	31.2	74	26.4	4.0	NNW	1.21	8.0	NNW	31.6	40.7	40.7	46.4	1010.5	0.00	0.0	954	6.84	970	8.7	0.31	8.8	0.000	0.046	26.1	52	15.5	26.2	9.47	1.1565	0.00	117	1	100.0	5
03/03/20	11:55 a	31.6	31.7	31.6	74	26.4	4.9	NNW	1.48	8.5	NW	31.3	40.6	40.3	45.7	1010.4	0.00	0.0	959	6.87	981	8.7	0.31	8.8	0.000	0.046	26.1	50	14.9	26.1	9.17	1.1572	0.00	116	1	100.0	5
03/03/20	12:00 p	31.9	32.0	31.6	74	26.7	3.6	N	1.07	7.6	N	31.9	41.7	41.7	48.2	1010.3	0.00	0.0	897	6.43	983	8.1	0.29	8.6	0.000	0.047	26.1	50	14.9	26.1	9.17	1.1571	0.53	117	1	100.0	5
03/03/20	12:05 p	31.6	32.0	31.6	74	26.4	4.0	NW	1.21	7.2	NW	31.5	40.6	40.5	46.9	1010.2	0.00	0.0	858	6.15	886	7.9	0.28	8.3	0.000	0.046	26.1	54	16.1	26.3	9.77	1.1553	0.00	114	1	100.0	5
03/03/20	12:10 p	31.3	31.6	31.3	75	26.3	4.0	N	1.21	7.6	NE	31.2	40.1	39.9	44.7	1010.1	0.00	0.0	459	3.29	573	6.4	0.23	8.3	0.000	0.045	26.2	52	15.5	26.3	9.47	1.1557	0.00	113	1	99.1	5
03/03/20	12:15 p	31.3	31.3	31.2	76	26.6	4.5	N	1.34	8.9	N	31.2	40.6	40.4	45.9	1010.0	0.00	0.0	940	6.74	967	8.5	0.30	8.5	0.000	0.045	26.2	51	15.2	26.2	9.35	1.1560	0.00	115	1	100.0	5
03/03/20	12:20 p	31.6	31.6	31.4	75	26.6	4.5	NNW	1.34	8.0	NNW	31.5	41.1	40.9	46.5	1010.0	0.00	0.0	944	6.77	970	8.5	0.30	8.5	0.000	0.046	26.2	49	14.6	26.1	8.97	1.1568	0.00	116	1	100.0	5
03/03/20	12:25 p	31.6	31.7	31.6	75	26.6	4.9	NW	1.48	8.0	NW	31.4	41.1	40.8	46.2	1009.8	0.00	0.0	934	6.69	939	8.2	0.29	8.4	0.000	0.046	26.1	51	15.2	26.2	9.35	1.1560	0.00	116	1	100.0	5
03/03/20	12:30 p	31.8	31.8	31.6	73	26.4	4.9	NNW	1.48	7.6	NNW	31.7	41.1	40.9	46.3	1009.8	0.00	0.0	933	6.69	962	8.1	0.29	8.3	0.000	0.047	26.2	55	16.5	26.5	9.88	1.1539	0.00	117	1	100.0	5
03/03/20	12:35 p	31.7	31.8	31.6	73	26.2	5.4	N	1.61	8.0	NNE	31.4	40.6	40.3	45.9	1009.8	0.00	0.0	877	6.29	900	7.7	0.28	7.8	0.000	0.046	26.3	52	15.6	26.4	9.46	1.1548	0.00	115	1	100.0	5
03/03/20	12:40 p	31.7	31.8	31.7	74	26.5	4.9	NNW	1.48	8.0	NNW	31.5	41.1	40.8	46.8	1009.6	0.00	0.0	807	5.78	831	7.1	0.25	7.3	0.000	0.046	26.3	51	15.3	26.4	9.35	1.1550	0.00	114	1	100.0	5
03/03/20	12:45 p	31.7	31.7	31.6	75	26.7	4.9	N	1.48	8.9	NNE	31.4	41.2	41.0	46.7	1009.6	0.00	0.0	671	4.81	731	6.2	0.22	6.5	0.000	0.046	26.3	51	15.3	26.4	9.35	1.1550	0.00	114	1	100.0	5
03/03/20	12:50 p	31.3	31.7	31.3	75	26.3	4.9	N	1.48	9.8	N	31.0	40.1	39.8	45.2	1009.5	0.00	0.0	606	4.34	670	5.6	0.20	5.8	0.000	0.045	26.3	50	15.0	26.3	9.16	1.1553	0.00	117	1	100.0	5
03/03/20	12:55 p	31.0	31.2	31.0	75	26.0	4.5	NW	1.34	7.2	N	30.8	39.2	39.0	44.2	1009.4	0.00	0.0	554	3.97	582	5.3	0.19	5.7	0.000	0.044	26.3	54	16.2	26.6	9.76	1.1535	0.00	116	1	100.0	5
03/03/20	1:00 p	30.7	31.0	30.7	77	26.2	4.9	NNW	1.48	8.9	NNE	30.2	38.9	38.4	43.3	1009.3	0.00	0.0	513	3.68	527	4.9	0.17	5.0	0.000	0.043	26.3	55	16.6	26.7	9.87	1.1527	0.58	116	1	100.0	5
03/03/20	1:05 p	30.9	30.9	30.7	77	26.4	4.0	NW	1.21	6.7	NW	30.7	39.6	39.4	44.6	1009.2	0.00	0.0	512	3.67	552	4.9	0.17	5.1	0.000	0.044	26.4	53	16.0	26.6	9.65	1.1531	0.00	117	1	100.0	5
03/03/20	1:10 p	30.9	30.9	30.8	76	26.2	4.5	NNW	1.34	8.9	NNW	30.7	39.4	39.1	44.9	1009.1	0.00	0.0	652	4.67	747	5.5	0.20	5.8	0.000	0.044	26.4	52	15.7	26.6	9.46	1.1534	0.00	116	1	100.0	5
03/03/20	1:15 p	31.0	31.0	30.9	76	26.3	4.9	N	1.48	9.4	NNE	30.7	39.6	39.2	45.2	1009.0	0.00	0.0	784	5.62	831	5.8	0.21	6.0	0.000	0.044	26.3	51	15.4	26.4	9.35	1.1540	0.00	114	1	100.0	5
03/03/20	1:20 p	31.1	31.2	31.0	76	26.4	4.9	NNW	1.48	7.6	NNW	30.8	39.9	39.6	45.3	1008.9	0.00	0.0	701	5.02	744	5.3	0.19	5.5	0.000	0.044	26.3	50	15.1	26.4	9.16	1.1543	0.00	114	1	100.0	5
03/03/20	1:25 p	30.7	31.2	30.7	76	26.0	4.9	NNW	1.48	9.4	NNE	30.3	38.7	38.3	43.0	1008.9	0.00	0.0	492	3.53	555	4.4	0.16	4.7	0.000	0.043	26.4	53	16.0	26.6	9.65	1.1528	0.00	117	1	100.0	5
03/03/20	1:30 p	30.7	30.8	30.7	76	26.0	4.0	NNW	1.21	8.0	N	30.5	38.7	38.5	43.3	1008.8	0.00	0.0	457	3.28	468	4.1	0.15	4.1	0.000	0.043	26.4	56	17.0	26.8	10.07	1.1512	0.00	115	1	100.0	5
03/03/20	1:35 p	30.6	30.7	30.5	77	26.1	4.5	NNW	1.34	7.2	NNE	30.2	38.6	38.2	42.7	1008.8	0.00	0.0	443	3.18	461	3.9	0.14	4.0	0.000	0.042	26.5	54	16.4	26.8	9.76	1.1517	0.00	117	1	100.0	5
03/03/20	1:40 p	30.3	30.5	30.3	77	25.8	4.0	NW	1.21	7.2	NW	30.1	37.9	37.7	42.1	1008.7	0.00	0.0	413	2.96	429	3.6	0.13	3.7	0.000	0.042	26.6	52	15.9	26.8	9.45	1.1522	0.00	116	1	100.0	5
03/03/20	1:45 p	30.1	30.3	30.1	79	26.0	4.5	NNW	1.34	8.5	NNW	29.6	37.6	37.2	41.1	1008.6	0.00	0.0	380	2.72	390	3.3	0.12	3.4	0.000	0.041	26.5	51	15.5	26.6	9.35	1.1527	0.00	115	1	100.0	5
03/03/20	1:50 p	30.1	30.2	30.1	78	25.8	4.0	NNW	1.21	8.0	NW	29.8	37.5	37.2	41.5	1008.5	0.00	0.0	390	2.80	397	3.3	0.12	3.3	0.000	0.041	26.4	50	15.2	26.5	9.16	1.1533	0.00	112	1	98.2	5
03/03/20	1:55 p	30.1	30.1	30.1	78	25.8	3.6	NNW	1.07	7.6	NW	30.0	37.5	37.4	41.7	1008.5	0.00	0.0	374	2.68	380	3.1	0.11	3.1	0.000	0.041	26.5	50	15.2	26.6	9.16	1.1529	0.00	113	1	99.1	5
03/03/20	2:00 p	30.4	30.4	30.1	78	26.2	3.1	NNW	0.94	8.9	NNW	30.4	38.5	38.5	43.1	1008.5	0.00	0.0	383	2.75	399	3.1	0.11	3.1	0.000	0.042	26.5	54	16.4	26.8	9.76	1.1513	0.38	117	1	100.0	5
03/03/20	2:05 p	30.1	30.4	30.1	78	25.8	5.4	N	1.61	8.9	N	29.4	37.3	36.7	40.8	1008.6	0.00	0.0	415	2.97	422	3.1	0.11	3.2	0.000	0.041	26.6	56	17.1	27.0	10.06	1.1504	0.00	117	1	100.0	5
03/03/20	2:10 p	29.9	30.0	29.9	78	25.6	5.4	NNW	1.61	8.5	N	29.2	36.9	36.2	40.3	1008.6	0.00	0.0	408	2.92	417	3.1	0.11	3.1	0.000	0.040	26.6	55	16.8	27.0	9.85	1.1505	0.00	117	1	100.0	5
03/03/20	2:15 p	29.9	30.0	29.9	79	25.9	4.9	NNW	1.48	8.0	NNW	29.4	37.3	36.7	41.0	1008.5	0.00	0.0	410	2.94	425	3.0	0.11	3.1	0.000	0.040	26.6	53	16.2	26.8	9.65	1.1515	0.00	116	1	100.0	5
03/03/20	2:20 p	29.8	29.9	29.8	79	25.8	5.4	N	1.61	8.0	N	29.1	37.0	36.3	40.3	1008.3	0.00	0.0	394	2.82	401	2.9	0.10	2.9	0.000	0.040	26.6	51	15.6	26.7	9.35	1.1521	0.00	115	1	100.0	5
03/03/20	2:25 p	29.8	29.9	29.8	79	25.8	4.9	NNW	1.48	8.9	NNW	29.2	37.0	36.4	40.5	1008.3	0.00	0.0	381	2.73	383	2.7	0.10	2.8	0.000	0.040	26.6	51	15.6	26.7	9.35	1.1521	0.00	113	1	99.1	5
03/03/20	2:30 p	29.9	29.9	29.8	80	26.1	4.5	N	1.34	9.4	N	29.4	37.4	36.9	41.4	1008.4	0.00	0.0	402	2.88	410	2.7	0.10	2.7	0.000	0.040	26.6	52	15.9	26.8	9.45	1.1517	0.00	114	1	100.0	5
03/03/20	2:35 p	29.8	30.0	29.8	80	26.0	4.9	N	1.48	8.5	N	29.2	37.3	36.7	40.9	1008.4	0.00	0.0	388	2.78	399	2.5	0.09	2.6	0.000	0.040	26.6	55	16.8	26.9	9.86	1.1506	0.00	117	1	100.0	5
03/03/20	2:40 p	29.8	29.9	29.8	80	26.0	4.5	NNW	1.34	7.6	N	29.3	37.1	36.7	40.9	1008.4	0.00	0.0	362	2.59	369	2.4	0.09	2.4	0.000	0.040	26.7	58	17.7	27.2	10.35	1.1487	0.00	117	1	100.0	5
03/03/20	2:45 p	29.9	29.9	29.8	79	25.8	4.0	N	1.21	8.5	NNW	29.6	37.2	36.9	41.4	1008.3	0.00	0.0	375	2.69	397	2.3	0.08	2.3	0.000	0.040	26.7	57	17.5	27.2	10.15	1.1488	0.00	117	1	100.0	5
03/03/20	2:50 p	29.9	29.9	29.9	79	25.9	4.5	NNW	1.34	8.5	NNW	29.5	37.3	36.8	41.3	1008.4	0.00	0.0	373	2.67	385	2.2	0.08	2.2	0.000	0.040	26.7	56	17.2	27.2	10.05	1.1493	0.00	116	1	100.0	5
03/03/20	2:55 p	30.0	30.0	29.9	80	26.2	4.0	N	1.21	7.2	NNW	29.7	37.7	37.4	42.0	1008.3	0.00	0.0	361	2.59	367	2.1	0.07	2.1	0.000	0.041	26.7	54	16.6	27.0	9.75	1.1503	0.00	114	1	100.0	5
03/03/20	3:00 p	29.8	30.1	29.8	78	25.6	4.9	N	1.48	8.9	N	29.2	36.7	36.1	40.6	1008.4	0.00	0.0	384	2.75	390	2.0	0.07	2.0	0.000	0.040	26.6	52	15.9	26.8	9.45	1.1515	0.33	113	1	99.1	5
03/03/20	3:05 p	29.9	30.0	29.8	78	25.7	4.5	NNW	1.34	8.5	N	29.5	37.1	36.6	41.3	1008.3	0.00	0.0	386	2.77	396	1.9	0.07	2.0	0.000	0.040	26.6	52	15.9	26.8	9.45	1.1514	0.00	115	1	100.0	5
03/03/20	3:10 p	29.9	29.9	29.9	78	25.7	4.0	NNW	1.21	8.0	NNW	29.7	37.1	36.8	41.5	1008.2	0.00	0.0	361	2.59	371	1.8	0.06	1.8	0.000	0.040	26.6	53	16.2	26.8	9.65	1.1512	0.00	117	1	100.0	5
03/03/20	3:15 p	30.0	30.0	29.9	79	26.0	4.0	NNW	1.21	6.7	NNW	29.7	37.4	37.2	41.8	1008.4	0.00	0.0	347	2.49	353	1.6	0.06	1.7	0.000	0.041	26.6	56	17.1	27.1	10.05	1.1498	0.00	116	1	100.0	5
03/03/20	3:20 p	29.9	30.1	29.9	78	25.6	4.5	N	1.34	7.6	N	29.4	36.9	36.4	40.7	1008.4	0.00	0.0	315	2.26	332	1.5	0.05	1.5	0.000	0.040	26.7	57	17.4	27.2	10.15	1.1491	0.00	116	1	100.0	5
03/03/20	3:25 p	29.7	29.9	29.7	79	25.7	4.5	N	1.34	6.7	N	29.3	36.7	36.2	40.1	1008.4	0.00	0.0	286	2.05	299	1.3	0.05	1.4	0.000	0.040	26.6	54	16.5	26.9	9.75	1.1506	0.00	116	1	100.0	5
03/03/20	3:30 p	29.6	29.7	29.6	79	25.6	4.0	NNW	1.21	9.8	NNW	29.3	36.4	36.1	39.8	1008.5	0.00	0.0	257	1.84	271	1.2	0.04	1.2	0.000	0.039	26.6	53	16.2	26.8	9.65	1.1515	0.00	114	1	100.0	5
03/03/20	3:35 p	29.6	29.6	29.5	80	25.7	4.0	N	1.21	8.0	N	29.2	36.5	36.2	39.7	1008.3	0.00	0.0	233	1.67	243	1.1	0.04	1.1	0.000	0.039	26.5	52	15.8	26.7	9.46	1.1520	0.00	114	1	100.0	5
03/03/20	3:40 p	29.4	29.6	29.4	80	25.6	4.5	NNW	1.34	8.0	NNW	28.9	36.2	35.7	38.9	1008.4	0.00	0.0	219	1.57	223	0.9	0.03	1.0	0.000	0.039	26.4	50	15.2	26.5	9.16	1.1531	0.00	117	1	100.0	5
03/03/20	3:45 p	29.3	29.4	29.3	81	25.7	3.6	N	1.07	6.7	NNE	29.2	36.1	36.0	39.4	1008.5	0.00	0.0	207	1.48	209	0.9	0.03	0.9	0.000	0.038	26.3	52	15.7	26.5	9.46	1.1530	0.00	115	1	100.0	5
03/03/20	3:50 p	29.3	29.3	29.3	81	25.7	4.0	N	1.21	7.6	N	29.0	36.1	35.8	39.0	1008.6	0.00	0.0	203	1.46	206	0.8	0.03	0.8	0.000	0.038	26.3	55	16.6	26.7	9.87	1.1519	0.00	115	1	100.0	5
03/03/20	3:55 p	29.2	29.3	29.1	81	25.6	4.9	N	1.48	8.5	N	28.5	35.6	34.9	37.9	1008.7	0.00	0.0	194	1.39	200	0.7	0.03	0.7	0.000	0.038	26.4	57	17.2	26.9	10.17	1.1507	0.00	114	1	100.0	5
03/03/20	4:00 p	29.1	29.2	29.1	81	25.5	4.9	N	1.48	9.4	NE	28.3	35.3	34.6	37.4	1008.6	0.00	0.0	178	1.28	185	0.6	0.02	0.6	0.000	0.037	26.4	54	16.4	26.7	9.76	1.1518	0.23	114	1	100.0	5
03/03/20	4:05 p	29.1	29.1	29.0	82	25.7	4.0	NNW	1.21	7.6	N	28.7	35.6	35.2	38.0	1008.7	0.00	0.0	166	1.19	171	0.5	0.02	0.6	0.000	0.037	26.4	53	16.0	26.6	9.65	1.1525	0.00	113	1	99.1	5
03/03/20	4:10 p	29.1	29.1	29.1	81	25.5	3.6	N	1.07	7.2	N	28.9	35.5	35.3	38.1	1008.7	0.00	0.0	154	1.10	162	0.3	0.01	0.5	0.000	0.037	26.3	51	15.3	26.4	9.35	1.1539	0.00	113	1	99.1	5
03/03/20	4:15 p	29.0	29.1	28.9	82	25.6	4.0	N	1.21	8.0	N	28.6	35.4	35.0	37.7	1008.8	0.00	0.0	152	1.09	156	0.0	0.00	0.0	0.000	0.037	26.3	56	16.8	26.6	10.08	1.1521	0.00	116	1	100.0	5
03/03/20	4:20 p	28.9	29.0	28.9	82	25.6	4.5	NNW	1.34	7.6	N	28.3	35.2	34.6	37.1	1008.8	0.00	0.0	140	1.00	153	0.0	0.00	0.0	0.000	0.037	26.3	53	15.9	26.5	9.65	1.1532	0.00	118	1	100.0	5
03/03/20	4:25 p	28.9	28.9	28.9	82	25.5	4.0	NNW	1.21	8.9	NNW	28.5	35.1	34.7	37.3	1008.8	0.00	0.0	139	1.00	144	0.0	0.00	0.0	0.000	0.037	26.2	53	15.8	26.3	9.65	1.1539	0.00	117	1	100.0	5
03/03/20	4:30 p	28.8	28.9	28.8	82	25.5	4.5	N	1.34	7.2	N	28.2	34.9	34.3	36.9	1008.9	0.00	0.0	140	1.00	142	0.0	0.00	0.0	0.000	0.036	26.1	52	15.4	26.2	9.47	1.1549	0.00	117	1	100.0	5
03/03/20	4:35 p	28.8	28.8	28.8	82	25.4	4.0	N	1.21	7.2	NNE	28.4	34.8	34.4	36.6	1009.0	0.00	0.0	118	0.85	135	0.0	0.00	0.0	0.000	0.036	26.1	56	16.6	26.4	10.09	1.1534	0.00	115	1	100.0	5
03/03/20	4:40 p	28.7	28.8	28.7	82	25.3	4.0	NNE	1.21	6.7	NNE	28.3	34.6	34.2	35.9	1009.0	0.00	0.0	89	0.64	98	0.0	0.00	0.0	0.000	0.036	26.1	54	16.0	26.3	9.77	1.1542	0.00	111	1	97.4	5
03/03/20	4:45 p	28.6	28.7	28.6	82	25.2	4.0	N	1.21	7.6	N	28.2	34.3	33.9	35.3	1009.0	0.00	0.0	70	0.50	77	0.0	0.00	0.0	0.000	0.036	26.1	53	15.7	26.2	9.65	1.1546	0.00	116	1	100.0	5
03/03/20	4:50 p	28.6	28.6	28.6	83	25.4	3.1	NNW	0.94	5.4	NNW	28.6	34.4	34.4	35.5	1008.9	0.00	0.0	55	0.39	62	0.0	0.00	0.0	0.000	0.035	26.0	52	15.4	26.1	9.47	1.1552	0.00	116	1	100.0	5
03/03/20	4:55 p	28.5	28.6	28.5	83	25.3	2.7	N	0.80	6.7	NNW	28.5	34.2	34.2	35.1	1009.0	0.00	0.0	46	0.33	49	0.0	0.00	0.0	0.000	0.035	25.9	53	15.6	26.1	9.65	1.1552	0.00	115	1	100.0	5
03/03/20	5:00 p	28.4	28.5	28.4	84	25.4	4.0	N	1.21	7.6	NNW	27.9	34.1	33.7	34.2	1009.0	0.00	0.0	35	0.25	40	0.0	0.00	0.0	0.000	0.035	25.9	56	16.5	26.2	10.10	1.1540	0.10	116	1	100.0	5
03/03/20	5:05 p	28.3	28.4	28.3	84	25.3	3.6	NNW	1.07	7.6	NNW	28.1	33.8	33.7	33.3	1009.0	0.00	0.0	23	0.16	26	0.0	0.00	0.0	0.000	0.035	25.9	56	16.5	26.2	10.10	1.1541	0.00	116	1	100.0	5
03/03/20	5:10 p	28.1	28.2	28.1	85	25.3	3.1	NNE	0.94	5.8	NE	28.1	33.6	33.6	33.2	1009.1	0.00	0.0	17	0.12	19	0.0	0.00	0.0	0.000	0.034	25.9	53	15.6	26.1	9.65	1.1553	0.00	114	1	100.0	5
03/03/20	5:15 p	28.1	28.2	28.1	85	25.3	3.1	N	0.94	6.3	N	28.1	33.4	33.4	32.9	1009.0	0.00	0.0	10	0.07	12	0.0	0.00	0.0	0.000	0.034	25.9	55	16.2	26.1	9.91	1.1547	0.00	115	1	100.0	5
03/03/20	5:20 p	28.0	28.1	27.9	85	25.2	3.1	N	0.94	6.3	N	28.0	33.3	33.3	32.7	1009.0	0.00	0.0	3	0.02	5	0.0	0.00	0.0	0.000	0.034	25.9	55	16.2	26.1	9.91	1.1547	0.00	116	1	100.0	5
03/03/20	5:25 p	27.9	28.0	27.9	85	25.1	2.7	NNE	0.80	5.8	NE	27.9	33.0	33.0	32.4	1009.2	0.00	0.0	3	0.02	5	0.0	0.00	0.0	0.000	0.033	25.9	53	15.6	26.1	9.65	1.1557	0.00	117	1	100.0	5
03/03/20	5:30 p	27.9	27.9	27.9	85	25.2	3.1	N	0.94	6.7	NE	27.9	33.2	33.2	32.6	1009.2	0.00	0.0	0	0.00	0	0.0	0.00	0.0	0.000	0.033	25.8	53	15.5	25.9	9.65	1.1560	0.00	117	1	100.0	5
03/03/20	5:35 p	27.8	27.9	27.8	85	25.1	2.7	NNE	0.80	5.8	ENE	27.8	32.9	32.9	32.3	1009.2	0.00	0.0	0	0.00	0	0.0	0.00	0.0	0.000	0.033	25.8	55	16.1	26.1	9.91	1.1553	0.00	116	1	100.0	5
03/03/20	5:40 p	27.8	27.8	27.8	86	25.2	3.6	N	1.07	6.3	N	27.6	32.9	32.7	32.2	1009.2	0.00	0.0	0	0.00	0	0.0	0.00	0.0	0.000	0.033	25.8	55	16.1	26.1	9.91	1.1552	0.00	116	1	100.0	5
03/03/20	5:45 p	27.7	27.8	27.7	86	25.2	2.7	NNE	0.80	6.7	N	27.7	32.7	32.7	32.1	1009.3	0.00	0.0	0	0.00	0	0.0	0.00	0.0	0.000	0.033	25.8	54	15.8	25.9	9.78	1.1560	0.00	114	1	100.0	5
03/03/20	5:50 p	27.7	27.7	27.7	86	25.2	2.2	NNE	0.67	5.4	N	27.7	32.7	32.7	32.1	1009.3	0.00	0.0	0	0.00	0	0.0	0.00	0.0	0.000	0.033	25.7	52	15.1	25.7	9.49	1.1573	0.00	114	1	100.0	5
03/03/20	5:55 p	27.7	27.7	27.7	86	25.1	2.7	NNE	0.80	4.9	ENE	27.7	32.6	32.6	32.0	1009.5	0.00	0.0	0	0.00	0	0.0	0.00	0.0	0.000	0.032	25.6	53	15.3	25.7	9.65	1.1577	0.00	117	1	100.0	5
03/03/20	6:00 p	27.6	27.7	27.6	86	25.1	2.2	NNE	0.67	4.9	N	27.6	32.4	32.4	31.8	1009.5	0.00	0.0	0	0.00	0	0.0	0.00	0.0	0.000	0.032	25.6	54	15.6	25.7	9.79	1.1574	0.03	117	1	100.0	5
03/03/20	6:05 p	27.6	27.6	27.6	86	25.1	1.8	NNE	0.54	4.9	NNE	27.6	32.4	32.4	31.8	1009.5	0.00	0.0	0	0.00	0	0.0	0.00	0.0	0.000	0.032	25.4	51	14.6	25.4	9.35	1.1591	0.00	117	1	100.0	5
03/03/20	6:10 p	27.5	27.6	27.5	86	24.9	1.8	NNE	0.54	4.0	NE	27.5	32.2	32.2	31.5	1009.7	0.00	0.0	0	0.00	0	0.0	0.00	0.0	0.000	0.032	25.4	53	15.1	25.4	9.65	1.1588	0.00	117	1	100.0	5
03/03/20	6:15 p	27.5	27.6	27.5	86	24.9	2.2	NNE	0.67	4.5	NE	27.5	32.2	32.2	31.5	1009.7	0.00	0.0	0	0.00	0	0.0	0.00	0.0	0.000	0.032	25.4	52	14.8	25.4	9.50	1.1592	0.00	116	1	100.0	5
03/03/20	6:20 p	27.5	27.5	27.5	86	24.9	1.8	NNE	0.54	4.5	N	27.5	32.2	32.2	31.5	1009.8	0.00	0.0	0	0.00	0	0.0	0.00	0.0	0.000	0.032	25.3	50	14.2	25.3	9.20	1.1603	0.00	114	1	100.0	5
03/03/20	6:25 p	27.6	27.6	27.5	86	25.0	2.2	NNE	0.67	4.9	NNW	27.6	32.3	32.3	31.7	1009.7	0.00	0.0	0	0.00	0	0.0	0.00	0.0	0.000	0.032	25.2	52	14.7	25.3	9.50	1.1601	0.00	116	1	100.0	5
03/03/20	6:30 p	27.5	27.6	27.5	86	24.9	2.2	NNE	0.67	4.5	NNE	27.5	32.2	32.2	31.5	1009.8	0.00	0.0	0	0.00	0	0.0	0.00	0.0	0.000	0.032	25.3	53	15.0	25.3	9.65	1.1595	0.00	118	1	100.0	5
03/03/20	6:35 p	27.4	27.5	27.4	87	25.1	1.8	NE	0.54	3.6	ENE	27.4	32.2	32.2	31.6	1009.8	0.00	0.0	0	0.00	0	0.0	0.00	0.0	0.000	0.032	25.2	50	14.1	25.2	9.20	1.1609	0.00	117	1	100.0	5
03/03/20	6:40 p	27.4	27.5	27.4	87	25.1	1.8	NNE	0.54	3.6	NNE	27.4	32.2	32.2	31.6	1009.8	0.00	0.0	0	0.00	0	0.0	0.00	0.0	0.000	0.032	25.1	50	14.0	25.1	9.21	1.1614	0.00	117	1	100.0	5
03/03/20	6:45 p	27.4	27.4	27.4	87	25.1	1.8	NNE	0.54	4.9	NNE	27.4	32.2	32.2	31.6	1009.8	0.00	0.0	0	0.00	0	0.0	0.00	0.0	0.000	0.032	25.1	51	14.3	25.1	9.35	1.1611	0.00	117	1	100.0	5
03/03/20	6:50 p	27.3	27.4	27.3	87	25.0	1.8	NNE	0.54	3.1	NE	27.3	31.9	31.9	31.2	1009.9	0.00	0.0	0	0.00	0	0.0	0.00	0.0	0.000	0.031	25.2	51	14.3	25.2	9.35	1.1609	0.00	116	1	100.0	5
03/03/20	6:55 p	27.3	27.4	27.3	87	25.0	1.3	NE	0.40	3.1	NE	27.3	31.9	31.9	31.2	1010.0	0.00	0.0	0	0.00	0	0.0	0.00	0.0	0.000	0.031	25.2	52	14.7	25.3	9.50	1.1604	0.00	114	1	100.0	5
03/03/20	7:00 p	27.3	27.4	27.3	87	25.0	1.8	NE	0.54	3.1	NNE	27.3	31.9	31.9	31.2	1010.1	0.00	0.0	0	0.00	0	0.0	0.00	0.0	0.000	0.031	25.3	52	14.8	25.4	9.50	1.1599	0.03	116	1	100.0	5
03/03/20	7:05 p	27.2	27.3	27.2	87	24.9	1.3	NNE	0.40	3.1	NE	27.2	31.6	31.6	30.9	1010.2	0.00	0.0	0	0.00	0	0.0	0.00	0.0	0.000	0.031	25.4	53	15.2	25.6	9.65	1.1592	0.00	117	1	100.0	5
03/03/20	7:10 p	27.2	27.3	27.2	88	25.1	2.2	NE	0.67	4.5	NE	27.2	31.7	31.7	31.1	1010.3	0.00	0.0	0	0.00	0	0.0	0.00	0.0	0.000	0.031	25.6	54	15.6	25.7	9.79	1.1582	0.00	117	1	100.0	5
03/03/20	7:15 p	27.2	27.3	27.2	88	25.1	1.8	NNE	0.54	3.6	NNE	27.2	31.7	31.7	31.1	1010.4	0.00	0.0	0	0.00	0	0.0	0.00	0.0	0.000	0.031	25.7	57	16.5	25.9	10.22	1.1567	0.00	117	1	100.0	5
03/03/20	7:20 p	27.2	27.2	27.2	88	25.0	1.3	NNE	0.40	2.7	NE	27.2	31.6	31.6	30.9	1010.5	0.00	0.0	0	0.00	0	0.0	0.00	0.0	0.000	0.031	25.8	60	17.5	26.3	10.81	1.1548	0.00	117	1	100.0	5
03/03/20	7:25 p	27.1	27.2	27.1	88	25.0	1.3	NE	0.40	2.7	NE	27.1	31.4	31.4	30.8	1010.4	0.00	0.0	0	0.00	0	0.0	0.00	0.0	0.000	0.030	25.9	61	17.8	26.5	10.98	1.1537	0.00	115	1	100.0	5
03/03/20	7:30 p	27.1	27.2	27.1	88	25.0	1.8	NE	0.54	3.1	NE	27.1	31.4	31.4	30.8	1010.5	0.00	0.0	0	0.00	0	0.0	0.00	0.0	0.000	0.030	26.1	63	18.5	26.8	11.37	1.1524	0.00	114	1	100.0	5
03/03/20	7:35 p	27.1	27.1	27.1	88	24.9	1.3	NNE	0.40	3.1	NE	27.1	31.3	31.3	30.6	1010.6	0.00	0.0	0	0.00	0	0.0	0.00	0.0	0.000	0.030	26.1	64	18.8	26.9	11.57	1.1519	0.00	118	1	100.0	5
03/03/20	7:40 p	27.1	27.1	27.0	88	24.9	1.3	NNE	0.40	2.7	NE	27.1	31.3	31.3	30.6	1010.6	0.00	0.0	0	0.00	0	0.0	0.00	0.0	0.000	0.030	26.2	65	19.1	27.2	11.77	1.1509	0.00	117	1	100.0	5
03/03/20	7:45 p	27.0	27.1	27.0	88	24.8	1.8	NNE	0.54	4.0	NE	27.0	31.2	31.2	30.5	1010.7	0.00	0.0	0	0.00	0	0.0	0.00	0.0	0.000	0.030	26.3	66	19.4	27.4	11.96	1.1503	0.00	117	1	100.0	5
03/03/20	7:50 p	26.9	27.0	26.9	89	25.0	1.8	NNE	0.54	3.6	NNE	26.9	31.2	31.2	30.5	1010.7	0.00	0.0	0	0.00	0	0.0	0.00	0.0	0.000	0.030	26.3	66	19.5	27.5	11.96	1.1501	0.00	117	1	100.0	5
03/03/20	7:55 p	26.9	27.0	26.9	89	25.0	1.8	NNE	0.54	4.0	NNE	26.9	31.2	31.2	30.5	1010.9	0.00	0.0	0	0.00	0	0.0	0.00	0.0	0.000	0.030	26.4	66	19.5	27.6	11.96	1.1499	0.00	116	1	100.0	5
03/03/20	8:00 p	26.9	27.0	26.9	89	25.0	1.8	NNE	0.54	4.0	N	26.9	31.2	31.2	30.5	1010.9	0.00	0.0	0	0.00	0	0.0	0.00	0.0	0.000	0.030	26.4	67	19.8	27.7	12.16	1.1492	0.03	115	1	100.0	5
03/03/20	8:05 p	26.9	26.9	26.9	89	25.0	1.3	NNE	0.40	2.2	NNE	26.9	31.2	31.2	30.5	1011.0	0.00	0.0	0	0.00	0	0.0	0.00	0.0	0.000	0.030	26.4	67	19.8	27.7	12.16	1.1493	0.00	113	1	99.1	5
03/03/20	8:10 p	26.9	26.9	26.9	89	25.0	1.8	NE	0.54	4.0	NNE	26.9	31.2	31.2	30.5	1011.0	0.00	0.0	0	0.00	0	0.0	0.00	0.0	0.000	0.030	26.5	67	19.9	27.8	12.16	1.1491	0.00	117	1	100.0	5
03/03/20	8:15 p	26.9	27.0	26.9	89	25.0	1.8	NE	0.54	3.1	NE	26.9	31.2	31.2	30.5	1011.0	0.00	0.0	0	0.00	0	0.0	0.00	0.0	0.000	0.030	26.5	67	19.9	27.8	12.16	1.1491	0.00	116	1	100.0	5
03/03/20	8:20 p	26.9	26.9	26.9	89	25.0	1.8	NNE	0.54	3.6	NNE	26.9	31.2	31.2	30.5	1011.2	0.00	0.0	0	0.00	0	0.0	0.00	0.0	0.000	0.030	26.6	67	19.9	27.9	12.15	1.1490	0.00	117	1	100.0	5
03/03/20	8:25 p	26.9	26.9	26.9	89	25.0	1.8	NNE	0.54	3.6	NNE	26.9	31.2	31.2	30.5	1011.0	0.00	0.0	0	0.00	0	0.0	0.00	0.0	0.000	0.030	26.6	68	20.2	28.0	12.36	1.1484	0.00	117	1	100.0	5
03/03/20	8:30 p	26.9	26.9	26.9	89	25.0	1.8	NE	0.54	4.0	NE	26.9	31.2	31.2	30.5	1011.2	0.00	0.0	0	0.00	0	0.0	0.00	0.0	0.000	0.030	26.6	68	20.2	28.1	12.35	1.1483	0.00	116	1	100.0	5
03/03/20	8:35 p	26.9	26.9	26.9	88	24.7	1.8	NNE	0.54	4.0	NE	26.9	30.9	30.9	30.2	1011.2	0.00	0.0	0	0.00	0	0.0	0.00	0.0	0.000	0.030	26.6	68	20.2	28.1	12.35	1.1483	0.00	114	1	100.0	5
03/03/20	8:40 p	26.9	26.9	26.8	89	24.9	1.8	NE	0.54	3.6	NE	26.9	31.0	31.0	30.3	1011.3	0.00	0.0	0	0.00	0	0.0	0.00	0.0	0.000	0.030	26.6	68	20.2	28.1	12.35	1.1484	0.00	116	1	100.0	5
03/03/20	8:45 p	26.8	26.9	26.8	89	24.9	1.8	NNE	0.54	3.6	N	26.8	30.9	30.9	30.2	1011.4	0.00	0.0	0	0.00	0	0.0	0.00	0.0	0.000	0.030	26.6	69	20.5	28.2	12.55	1.1481	0.00	118	1	100.0	5
03/03/20	8:50 p	26.8	26.9	26.8	89	24.9	1.8	NNE	0.54	3.6	NNE	26.8	30.9	30.9	30.2	1011.4	0.00	0.0	0	0.00	0	0.0	0.00	0.0	0.000	0.030	26.7	70	20.7	28.4	12.85	1.1474	0.00	117	1	100.0	5
03/03/20	8:55 p	26.8	26.8	26.8	89	24.9	2.2	NE	0.67	5.8	NNE	26.8	30.9	30.9	30.2	1011.4	0.00	0.0	0	0.00	0	0.0	0.00	0.0	0.000	0.030	26.7	70	20.8	28.5	12.84	1.1472	0.00	117	1	100.0	5
03/03/20	9:00 p	26.8	26.8	26.8	89	24.9	1.8	NE	0.54	3.6	ENE	26.8	30.9	30.9	30.2	1011.6	0.00	0.0	0	0.00	0	0.0	0.00	0.0	0.000	0.030	26.7	70	20.8	28.5	12.84	1.1473	0.03	117	1	100.0	5
03/03/20	9:05 p	26.8	26.8	26.8	89	24.9	1.8	NNE	0.54	3.6	ENE	26.8	30.9	30.9	30.2	1011.5	0.00	0.0	0	0.00	0	0.0	0.00	0.0	0.000	0.030	26.8	70	20.8	28.6	12.84	1.1469	0.00	115	1	100.0	5
03/03/20	9:10 p	26.8	26.8	26.8	89	24.8	1.8	NE	0.54	2.7	NE	26.8	30.7	30.7	30.1	1011.7	0.00	0.0	0	0.00	0	0.0	0.00	0.0	0.000	0.029	26.7	71	21.0	28.6	13.05	1.1470	0.00	114	1	100.0	5
03/03/20	9:15 p	26.8	26.8	26.8	89	24.8	1.8	NNE	0.54	4.0	NE	26.8	30.7	30.7	30.1	1011.7	0.00	0.0	0	0.00	0	0.0	0.00	0.0	0.000	0.029	26.8	71	21.1	28.7	13.04	1.1468	0.00	117	1	100.0	5
03/03/20	9:20 p	26.7	26.8	26.7	89	24.8	1.8	NE	0.54	3.1	NE	26.7	30.6	30.6	29.9	1011.8	0.00	0.0	0	0.00	0	0.0	0.00	0.0	0.000	0.029	26.8	71	21.1	28.7	13.04	1.1468	0.00	117	1	100.0	5
03/03/20	9:25 p	26.8	26.8	26.8	89	24.8	1.3	NE	0.40	2.2	NE	26.8	30.7	30.7	30.1	1011.8	0.00	0.0	0	0.00	0	0.0	0.00	0.0	0.000	0.029	26.8	71	21.1	28.8	13.04	1.1465	0.00	117	1	100.0	5
03/03/20	9:30 p	26.8	26.8	26.7	89	24.8	1.8	NNE	0.54	3.6	NNE	26.8	30.7	30.7	30.1	1011.8	0.00	0.0	0	0.00	0	0.0	0.00	0.0	0.000	0.029	26.8	71	21.1	28.8	13.04	1.1465	0.00	117	1	100.0	5
03/03/20	9:35 p	26.8	26.8	26.7	89	24.8	1.8	NE	0.54	4.5	NE	26.8	30.7	30.7	30.1	1011.8	0.00	0.0	0	0.00	0	0.0	0.00	0.0	0.000	0.029	26.8	71	21.1	28.8	13.04	1.1465	0.00	116	1	100.0	5
03/03/20	9:40 p	26.8	26.8	26.8	89	24.8	1.3	NE	0.40	4.0	NE	26.8	30.7	30.7	30.1	1011.9	0.00	0.0	0	0.00	0	0.0	0.00	0.0	0.000	0.029	26.8	71	21.1	28.8	13.04	1.1466	0.00	115	1	100.0	5
03/03/20	9:45 p	26.8	26.8	26.7	89	24.8	1.3	NE	0.40	2.7	NNE	26.8	30.7	30.7	30.1	1011.9	0.00	0.0	0	0.00	0	0.0	0.00	0.0	0.000	0.029	26.8	71	21.1	28.8	13.04	1.1466	0.00	114	1	100.0	5
03/03/20	9:50 p	26.8	26.8	26.7	89	24.8	1.8	NE	0.54	4.5	NE	26.8	30.7	30.7	30.1	1012.0	0.00	0.0	0	0.00	0	0.0	0.00	0.0	0.000	0.029	26.9	71	21.2	28.9	13.03	1.1464	0.00	118	1	100.0	5
03/03/20	9:55 p	26.7	26.7	26.7	89	24.8	1.8	NE	0.54	4.0	NE	26.7	30.6	30.6	29.9	1012.0	0.00	0.0	0	0.00	0	0.0	0.00	0.0	0.000	0.029	26.9	71	21.2	28.9	13.03	1.1465	0.00	117	1	100.0	5
03/03/20	10:00 p	26.7	26.7	26.6	89	24.7	1.8	NE	0.54	3.1	NNE	26.7	30.4	30.4	29.8	1012.0	0.00	0.0	0	0.00	0	0.0	0.00	0.0	0.000	0.029	26.9	71	21.2	28.9	13.03	1.1464	0.03	116	1	100.0	5
03/03/20	10:05 p	26.6	26.7	26.6	89	24.6	1.3	NE	0.40	3.1	NNE	26.6	30.3	30.3	29.7	1012.0	0.00	0.0	0	0.00	0	0.0	0.00	0.0	0.000	0.029	26.9	71	21.2	28.9	13.03	1.1465	0.00	116	1	100.0	5
03/03/20	10:10 p	26.6	26.7	26.6	90	24.8	1.3	NE	0.40	2.7	NE	26.6	30.4	30.4	29.8	1012.2	0.00	0.0	0	0.00	0	0.0	0.00	0.0	0.000	0.029	26.9	71	21.2	29.0	13.03	1.1463	0.00	116	1	100.0	5
03/03/20	10:15 p	26.6	26.7	26.6	89	24.6	1.8	NNE	0.54	3.6	NNE	26.6	30.3	30.3	29.7	1011.9	0.00	0.0	0	0.00	0	0.0	0.00	0.0	0.000	0.029	26.9	72	21.5	29.1	13.25	1.1457	0.00	114	1	100.0	5
03/03/20	10:20 p	26.6	26.6	26.6	89	24.6	1.8	NE	0.54	4.0	NE	26.6	30.3	30.3	29.7	1012.0	0.00	0.0	0	0.00	0	0.0	0.00	0.0	0.000	0.029	26.9	72	21.5	29.1	13.25	1.1457	0.00	116	1	100.0	5
03/03/20	10:25 p	26.6	26.6	26.6	89	24.6	1.3	NE	0.40	3.6	NNE	26.6	30.3	30.3	29.7	1012.0	0.00	0.0	0	0.00	0	0.0	0.00	0.0	0.000	0.029	26.9	72	21.5	29.1	13.25	1.1457	0.00	117	1	100.0	5
03/03/20	10:30 p	26.7	26.7	26.6	89	24.7	1.3	NNE	0.40	4.0	NNE	26.7	30.4	30.4	29.8	1012.0	0.00	0.0	0	0.00	0	0.0	0.00	0.0	0.000	0.029	26.9	72	21.5	29.1	13.25	1.1458	0.00	117	1	100.0	5
03/03/20	10:35 p	26.7	26.7	26.6	89	24.8	1.8	NNE	0.54	4.9	NE	26.7	30.6	30.6	29.9	1011.9	0.00	0.0	0	0.00	0	0.0	0.00	0.0	0.000	0.029	26.9	72	21.5	29.1	13.25	1.1456	0.00	117	1	100.0	5
03/03/20	10:40 p	26.7	26.7	26.7	89	24.8	1.8	NNE	0.54	4.0	NNE	26.7	30.6	30.6	29.9	1011.8	0.00	0.0	0	0.00	0	0.0	0.00	0.0	0.000	0.029	26.9	72	21.5	29.1	13.25	1.1455	0.00	117	1	100.0	5
03/03/20	10:45 p	26.7	26.8	26.7	89	24.8	1.8	NNE	0.54	3.6	NNE	26.7	30.6	30.6	29.9	1011.8	0.00	0.0	0	0.00	0	0.0	0.00	0.0	0.000	0.029	26.9	72	21.5	29.1	13.25	1.1455	0.00	115	1	100.0	5
03/03/20	10:50 p	26.8	26.8	26.7	89	24.8	1.3	NNE	0.40	3.1	E	26.8	30.7	30.7	30.1	1011.7	0.00	0.0	0	0.00	0	0.0	0.00	0.0	0.000	0.029	26.9	72	21.5	29.1	13.25	1.1454	0.00	115	1	100.0	5
03/03/20	10:55 p	26.7	26.8	26.7	89	24.8	1.8	NNE	0.54	4.5	NNE	26.7	30.6	30.6	29.9	1011.8	0.00	0.0	0	0.00	0	0.0	0.00	0.0	0.000	0.029	26.9	72	21.5	29.1	13.25	1.1455	0.00	117	1	100.0	5
03/03/20	11:00 p	26.7	26.7	26.7	89	24.8	1.3	NE	0.40	2.7	NE	26.7	30.6	30.6	29.9	1011.7	0.00	0.0	0	0.00	0	0.0	0.00	0.0	0.000	0.029	26.9	72	21.5	29.1	13.25	1.1454	0.03	117	1	100.0	5
03/03/20	11:05 p	26.7	26.7	26.7	89	24.7	0.9	NE	0.27	2.2	ENE	26.7	30.4	30.4	29.8	1011.7	0.00	0.0	0	0.00	0	0.0	0.00	0.0	0.000	0.029	27.0	72	21.5	29.2	13.25	1.1451	0.00	117	1	100.0	5
03/03/20	11:10 p	26.7	26.7	26.6	89	24.7	1.3	NE	0.40	2.7	NNE	26.7	30.4	30.4	29.8	1011.6	0.00	0.0	0	0.00	0	0.0	0.00	0.0	0.000	0.029	26.9	72	21.5	29.1	13.25	1.1452	0.00	116	1	100.0	5
03/03/20	11:15 p	26.7	26.7	26.7	89	24.7	1.3	NNE	0.40	3.1	NE	26.7	30.4	30.4	29.8	1011.4	0.00	0.0	0	0.00	0	0.0	0.00	0.0	0.000	0.029	27.0	72	21.5	29.2	13.25	1.1448	0.00	117	1	100.0	5
03/03/20	11:20 p	26.7	26.7	26.7	89	24.8	1.3	NNE	0.40	2.7	NNE	26.7	30.6	30.6	29.9	1011.4	0.00	0.0	0	0.00	0	0.0	0.00	0.0	0.000	0.029	27.0	72	21.5	29.2	13.25	1.1447	0.00	114	1	100.0	5
03/03/20	11:25 p	26.8	26.8	26.7	89	24.8	1.3	NE	0.40	2.7	NE	26.8	30.7	30.7	30.1	1011.3	0.00	0.0	0	0.00	0	0.0	0.00	0.0	0.000	0.029	27.0	72	21.5	29.2	13.25	1.1446	0.00	115	1	100.0	5
03/03/20	11:30 p	26.8	26.8	26.8	89	24.8	1.3	NE	0.40	3.1	NE	26.8	30.7	30.7	30.1	1011.2	0.00	0.0	0	0.00	0	0.0	0.00	0.0	0.000	0.029	27.0	72	21.5	29.2	13.25	1.1446	0.00	117	1	100.0	5
03/03/20	11:35 p	26.8	26.8	26.8	88	24.6	1.3	NE	0.40	2.7	NE	26.8	30.6	30.6	29.9	1011.2	0.00	0.0	0	0.00	0	0.0	0.00	0.0	0.000	0.029	27.0	72	21.5	29.2	13.25	1.1445	0.00	117	1	100.0	5
03/03/20	11:40 p	26.8	26.8	26.7	88	24.6	1.8	NNE	0.54	4.0	NNE	26.8	30.6	30.6	29.9	1011.0	0.00	0.0	0	0.00	0	0.0	0.00	0.0	0.000	0.029	27.0	72	21.5	29.2	13.25	1.1443	0.00	117	1	100.0	5
03/03/20	11:45 p	26.8	26.8	26.8	88	24.6	1.8	NE	0.54	3.6	N	26.8	30.6	30.6	29.9	1011.0	0.00	0.0	0	0.00	0	0.0	0.00	0.0	0.000	0.029	27.0	72	21.5	29.2	13.25	1.1443	0.00	117	1	100.0	5
03/03/20	11:50 p	26.7	26.8	26.7	88	24.6	1.3	NNE	0.40	3.1	NNE	26.7	30.5	30.5	29.8	1010.9	0.00	0.0	0	0.00	0	0.0	0.00	0.0	0.000	0.029	27.0	72	21.5	29.2	13.25	1.1442	0.00	116	1	100.0	5
03/03/20	11:55 p	26.7	26.7	26.7	89	24.7	1.3	NNE	0.40	3.1	NNE	26.7	30.4	30.4	29.8	1010.9	0.00	0.0	0	0.00	0	0.0	0.00	0.0	0.000	0.029	27.0	72	21.5	29.2	13.25	1.1442	0.00	114	1	100.0	5
